520	4601	3.000530879999	0.000530879999
520	4787	3.000600479997	0.000600479997
520	4926	3.000670079995	0.000670079995
520	5048	3.000739679993	0.000739679993
520	5895	6.000530879999	0.000530879999
520	6081	6.000600479997	0.000600479997
520	6220	6.000670079995	0.000670079995
520	6342	6.000739679993	0.000739679993
520	7189	9.000530879999	0.000530879999
520	7375	9.000600479997	0.000600479997
520	7514	9.000670079995	0.000670079995
520	7636	9.000739679993	0.000739679993
520	8483	12.000530879999	0.000530879999
520	8669	12.000600479997	0.000600479997
520	8808	12.000670079995	0.000670079995
520	8930	12.000739679993	0.000739679993
520	9777	15.000530879999	0.000530879999
520	9963	15.000600479997	0.000600479997
520	10102	15.000670079995	0.000670079995
520	10224	15.000739679993	0.000739679993
520	11071	18.000530879999	0.000530879999
520	11257	18.000600479997	0.000600479997
520	11396	18.000670079995	0.000670079995
520	11518	18.000739679993	0.000739679993
520	12365	21.000530879999	0.000530879999
520	12551	21.000600479997	0.000600479997
520	12690	21.000670079995	0.000670079995
520	12812	21.000739679993	0.000739679993
520	13659	24.000530879999	0.000530879999
520	13845	24.000600479997	0.000600479997
520	13984	24.000670079995	0.000670079995
520	14106	24.000739679993	0.000739679993
520	14953	27.000530879999	0.000530879999
520	15139	27.000600479997	0.000600479997
520	15278	27.000670079995	0.000670079995
520	15400	27.000739679993	0.000739679993
520	16247	30.000530879999	0.000530879999
520	16433	30.000600479997	0.000600479997
520	16572	30.000670079995	0.000670079995
520	16694	30.000739679993	0.000739679993
520	17541	33.000530879999	0.000530879999
520	17727	33.000600479997	0.000600479997
520	17866	33.000670079995	0.000670079995
520	17988	33.000739679993	0.000739679993
520	18835	36.000530879999	0.000530879999
520	19021	36.000600479997	0.000600479997
520	19160	36.000670079995	0.000670079995
520	19282	36.000739679993	0.000739679993
520	20129	39.000530879999	0.000530879999
520	20315	39.000600479997	0.000600479997
520	20454	39.000670079995	0.000670079995
520	20576	39.000739679993	0.000739679993
520	21423	42.000530879999	0.000530879999
520	21609	42.000600479997	0.000600479997
520	21748	42.000670079995	0.000670079995
520	21870	42.000739679993	0.000739679993
520	22717	45.000530879999	0.000530879999
520	22903	45.000600479997	0.000600479997
520	23042	45.000670079995	0.000670079995
520	23164	45.000739679993	0.000739679993
520	24011	48.000530879999	0.000530879999
520	24197	48.000600479997	0.000600479997
520	24336	48.000670079995	0.000670079995
520	24458	48.000739679993	0.000739679993
520	25305	51.000530879999	0.000530879999
520	25491	51.000600479997	0.000600479997
520	25630	51.000670079995	0.000670079995
520	25752	51.000739679993	0.000739679993
520	26599	54.000530879999	0.000530879999
520	26785	54.000600479997	0.000600479997
520	26924	54.000670079995	0.000670079995
520	27046	54.000739679993	0.000739679993
520	27893	57.000530879999	0.000530879999
520	28079	57.000600479997	0.000600479997
520	28218	57.000670079995	0.000670079995
520	28340	57.000739679993	0.000739679993
520	1732687	60.001144239984	0.001144239984
520	1733398	60.00131207998	0.00131207998
520	1733448	60.001332559979	0.001332559979
520	1733543	60.001353039978	0.001353039978
520	7105299	63.000861439976	0.000861439976
520	7105562	63.000881919975	0.000881919975
520	7106903	63.001135839991	0.001135839991
520	7107524	63.001205439989	0.001205439989
520	12478912	66.000861439122	0.000861439122
520	12479175	66.000881919121	0.000881919121
520	12480516	66.001135839137	0.001135839137
520	12481137	66.001205439135	0.001205439135
520	17852525	69.000861437843	0.000861437843
520	17852788	69.000881917842	0.000881917842
520	17854129	69.001135837857	0.001135837857
520	17854750	69.001205437855	0.001205437855
520	23226138	72.000861437258	0.000861437258
520	23226401	72.000881917257	0.000881917257
520	23227742	72.001135837273	0.001135837273
520	23228363	72.001205437271	0.001205437271
520	28599751	75.000861437258	0.000861437258
520	28600014	75.000881917257	0.000881917257
520	28601355	75.001135837273	0.001135837273
520	28601976	75.001205437271	0.001205437271
520	33973364	78.000861437258	0.000861437258
520	33973627	78.000881917257	0.000881917257
520	33974968	78.001135837273	0.001135837273
520	33975589	78.001205437271	0.001205437271
520	39346977	81.000861437258	0.000861437258
520	39347240	81.000881917257	0.000881917257
520	39348581	81.001135837273	0.001135837273
520	39349202	81.001205437271	0.001205437271
520	44720590	84.000861437258	0.000861437258
520	44720853	84.000881917257	0.000881917257
520	44722194	84.001135837273	0.001135837273
520	44722815	84.001205437271	0.001205437271
520	50094203	87.000861437258	0.000861437258
520	50094466	87.000881917257	0.000881917257
520	50095807	87.001135837273	0.001135837273
520	50096428	87.001205437271	0.001205437271
520	55468317	90.000861437258	0.000861437258
520	55468451	90.000881917257	0.000881917257
520	55469779	90.001135837273	0.001135837273
520	55470400	90.001205437271	0.001205437271
520	60841789	93.000861437258	0.000861437258
520	60842052	93.000881917257	0.000881917257
520	60843393	93.001135837273	0.001135837273
520	60844014	93.001205437271	0.001205437271
520	66215402	96.000861437258	0.000861437258
520	66215665	96.000881917257	0.000881917257
520	66217006	96.001135837273	0.001135837273
520	66217627	96.001205437271	0.001205437271
520	71589015	99.000861437258	0.000861437258
520	71589278	99.000881917257	0.000881917257
520	71590619	99.001135837273	0.001135837273
520	71591240	99.001205437271	0.001205437271
520	76962628	102.000861437258	0.000861437258
520	76962891	102.000881917257	0.000881917257
520	76964232	102.001135837273	0.001135837273
520	76964853	102.001205437271	0.001205437271
520	82336241	105.000861437258	0.000861437258
520	82336504	105.000881917257	0.000881917257
520	82337845	105.001135837273	0.001135837273
520	82338466	105.001205437271	0.001205437271
520	87709854	108.000861437258	0.000861437258
520	87710117	108.000881917257	0.000881917257
520	87711458	108.001135837273	0.001135837273
520	87712079	108.001205437271	0.001205437271
520	93083467	111.000861437258	0.000861437258
520	93083730	111.000881917257	0.000881917257
520	93085071	111.001135837273	0.001135837273
520	93085692	111.001205437271	0.001205437271
520	98457080	114.000861437258	0.000861437258
520	98457343	114.000881917257	0.000881917257
520	98458684	114.001135837273	0.001135837273
520	98459305	114.001205437271	0.001205437271
520	103830693	117.000861437258	0.000861437258
520	103830956	117.000881917257	0.000881917257
520	103832297	117.001135837273	0.001135837273
520	103832918	117.001205437271	0.001205437271
520	109281929	120.001223759963	0.001223759963
520	109282525	120.001331359956	0.001331359956
520	109285061	120.001845117268	0.001845117268
520	109285432	120.001914717266	0.001914717266
520	114656284	123.000789117264	0.000789117264
520	114657794	123.001164477257	0.001164477257
520	114659070	123.001424957254	0.001424957254
520	114661000	123.001838477269	0.001838477269
520	120031417	126.000791999982	0.000791999982
520	120032909	126.001157997264	0.001157997264
520	120034183	126.001418477261	0.001418477261
520	120036114	126.001838477269	0.001838477269
520	125406531	129.000791999982	0.000791999982
520	125408023	129.001157995831	0.001157995831
520	125409297	129.001418475828	0.001418475828
520	125411228	129.001838475835	0.001838475835
520	130781645	132.000791999982	0.000791999982
520	130783137	132.001157991535	0.001157991535
520	130784411	132.001418471532	0.001418471532
520	130786342	132.001838471539	0.001838471539
520	136156759	135.000791999982	0.000791999982
520	136158251	135.001157987239	0.001157987239
520	136159525	135.001418467236	0.001418467236
520	136161456	135.001838467243	0.001838467243
520	141531873	138.000791999982	0.000791999982
520	141533365	138.001157982943	0.001157982943
520	141534639	138.00141846294	0.00141846294
520	141536570	138.001838462947	0.001838462947
520	146906987	141.000791999982	0.000791999982
520	146908479	141.001157978783	0.001157978783
520	146909753	141.00141845878	0.00141845878
520	146911684	141.001838458787	0.001838458787
520	152282101	144.000791999982	0.000791999982
520	152283593	144.001157975923	0.001157975923
520	152284867	144.00141845592	0.00141845592
520	152286798	144.001838455926	0.001838455926
520	157657215	147.000791999982	0.000791999982
520	157658707	147.00115797278	0.00115797278
520	157659981	147.001418452777	0.001418452777
520	157661912	147.001838452785	0.001838452785
520	163032329	150.000791999982	0.000791999982
520	163033821	150.001157969566	0.001157969566
520	163035095	150.001418449563	0.001418449563
520	163037026	150.001838449569	0.001838449569
520	168407443	153.000791999982	0.000791999982
520	168408935	153.001157966348	0.001157966348
520	168410209	153.001418446345	0.001418446345
520	168412140	153.001838446352	0.001838446352
520	173782557	156.000791999982	0.000791999982
520	173784049	156.001157963133	0.001157963133
520	173785323	156.00141844313	0.00141844313
520	173787254	156.001838443137	0.001838443137
520	179157671	159.000791999982	0.000791999982
520	179159163	159.001157959917	0.001157959917
520	179160437	159.001418439914	0.001418439914
520	179162368	159.001838439921	0.001838439921
520	184532785	162.000791999982	0.000791999982
520	184534277	162.001157956701	0.001157956701
520	184535551	162.001418436698	0.001418436698
520	184537482	162.001838436704	0.001838436704
520	189907899	165.000791999982	0.000791999982
520	189909391	165.001157953485	0.001157953485
520	189910665	165.001418433482	0.001418433482
520	189912596	165.001838433488	0.001838433488
520	195283013	168.000791999982	0.000791999982
520	195284505	168.001157950268	0.001157950268
520	195285779	168.001418430265	0.001418430265
520	195287710	168.001838430272	0.001838430272
520	200658127	171.000791999982	0.000791999982
520	200659619	171.001157947053	0.001157947053
520	200660893	171.00141842705	0.00141842705
520	200662824	171.001838427056	0.001838427056
520	206033241	174.000791999982	0.000791999982
520	206034733	174.001157943836	0.001157943836
520	206036007	174.001418423833	0.001418423833
520	206037938	174.001838423839	0.001838423839
520	211408355	177.000791999982	0.000791999982
520	211409847	177.001157940621	0.001157940621
520	211411121	177.001418420618	0.001418420618
520	211413052	177.001838420625	0.001838420625
520	216783877	180.000791999982	0.000791999982
520	216787125	180.001322559969	0.001322559969
520	216789046	180.001654017403	0.001654017403
520	216792342	180.002660577401	0.002660577401
520	222163043	183.001000479983	0.001000479983
520	222164339	183.001231439983	0.001231439983
520	222166604	183.001666159965	0.001666159965
520	222168490	183.002153934186	0.002153934186
520	227539068	186.000864879987	0.000864879987
520	227540747	186.001219850961	0.001219850961
520	227543131	186.001670810947	0.001670810947
520	227544996	186.00215393097	0.00215393097
520	232915574	189.000864879987	0.000864879987
520	232917253	189.001219847745	0.001219847745
520	232919637	189.001670807731	0.001670807731
520	232921502	189.002153927754	0.002153927754
520	238292080	192.000864879987	0.000864879987
520	238293759	192.001219844529	0.001219844529
520	238296143	192.001670804515	0.001670804515
520	238298008	192.002153924538	0.002153924538
520	243668586	195.000864879987	0.000864879987
520	243670265	195.001219841313	0.001219841313
520	243672649	195.001670801299	0.001670801299
520	243674514	195.002153921323	0.002153921323
520	249045092	198.000864879987	0.000864879987
520	249046771	198.001219838097	0.001219838097
520	249049155	198.001670798083	0.001670798083
520	249051020	198.002153918106	0.002153918106
520	254421598	201.000864879987	0.000864879987
520	254423277	201.001219834881	0.001219834881
520	254425661	201.001670794867	0.001670794867
520	254427526	201.00215391489	0.00215391489
520	259798104	204.000864879987	0.000864879987
520	259799783	204.001219831664	0.001219831664
520	259802167	204.00167079165	0.00167079165
520	259804032	204.002153911674	0.002153911674
520	265174610	207.000864879987	0.000864879987
520	265176289	207.001219828448	0.001219828448
520	265178673	207.001670788434	0.001670788434
520	265180538	207.002153908458	0.002153908458
520	270551116	210.000864879987	0.000864879987
520	270552795	210.001219825232	0.001219825232
520	270555179	210.001670785218	0.001670785218
520	270557044	210.002153905241	0.002153905241
520	275927622	213.000864879987	0.000864879987
520	275929301	213.001219822016	0.001219822016
520	275931685	213.001670782002	0.001670782002
520	275933550	213.002153902025	0.002153902025
520	281304128	216.000864879987	0.000864879987
520	281305807	216.001219818658	0.001219818658
520	281308191	216.001670778644	0.001670778644
520	281310056	216.002153898668	0.002153898668
520	286680634	219.000864879987	0.000864879987
520	286682313	219.001219814833	0.001219814833
520	286684697	219.001670774819	0.001670774819
520	286686562	219.002153894842	0.002153894842
520	292057140	222.000864879987	0.000864879987
520	292058819	222.001219810924	0.001219810924
520	292061203	222.00167077091	0.00167077091
520	292063068	222.002153890933	0.002153890933
520	297433646	225.000864879987	0.000864879987
520	297435325	225.001219806862	0.001219806862
520	297437709	225.001670766848	0.001670766848
520	297439574	225.002153886871	0.002153886871
520	302810152	228.000864879987	0.000864879987
520	302811831	228.001219802747	0.001219802747
520	302814215	228.001670762733	0.001670762733
520	302816080	228.002153882755	0.002153882755
520	308186658	231.000864879987	0.000864879987
520	308188337	231.001219798603	0.001219798603
520	308190721	231.001670758589	0.001670758589
520	308192586	231.002153878612	0.002153878612
520	313563164	234.000864879987	0.000864879987
520	313564843	234.00121979446	0.00121979446
520	313567227	234.001670754446	0.001670754446
520	313569092	234.002153874468	0.002153874468
520	318939670	237.000864879987	0.000864879987
520	318941349	237.001219790317	0.001219790317
520	318943733	237.001670750303	0.001670750303
520	318945598	237.002153870325	0.002153870325
520	324318504	240.001209626181	0.001209626181
520	324318963	240.001307306169	0.001307306169
520	324320698	240.001676346181	0.001676346181
520	324326902	240.003160506179	0.003160506179
520	329700169	243.001490742	0.001490742
520	329700303	243.001511221999	0.001511221999
520	329701602	243.001764821995	0.001764821995
520	329705257	243.002665701964	0.002665701964
520	335076073	246.001290319954	0.001290319954
520	335076248	246.001310799953	0.001310799953
520	335080126	246.002160097898	0.002160097898
520	335082439	246.002660497893	0.002660497893
520	340453624	249.001290319954	0.001290319954
520	340453799	249.001310799953	0.001310799953
520	340457677	249.002160093755	0.002160093755
520	340459990	249.00266049375	0.00266049375
520	345831175	252.001290319954	0.001290319954
520	345831350	252.001310799953	0.001310799953
520	345835228	252.002160089611	0.002160089611
520	345837541	252.002660489606	0.002660489606
520	351208726	255.001290319954	0.001290319954
520	351208901	255.001310799953	0.001310799953
520	351212779	255.002160085468	0.002160085468
520	351215092	255.002660485463	0.002660485463
520	356586277	258.001290319954	0.001290319954
520	356586452	258.001310799953	0.001310799953
520	356590330	258.002160082684	0.002160082684
520	356592643	258.002660482679	0.002660482679
520	361963828	261.001290319954	0.001290319954
520	361964003	261.001310799953	0.001310799953
520	361967881	261.002160080576	0.002160080576
520	361970194	261.002660480571	0.002660480571
520	367341379	264.001290319954	0.001290319954
520	367341554	264.001310799953	0.001310799953
520	367345432	264.002160078469	0.002160078469
520	367347745	264.002660478464	0.002660478464
520	372718930	267.001290319954	0.001290319954
520	372719105	267.001310799953	0.001310799953
520	372722983	267.002160076361	0.002160076361
520	372725296	267.002660476356	0.002660476356
520	378096481	270.001290319954	0.001290319954
520	378096656	270.001310799953	0.001310799953
520	378100534	270.002160074254	0.002160074254
520	378102847	270.002660474249	0.002660474249
520	383474032	273.001290319954	0.001290319954
520	383474207	273.001310799953	0.001310799953
520	383478085	273.002160072146	0.002160072146
520	383480398	273.002660472141	0.002660472141
520	388851583	276.001290319954	0.001290319954
520	388851758	276.001310799953	0.001310799953
520	388855636	276.002160070039	0.002160070039
520	388857949	276.002660470034	0.002660470034
520	394229134	279.001290319954	0.001290319954
520	394229309	279.001310799953	0.001310799953
520	394233187	279.002160067932	0.002160067932
520	394235500	279.002660467927	0.002660467927
520	399606685	282.001290319954	0.001290319954
520	399606860	282.001310799953	0.001310799953
520	399610738	282.002160065825	0.002160065825
520	399613051	282.00266046582	0.00266046582
520	404984236	285.001290319954	0.001290319954
520	404984411	285.001310799953	0.001310799953
520	404988289	285.002160063717	0.002160063717
520	404990602	285.002660463712	0.002660463712
520	410361787	288.001290319954	0.001290319954
520	410361962	288.001310799953	0.001310799953
520	410365840	288.00216006161	0.00216006161
520	410368153	288.002660461605	0.002660461605
520	415739338	291.001290319954	0.001290319954
520	415739513	291.001310799953	0.001310799953
520	415743391	291.002160059502	0.002160059502
520	415745704	291.002660459497	0.002660459497
520	421116889	294.001290319954	0.001290319954
520	421117064	294.001310799953	0.001310799953
520	421120942	294.002160057395	0.002160057395
520	421123255	294.00266045739	0.00266045739
520	426494440	297.001290319954	0.001290319954
520	426494615	297.001310799953	0.001310799953
520	426498493	297.002160055287	0.002160055287
520	426500806	297.002660455282	0.002660455282
520	431871720	300.001225493167	0.001225493167
520	431872281	300.001304693165	0.001304693165
520	431876889	300.002140613178	0.002140613178
520	431879493	300.002662533138	0.002662533138
