496	4631	3.000545879999	1
496	5925	6.000545879999	4
496	7219	9.000545879999	4
496	8513	12.000545879999	4
496	9807	15.000545879999	4
496	11101	18.000545879999	4
496	12395	21.000545879999	4
496	13689	24.000545879999	4
496	14983	27.000545879999	4
496	18343	30.000617719993	4
496	20669	33.000545879999	4
496	21963	36.000545879999	4
496	23257	39.000545879999	4
496	24551	42.000545879999	4
496	25845	45.000545879999	4
496	27139	48.000545879999	4
496	28433	51.000545879999	4
496	29727	54.000545879999	4
496	31021	57.000545879999	4
496	31804	59.000574519999	4
496	2119892	60.000600197285	6668
496	4210060	61.000715394588	6672
496	6296831	62.000765391883	6667
496	8384415	63.000788509166	6667
496	10471843	64.000865386475	6671
496	12558614	65.000915386475	6667
496	14646047	66.000927706457	6668
496	16733395	67.001015386475	6670
496	18820166	68.001065386475	6667
496	20907885	69.001165146451	6669
496	22994947	70.001165386475	6669
496	25081718	71.001215386475	6667
496	27169407	72.001283866448	6669
496	29256499	73.001315386475	6669
496	31343270	74.001365386475	6667
496	33430947	75.001402586445	6669
496	35518051	76.001465386475	6669
496	37604822	77.001515386475	6667
496	39692458	78.001521306442	6669
496	41779603	79.001615386475	6669
496	43866374	80.001665386475	6667
496	45954259	81.001758746436	6670
496	48041155	82.001765386475	6668
496	50127926	83.001815386475	6667
496	52215779	84.001877466433	6670
496	54302707	85.001915386475	6668
496	56389478	86.001965386475	6667
496	58477281	87.00199618643	6670
496	60564259	88.002065386475	6668
496	62651030	89.002115386475	6667
496	64741799	90.002233626424	6671
496	66828830	91.002365386475	6668
496	68915601	92.002415386475	6667
496	71004867	93.002471066418	6671
496	73091629	94.002515386475	6667
496	75178400	95.002565386475	6667
496	77266410	96.002615386475	6671
496	79353181	97.002665386475	6667
496	81439952	98.002715386475	6667
496	83527962	99.002765386475	6671
496	85614733	100.002815386475	6667
496	87701504	101.002865386475	6667
496	89789514	102.002915386475	6671
496	91876285	103.002965386475	6667
496	93963056	104.003015386475	6667
496	96051066	105.003065386475	6671
496	98137837	106.003115386475	6667
496	100224608	107.003165386475	6667
496	102312618	108.003215386475	6671
496	104399389	109.003265386475	6667
496	106486160	110.003315386475	6667
496	108574170	111.003365386475	6671
496	110660941	112.003415386475	6667
496	112747712	113.003465386475	6667
496	114835722	114.003515386475	6671
496	116922493	115.003565386475	6667
496	119009264	116.003615386475	6667
496	121097274	117.003665386475	6671
496	123184045	118.003715386475	6667
496	125270816	119.003765386475	6667
496	127361419	120.003815386475	6671
496	129448190	121.003865386475	6667
496	131534961	122.003915386475	6667
496	133624670	123.003965386475	6671
496	135711441	124.004015386475	6667
496	137798212	125.004065386475	6667
496	139886453	126.004115386475	6671
496	141973224	127.004165386475	6667
496	144059995	128.004215386456	6667
496	146148005	129.004265381357	6671
496	148234776	130.004315376257	6667
496	150321547	131.004365371157	6667
496	152409557	132.004415366057	6671
496	154496328	133.004465360957	6667
496	156583099	134.004515355857	6667
496	158671109	135.004565350758	6671
496	160757880	136.004615345658	6667
496	162844651	137.004665340558	6667
496	164932661	138.004715335459	6671
496	167019432	139.00476533036	6667
496	169106203	140.00481532525	6667
496	171194213	141.004865320508	6671
496	173280984	142.004915316807	6667
496	175367755	143.004965313106	6667
496	177455765	144.005015309405	6671
496	179542536	145.005065305705	6667
496	181629307	146.005115302004	6667
496	183717317	147.005165298304	6671
496	185804088	148.005215294603	6667
496	187890859	149.005265290902	6667
496	189979849	150.005315287201	6671
496	192066620	151.0053652835	6667
496	194153391	152.005415279799	6667
496	196242470	153.005465276099	6671
496	198329241	154.005515272398	6667
496	200416012	155.005565268698	6667
496	202505269	156.005615264997	6671
496	204592040	157.005665261296	6667
496	206678811	158.005715257595	6667
496	208766821	159.005765253894	6671
496	210853592	160.005815250193	6667
496	212940363	161.005865246493	6667
496	215028373	162.005915242792	6671
496	217115144	163.005965239092	6667
496	219201915	164.006015235391	6667
496	221289925	165.00606523169	6671
496	223376696	166.006115227989	6667
496	225463467	167.006165224288	6667
496	227551477	168.006215220587	6671
496	229638248	169.006265216887	6667
496	231725019	170.006315213186	6667
496	233813029	171.006365209486	6671
496	235899800	172.006415205785	6667
496	237986571	173.006465202084	6667
496	240074581	174.006515198383	6671
496	242161352	175.006565194682	6667
496	244248123	176.006615190981	6667
496	246336133	177.006665187281	6671
496	248422904	178.00671518358	6667
496	250509675	179.00676517988	6667
496	252598188	180.006815176179	6671
496	254684959	181.006865172478	6667
496	256771730	182.006915168777	6667
496	258860831	183.006965165076	6671
496	260947602	184.007015161375	6667
496	263034373	185.007065157675	6667
496	265124082	186.007115153975	6671
496	267210853	187.007165150274	6667
496	269297624	188.007215146573	6667
496	271385865	189.007265142872	6671
496	273472636	190.007315139171	6667
496	275559407	191.00736513547	6667
496	277647417	192.007415131769	6671
496	279734188	193.007465128069	6667
496	281820959	194.007515124369	6667
496	283908969	195.007565120668	6671
496	285995740	196.007615116967	6667
496	288082511	197.007665113266	6667
496	290170521	198.007715109565	6671
496	292257292	199.007765105864	6667
496	294344063	200.007815102163	6667
496	296432073	201.007865098463	6671
496	298518844	202.007915094763	6667
496	300605615	203.007965091062	6667
496	302693625	204.008015087361	6671
496	304780396	205.00806508366	6667
496	306867167	206.008115079959	6667
496	308955177	207.008165076258	6671
496	311041948	208.008215072558	6667
496	313128719	209.008265068857	6667
496	315217263	210.008315065157	6671
496	317304034	211.008365061456	6667
496	319390805	212.008415057755	6667
496	321479391	213.008465054054	6671
496	323566162	214.008515050353	6667
496	325652933	215.008565046652	6667
496	327742012	216.008615042952	6671
496	329828783	217.008665039251	6667
496	331915554	218.008715035551	6667
496	334004811	219.00876503185	6671
496	336091582	220.008815028149	6667
496	338178353	221.008865024448	6667
496	340266363	222.008915020747	6671
496	342353134	223.008965017046	6667
496	344439905	224.009015013346	6667
496	346527915	225.009065009645	6671
496	348614686	226.009115005945	6667
496	350701457	227.009165002244	6667
496	352789467	228.009214998543	6671
496	354876238	229.009264994842	6667
496	356963009	230.009314991141	6667
496	359051019	231.00936498744	6671
496	361137790	232.00941498374	6667
496	363224561	233.009464980039	6667
496	365312571	234.009514976339	6671
496	367399342	235.009564972638	6667
496	369486113	236.009614968937	6667
496	371574123	237.009664965236	6671
496	373660894	238.009714961535	6667
496	375747665	239.009764957834	6667
496	377836636	240.009814954134	6671
496	379923407	241.009864950433	6667
496	382010178	242.009914946733	6667
496	384098456	243.009964943032	6671
496	386185227	244.010014939331	6667
496	388271998	245.01006493563	6667
496	390361143	246.010114931929	6671
496	392447914	247.010164928228	6667
496	394534685	248.010214924528	6667
496	396624394	249.010264920827	6671
496	398711165	250.010314917127	6667
496	400797936	251.010364913426	6667
496	402886177	252.010414909725	6671
496	404972948	253.010464906024	6667
496	407059719	254.010514902323	6667
496	409147729	255.010564898622	6671
496	411234500	256.01061489496	6667
496	413321271	257.01066489496	6667
496	415409281	258.01071489496	6671
496	417496052	259.01076489496	6667
496	419582823	260.01081489496	6667
496	421670833	261.01086489496	6671
496	423757604	262.01091489496	6667
496	425844375	263.01096489496	6667
496	427932385	264.01101489496	6671
496	430019156	265.01106489496	6667
496	432105927	266.01111489496	6667
496	434193937	267.01116489496	6671
496	436280708	268.01121489496	6667
496	438367479	269.01126489496	6667
496	440456017	270.01131489496	6671
496	442542788	271.01136489496	6667
496	444629559	272.01141489496	6667
496	446717569	273.01146489496	6671
496	448804340	274.01151489496	6667
496	450891111	275.01156489496	6667
496	452979697	276.01161489496	6671
496	455066468	277.01166489496	6667
496	457153239	278.01171489496	6667
496	459242318	279.01176489496	6671
496	461329089	280.01181489496	6667
496	463415860	281.01186489496	6667
496	465505117	282.01191489496	6671
496	467591888	283.01196489496	6667
496	469678659	284.01201489496	6667
496	471766669	285.01206489496	6671
496	473853440	286.01211489496	6667
496	475940211	287.01216489496	6667
496	478028221	288.01221489496	6671
496	480114992	289.01226489496	6667
496	482201763	290.01231489496	6667
496	484289773	291.01236489496	6671
496	486376544	292.01241489496	6667
496	488463315	293.01246489496	6667
496	490551325	294.01251489496	6671
496	492638096	295.01256489496	6667
496	494724867	296.01261489496	6667
496	496812877	297.01266489496	6671
496	498899648	298.01271489496	6667
496	500986419	299.01276489496	6667
496	503074995	300.01281489496	6671
