3.000009896	36.8462409534		100
6.000009896	40.7342123834		100
9.000009896	40.1620460441		100
12.000009896	42.8327834808		100
15.000009896	39.1553822655		100
18.000009896	39.3032794884		100
21.000009896	37.8607595868		100
24.000009896	42.6075203277		100
27.000009896	40.8933474182		100
30.000009896	39.0421844925		100
33.000009896	38.1414466364		100
36.000009896	41.9052951581		100
39.000009896	37.1932155176		100
42.000009896	40.009889589		100
45.000009896	44.6308984187		100
48.000009896	41.2275915675		100
51.000009896	39.2782739804		100
54.000009896	37.2911710784		100
57.000009896	39.6527973986		100
60.000009896	35.0524798426		100
63.000009896	41.6020926447		100
66.000009896	44.3225657856		100
69.000009896	42.3702670377		100
72.000009896	38.5000855627		100
75.000009896	42.2376092431		100
78.000009896	36.3878317266		100
81.000009896	43.1510496265		100
84.000009896	38.4972927538		100
87.000009896	38.2796629203		100
90.000009896	40.2189318795		100
93.000009896	36.1636484317		100
96.000009896	37.8663007964		100
99.000009896	37.3554576653		100
102.000009896	41.4110680257		100
105.000009896	43.9602155156		100
108.000009896	38.3075582626		100
111.000009896	41.5517118416		100
114.000009896	38.4307004042		100
117.000009896	41.6902076409		100
120.000009896	38.2950250612		100
123.000028016	43.6821729176		100
126.000009896	40.2566127128		100
129.000009896	42.5763250558		100
132.000009896	38.4731413126		100
135.000009896	40.4451177417		100
138.000009896	41.2038679137		100
141.000009896	39.8055421925		100
144.000009896	46.1621378256		100
147.000009896	42.6650186401		100
150.000009896	41.1805722207		100
153.000009896	42.3197811634		100
156.000009896	42.6028021433		100
159.000009896	37.7703314858		100
162.000009896	37.4573709902		100
165.000009896	35.8546034776		100
168.000009896	36.0626497242		100
171.000009896	42.6686478053		100
174.000009896	38.0045697575		100
177.000009896	39.5467908101		100
180.000009896	39.6625063829		100
183.000009896	39.5842356228		100
186.000009896	39.1562126397		100
189.000009896	41.745794563		100
192.000009896	41.3589057491		100
195.000009896	36.5609262363		100
198.000009896	41.9552019539		100
201.000009896	39.7878535983		100
204.000009896	35.2870555634		100
207.000009896	30.2478727041		100
210.000009896	40.5521762816		100
213.000009896	39.0063232681		100
216.000009896	37.4121361145		100
219.000009896	37.5055100532		100
222.000009896	41.1440376706		100
225.000009896	38.3064982859		100
228.000009896	36.9364975812		100
231.000009896	41.0193917249		100
234.000009896	39.166983756		100
237.000009896	41.4938742624		100
240.000009896	36.9051121908		100
243.000009896	39.0307697232		100
246.000028016	35.377113183		100
249.000009896	41.9468263217		100
252.000009896	36.0096460409		100
255.000009896	39.2194430021		100
258.000009896	37.6792191909		100
261.000009896	37.9078258928		100
264.000009896	38.4066359357		100
267.000009896	38.0032135401		100
270.000009896	39.9493571462		100
273.000009896	39.8943705512		100
276.000009896	38.0815846803		100
279.000009896	39.7416899031		100
282.000009896	42.8897847031		100
285.000009896	40.3147054721		100
288.000009896	37.1422171119		100
291.000009896	37.6919169641		100
294.000009896	42.8033242772		100
297.000009896	42.8061375274		100
300.000009896	38.6600006262		100

