time	DSO perception	threshold	attackFree
3.000009896	40.5124126741	100	36.8462409534
6.000009896	44.2646098343	100	40.7342123834
9.000009896	38.1014849049	100	40.1620460441
12.000009896	41.4504653036	100	42.8327834808
15.000009896	42.1014787281	100	39.1553822655
18.000009896	43.9274987848	100	39.3032794884
21.000009896	42.5797788479	100	37.8607595868
24.000009896	36.5802886915	100	42.6075203277
27.000009896	39.9505406918	100	40.8933474182
30.000009896	42.8862782438	100	39.0421844925
33.000009896	40.5294339003	100	38.1414466364
36.000009896	39.7774799576	100	41.9052951581
39.000009896	39.0385243934	100	37.1932155176
42.000009896	41.8393070853	100	40.009889589
45.000009896	39.0040920936	100	44.6308984187
48.000009896	40.7174714509	100	41.2275915675
51.000009896	42.1897232614	100	39.2782739804
54.000009896	37.9162282228	100	37.2911710784
57.000009896	40.4365898034	100	39.6527973986
60.000009896	78.712887732	100	35.0524798426
63.000009896	28.3659435346	100	41.6020926447
66.000009896	31.7099361079	100	44.3225657856
69.000009896	33.19240693	100	42.3702670377
72.000009896	32.2449368433	100	38.5000855627
75.000009896	33.4263372084	100	42.2376092431
78.000009896	29.2964073811	100	36.3878317266
81.000009896	28.84567045	100	43.1510496265
84.000009896	29.0446396574	100	38.4972927538
87.000009896	27.2077770976	100	38.2796629203
90.000009896	23.3744444457	100	40.2189318795
93.000009896	29.3559081774	100	36.1636484317
96.000009896	28.49503596	100	37.8663007964
99.000009896	29.191474105	100	37.3554576653
102.000009896	32.6856507594	100	41.4110680257
105.000009896	31.8559371371	100	43.9602155156
108.000009896	28.5343295904	100	38.3075582626
111.000009896	29.0432805354	100	41.5517118416
114.000009896	27.5057644556	100	38.4307004042
117.000009896	28.8200331541	100	41.6902076409
120.000009896	28.4187574698	100	38.2950250612
123.000023248	30.5431400308	100	43.6821729176
126.000009896	31.9561407471	100	40.2566127128
129.000009896	30.5728262114	100	42.5763250558
132.000009896	26.6567059683	100	38.4731413126
135.000009896	30.4346000995	100	40.4451177417
138.000009896	27.7589132087	100	41.2038679137
141.000009896	30.9943821033	100	39.8055421925
144.000009896	27.0701352733	100	46.1621378256
147.000009896	32.0952951522	100	42.6650186401
150.000009896	33.2993012649	100	41.1805722207
153.000009896	31.6595420484	100	42.3197811634
156.000009896	29.641669355	100	42.6028021433
159.000009896	27.5270678444	100	37.7703314858
162.000009896	29.4364068359	100	37.4573709902
165.000009896	26.8916289541	100	35.8546034776
168.000009896	26.0149754029	100	36.0626497242
171.000009896	30.3647270004	100	42.6686478053
174.000009896	31.9685847814	100	38.0045697575
177.000009896	32.9896534379	100	39.5467908101
180.000009896	31.0972114479	100	39.6625063829
183.000009896	30.8989070788	100	39.5842356228
186.000009896	30.5863810262	100	39.1562126397
189.000009896	32.8199548539	100	41.745794563
192.000009896	31.5369854623	100	41.3589057491
195.000009896	28.307491305	100	36.5609262363
198.000009896	33.7065207938	100	41.9552019539
201.000009896	29.1285037623	100	39.7878535983
204.000009896	28.9622021723	100	35.2870555634
207.000009896	23.5908857153	100	30.2478727041
210.000009896	31.9722011626	100	40.5521762816
213.000009896	25.6822833275	100	39.0063232681
216.000009896	30.5684484537	100	37.4121361145
219.000009896	32.1381407889	100	37.5055100532
222.000009896	33.1267613575	100	41.1440376706
225.000009896	30.5332769371	100	38.3064982859
228.000009896	29.087492131	100	36.9364975812
231.000009896	32.5908768052	100	41.0193917249
234.000009896	30.3679858403	100	39.166983756
237.000009896	27.7428683009	100	41.4938742624
240.000009896	28.8712040019	100	36.9051121908
243.000009896	31.5319796816	100	39.0307697232
246.000023248	25.4070147421	100	35.377113183
249.000009896	29.9679327106	100	41.9468263217
252.000009896	30.1918032625	100	36.0096460409
255.000009896	29.9386715062	100	39.2194430021
258.000009896	28.8747348378	100	37.6792191909
261.000009896	28.2441972403	100	37.9078258928
264.000009896	30.80029755	100	38.4066359357
267.000009896	28.5629791965	100	38.0032135401
270.000009896	30.3370146867	100	39.9493571462
273.000009896	30.7273789171	100	39.8943705512
276.000009896	28.572421074	100	38.0815846803
279.000009896	29.4096961208	100	39.7416899031
282.000009896	34.592219747	100	42.8897847031
285.000009896	32.7653255753	100	40.3147054721
288.000009896	32.3740168281	100	37.1422171119
291.000009896	31.9183357654	100	37.6919169641
294.000009896	31.1665875824	100	42.8033242772
297.000009896	31.0864839074	100	42.8061375274
300.000009896	28.8479225007	100	38.6600006262

