t	comprReports	threshold	real	attackFree
3	9.794484	25	9.7944842603	10.704755
6	11.547056	25	11.5470555245	12.622824
9	9.372363	25	9.37236304	9.453946
12	9.948174	25	9.9481738194	10.853449
15	11.352263	25	11.3522630531	9.007804
18	10.963839	25	10.9638391906	7.48636
21	9.102281	25	9.10228122	9.218323
24	10.134582	25	10.1345819188	10.7613
27	10.383224	25	10.3832235535	9.988237
30	10.934806	25	10.934806356	10.817469
33	9.494766	25	9.4947656851	10.794109
36	10.153491	25	10.1534912423	8.049903
39	8.311019	25	8.3110188187	11.0463
42	10.023796	25	10.0237963717	10.925903
45	9.478818	25	9.4788179957	11.382092
48	11.569284	25	11.5692838387	9.168542
51	9.923893	25	9.9238931899	9.940235
54	9.929013	25	9.9290127241	8.532177
57	10.936905	25	10.9369052994	10.191699
60	31.251374	25	10.4368041789	9.830174
63	0	25	0	9.996697
66	0	25	0	11.700043
69	0	25	0	12.69816
72	0	25	0	9.215574
75	0	25	0	10.271301
78	0	25	0	9.145076
81	0	25	0	11.826112
84	0	25	0	9.487255
87	0	25	0	8.602372
90	0	25	0	11.433303
93	0	25	0	11.829015
96	0	25	0	9.609627
99	0	25	0	8.776548
102	0	25	0	11.372582
105	0	25	0	12.579841
108	0	25	0	8.748442
111	0	25	0	10.393656
114	0	25	0	8.669014
117	0	25	0	11.607146
120	0	25	0	9.589732
123	0	25	0	10.733063
126	0	25	0	9.609214
129	0	25	0	9.727793
132	0	25	0	10.601631
135	0	25	0	11.231253
138	0	25	0	8.754694
141	0	25	0	10.8212
144	0	25	0	10.789464
147	0	25	0	10.776479
150	0	25	0	10.812277
153	0	25	0	10.644661
156	0	25	0	11.060126
159	0	25	0	11.082765
162	0	25	0	10.114411
165	0	25	0	7.885634
168	0	25	0	10.637916
171	0	25	0	11.044753
174	0	25	0	8.263048
177	0	25	0	10.795935
180	0	25	0	10.583035
183	0	25	0	11.54038
186	0	25	0	9.621429
189	0	25	0	9.965001
192	0	25	0	9.679668
195	0	25	0	8.654681
198	0	25	0	10.310223
201	0	25	0	8.520612
204	0	25	0	8.545713
207	0	25	0	8.41843
210	0	25	0	10.303913
213	0	25	0	11.904941
216	0	25	0	8.861085
219	0	25	0	9.43496
222	0	25	0	11.826915
225	0	25	0	11.572457
228	0	25	0	8.989008
231	0	25	0	9.338138
234	0	25	0	10.332093
237	0	25	0	8.688104
240	0	25	0	9.076129
243	0	25	0	10.88956
246	0	25	0	9.875799
249	0	25	0	9.716707
252	0	25	0	9.81001
255	0	25	0	10.230358
258	0	25	0	10.888579
261	0	25	0	8.814575
264	0	25	0	9.961092
267	0	25	0	7.582931
270	0	25	0	10.816601
273	0	25	0	11.070354
276	0	25	0	9.577023
279	0	25	0	10.046455
282	0	25	0	12.018239
285	0	25	0	9.72812
288	0	25	0	7.092701
291	0	25	0	11.170669
294	0	25	0	11.934126
297	0	25	0	11.504869
300	0	25	0	8.926691

