133	2406	1.00021064	8
133	3004	2.00021064	8
133	3618	3.00021064	8
133	4226	4.00021064	9
133	4824	5.00021064	8
133	5438	6.00021064	8
133	6046	7.00021064	9
133	6644	8.00021064	8
133	7258	9.00021064	8
133	7866	10.00021064	9
133	8464	11.00021064	8
133	9078	12.00021064	8
133	9686	13.00021064	9
133	10284	14.00021064	8
133	10898	15.00021064	8
133	11506	16.00021064	9
133	12104	17.00021064	8
133	12718	18.00021064	8
133	13326	19.00021064	9
133	13924	20.00021064	8
133	14538	21.00021064	8
133	15146	22.00021064	9
133	15744	23.00021064	8
133	16358	24.00021064	8
133	16966	25.00021064	9
133	17564	26.00021064	8
133	18178	27.00021064	8
133	18786	28.00021064	9
133	19384	29.00021064	8
133	19998	30.00021064	8
133	20606	31.00021064	9
133	21993	32.00021064	8
133	22607	33.00021064	8
133	23215	34.00021064	9
133	23813	35.00021064	8
133	24427	36.00021064	8
133	25035	37.00021064	9
133	25633	38.00021064	8
133	26247	39.00021064	8
133	26855	40.00021064	9
133	27453	41.00021064	8
133	28067	42.00021064	8
133	28675	43.00021064	9
133	29273	44.00021064	8
133	29949	45.00021064	8
133	30557	46.00021064	9
133	31155	47.00021064	8
133	31769	48.00021064	8
133	32377	49.00021064	9
133	32975	50.00021064	8
133	33589	51.00021064	8
133	34197	52.00021064	9
133	34795	53.00021064	8
133	35409	54.00021064	8
133	36017	55.00021064	9
133	36615	56.00021064	8
133	37229	57.00021064	8
133	37837	58.00021064	9
133	38435	59.00021064	8
133	39049	60.00021064	8
133	39657	61.00021064	9
133	40255	62.00021064	8
133	41498	63.00021064	8
133	42106	64.00021064	9
133	42704	65.00021064	8
133	43318	66.00021064	8
133	43926	67.00021064	9
133	44524	68.00021064	8
133	45138	69.00021064	8
133	45746	70.00021064	9
133	46344	71.00021064	8
133	46958	72.00021064	8
133	47566	73.00021064	9
133	48164	74.00021064	8
133	48778	75.00021064	8
133	49386	76.00021064	9
133	49984	77.00021064	8
133	50598	78.00021064	8
133	51206	79.00021064	9
133	51804	80.00021064	8
133	52418	81.00021064	8
133	53026	82.00021064	9
133	53624	83.00021064	8
133	54238	84.00021064	8
133	54846	85.00021064	9
133	55444	86.00021064	8
133	56058	87.00021064	8
133	56666	88.00021064	9
133	57264	89.00021064	8
133	57975	90.000043279999	8
133	59003	91.00021064	24
133	59965	92.00021064	22
133	60943	93.00021064	22
133	62570	94.00021064	24
133	63532	95.00021064	22
133	64510	96.00021064	22
133	65459	97.000013519987	23
133	66470	98.00021064	23
133	67448	99.00021064	22
133	68420	100.00021064	23
133	69408	101.00021064	23
133	70386	102.00021064	22
133	71358	103.00021064	23
133	72297	104.000013519972	22
133	73324	105.00021064	23
133	74296	106.00021064	23
133	75258	107.00021064	22
133	76262	108.00021064	23
133	77234	109.00021064	23
133	78196	110.00021064	22
133	79144	111.000013519957	22
133	80172	112.00021064	24
133	81134	113.00021064	22
133	82112	114.00021064	22
133	83110	115.00021064	24
133	84072	116.00021064	22
133	85050	117.00021064	22
133	85999	118.000013519941	23
133	87010	119.00021064	23
133	87988	120.00021064	22
133	89882	121.00021064	23
133	90961	122.00021064	23
133	91939	123.00021064	22
133	92911	124.00021064	23
133	93946	125.000013519926	22
133	95506	126.00021064	23
133	96478	127.00021064	23
133	97440	128.00021064	22
133	98444	129.00021064	23
133	99416	130.00021064	23
133	100378	131.00021064	22
133	101326	132.000013519882	22
133	102354	133.00021064	24
133	103316	134.00021064	22
133	104356	135.00021064	22
133	105354	136.00021064	24
133	106316	137.00021064	22
133	107294	138.00021064	22
133	108243	139.000013519819	23
133	109254	140.00021064	23
133	110232	141.00021064	22
133	111204	142.00021064	23
133	112192	143.00021064	23
133	113170	144.00021064	22
133	114142	145.00021064	23
133	115081	146.000013519792	22
133	116108	147.00021064	23
133	117080	148.00021064	23
133	118042	149.00021064	22
133	119046	150.00021064	23
133	120018	151.00021064	23
133	121108	152.00021064	22
133	122179	153.000013519777	22
133	123207	154.00021064	24
133	124169	155.00021064	22
133	125147	156.00021064	22
133	126631	157.00021064	24
133	127593	158.00021064	22
133	128571	159.00021064	22
133	129520	160.000013519762	23
133	130531	161.00021064	23
133	131509	162.00021064	22
133	132481	163.00021064	23
133	133469	164.00021064	23
133	134447	165.00021064	22
133	135419	166.00021064	23
133	136358	167.000013519747	22
133	137385	168.00021064	23
133	138357	169.00021064	23
133	139319	170.00021064	22
133	140323	171.00021064	23
133	141295	172.00021064	23
133	142257	173.00021064	22
133	143205	174.000013519731	22
133	144233	175.00021064	24
133	145195	176.00021064	22
133	146173	177.00021064	22
133	147171	178.00021064	24
133	148133	179.00021064	22
133	149202	180.00021064	22
133	149992	181.00021064	5
133	150767	182.00021064	5
133	151557	183.00021064	5
133	152364	184.00021064	5
133	153154	185.00021064	5
133	153944	186.00021064	5
133	154719	187.00021064	5
133	155768	188.00021064	5
133	156558	189.00021064	5
133	157333	190.00021064	5
133	158108	191.00021064	5
133	158913	192.00021064	5
133	159688	193.00021064	5
133	160463	194.00021064	5
133	161268	195.00021064	5
133	162043	196.00021064	5
133	162818	197.00021064	5
133	163608	198.00021064	5
133	164398	199.00021064	5
133	165173	200.00021064	5
133	165963	201.00021064	5
133	166753	202.00021064	5
133	167528	203.00021064	5
133	168318	204.00021064	5
133	169093	205.00021064	5
133	169883	206.00021064	5
133	170673	207.00021064	5
133	171448	208.00021064	5
133	172238	209.00021064	5
133	173028	210.00021064	5
133	173835	211.00021064	5
133	174610	212.00021064	5
133	175415	213.00021064	5
133	176190	214.00021064	5
133	176965	215.00021064	5
133	177770	216.00021064	5
133	178545	217.00021064	5
133	179320	218.00021064	5
133	180337	219.00021064	5
133	181127	220.00021064	5
133	181902	221.00021064	5
133	182692	222.00021064	5
133	183482	223.00021064	5
133	184257	224.00021064	5
133	185109	225.00021064	5
133	185884	226.00021064	5
133	186674	227.00021064	5
133	187464	228.00021064	5
133	188239	229.00021064	5
133	189029	230.00021064	5
133	189819	231.00021064	5
133	190594	232.00021064	5
133	191369	233.00021064	5
133	192174	234.00021064	5
133	192949	235.00021064	5
133	193724	236.00021064	5
133	194529	237.00021064	5
133	195304	238.00021064	5
133	196079	239.00021064	5
133	196869	240.00021064	5
133	198549	241.00021064	5
133	199324	242.00021064	5
133	200114	243.00021064	5
133	200904	244.00021064	5
133	201679	245.00021064	5
133	202469	246.00021064	5
133	203244	247.00021064	5
133	204034	248.00021064	5
133	204824	249.00021064	5
