time	attackFree	0.0005/2000	0.0002/5000	0.000125/8000	0.0001/10000
3.00053088	1	1	1	1	1
6.00053088	4	4	4	4	4
9.00053088	4	4	4	4	4
12.00053088	4	4	4	4	4
15.00053088	4	4	4	4	4
18.00053088	4	4	4	4	4
21.00053088	4	4	4	4	4
24.00053088	4	4	4	4	4
27.00053088	4	4	4	4	4
30.000572	4	4	4	4	4
33.00053088	4	4	4	4	4
36.00053088	4	4	4	4	4
39.00053088	4	4	4	4	4
42.00053088	4	4	4	4	4
45.00053088	4	4	4	4	4
48.00053088	4	4	4	4	4
51.00053088	4	4	4	4	4
54.00053088	4	4	4	4	4
57.00053088	4	4	4	4	4
59.00055952	4	4	4	4	4
60.0005764755	4	2001	5001	8001	8726
61.000685391	4	2004	5005	8006	8731
62.0008103865	4	2000	5001	8001	8730
63.0008835019	4	2003	5002	8000	8730
64.0009353774	4	2002	5003	8005	8731
65.0010603729	4	2001	5000	8001	8730
66.0011414084	4	2005	5003	8001	8729
67.0011853639	4	2001	5002	8004	8732
68.0013103594	4	2001	5000	8001	8730
69.0013788348	4	2005	5004	8001	8729
70.0014353504	4	2001	5001	8004	8732
71.0015603458	4	2001	5000	8001	8730
72.0016162613	4	2004	5004	8001	8729
73.0016853368	4	2000	5000	8004	8731
74.0018103323	4	2000	5000	8001	8730
75.0018536878	4	2004	5004	8001	8729
76.0019353233	4	2000	5000	8004	8731
77.0020603188	4	2000	5000	8001	8730
78.0020911142	4	2004	5004	8001	8729
79.0021853097	4	2000	5000	8004	8731
80.0023103052	4	2000	5000	8001	8730
81.0023285407	4	2004	5004	8001	8730
82.0024352962	4	2000	5000	8004	8730
83.0025602917	4	2000	5000	8001	8730
84.0025659671	4	2004	5004	8001	8730
85.0026852827	4	2000	5000	8004	8730
86.0028102781	4	2000	5000	8001	8730
87.0029221136	4	2004	5004	8002	8730
88.0029352691	4	2000	5000	8003	8730
89.0030602646	4	2000	5000	8001	8730
90.00315954	4	2004	5004	8002	8730
91.0031852556	4	2000	5000	8003	8730
92.0033102511	4	2000	5000	8001	8730
93.0033273665	4	2004	5004	8001	8730
94.003435242	4	2000	5000	8004	8730
95.0035602375	4	2000	5000	8001	8730
96.0036343929	4	2004	5004	8002	8730
97.0036852285	4	2000	5000	8003	8730
98.003810224	4	2000	5000	8001	8730
99.0038718194	4	2004	5004	8002	8730
100.003935215	4	2000	5000	8003	8730
101.0040602105	4	2000	5000	8001	8730
102.0041092459	4	2004	5004	8002	8730
103.0041852014	4	2000	5000	8003	8730
104.0043101969	4	2000	5000	8001	8730
105.0043466723	4	2004	5004	8002	8730
106.0044351879	4	2000	5000	8003	8730
107.0045601834	4	2000	5000	8001	8730
108.0045840988	4	2004	5004	8002	8730
109.0046851743	4	2000	5000	8003	8730
110.0048101698	4	2000	5000	8001	8730
111.0048215252	4	2004	5004	8002	8730
112.0049351608	4	2000	5000	8003	8730
113.0050601563	4	2000	5000	8001	8730
114.0051776717	4	2004	5004	8003	8730
115.0051851473	4	2000	5000	8002	8730
116.0053101428	4	2000	5000	8001	8730
117.0054150981	4	2004	5004	8003	8730
118.0054351337	4	2000	5000	8002	8730
119.0055601292	4	2000	5000	8001	8730
120.0055606846	4	2004	5004	8002	8730
121.0056851202	4	2000	5001	8003	8730
122.0058101157	4	2000	5000	8001	8730
123.0058899511	4	2004	5004	8003	8730
124.0059351067	4	2000	5000	8002	8730
125.0060601021	4	2000	5000	8001	8730
126.0061273775	4	2004	5004	8003	8730
127.0061850931	4	2000	5000	8002	8730
128.0063100886	4	2001	5001	8001	8730
129.006364804	4	2005	5005	8003	8730
130.0064350796	4	2001	5001	8002	8730
131.0065600751	4	2001	5001	8001	8730
132.0066022304	4	2005	5005	8003	8730
133.006685066	4	2001	5001	8002	8730
134.0068100615	4	2001	5001	8001	8730
135.0068396569	4	2005	5005	8003	8730
136.0069350525	4	2001	5001	8002	8730
137.007060048	4	2001	5001	8001	8730
138.0070770833	4	2005	5005	8003	8730
139.007185039	4	2001	5001	8002	8730
140.0073100344	4	2001	5001	8001	8730
141.0073145098	4	2005	5005	8003	8730
142.0074350254	4	2001	5000	8002	8730
143.0075600209	4	2001	5000	8001	8730
144.0076706562	4	2005	5004	8004	8730
145.0076850119	4	2001	5000	8001	8730
146.0078100074	4	2001	5000	8001	8730
147.0079080827	4	2005	5004	8004	8730
148.0079349983	4	2001	5000	8001	8730
149.0080599938	4	2001	5000	8001	8730
150.0081455092	4	2005	5004	8004	8730
151.0081849848	4	2001	5000	8001	8730
152.0083099803	4	2001	5000	8001	8730
153.0083829356	4	2005	5004	8004	8730
154.0084349713	4	2001	5000	8001	8730
155.0085599668	4	2001	5000	8001	8730
156.0086694821	4	2005	5004	8004	8730
157.0086849577	4	2001	5000	8001	8730
158.0088099532	4	2001	5000	8001	8730
159.0088577885	4	2005	5004	8004	8730
160.0089349442	4	2001	5000	8001	8730
161.0090599397	4	2001	5000	8001	8730
162.009095215	4	2005	5004	8004	8730
163.0091849306	4	2001	5000	8001	8730
164.0093099261	4	2001	5000	8001	8730
165.0093326414	4	2005	5004	8004	8730
166.0094349171	4	2001	5000	8001	8730
167.0095599126	4	2001	5000	8001	8730
168.0095700679	4	2005	5004	8004	8730
169.0096849036	4	2001	5000	8001	8730
170.0098098991	4	2001	5000	8001	8730
171.0099348945	4	2005	5004	8005	8730
172.01005989	4	2001	5000	8001	8730
173.0101848855	4	2001	5000	8001	8730
174.010309881	4	2005	5004	8005	8730
175.0104348765	4	2001	5000	8001	8730
176.010559872	4	2001	5000	8001	8730
177.0106848675	4	2005	5004	8005	8730
178.010809863	4	2001	5000	8001	8730
179.0109348584	4	2001	5000	8001	8730
180.0110598539	4	2005	5004	8005	8730
181.0111848494	4	2001	5000	8001	8730
182.0113098449	4	2001	5000	8001	8730
183.0114348404	4	2005	5004	8005	8730
184.0115598359	4	2001	5000	8001	8730
185.0116848314	4	2001	5000	8001	8730
186.0118098268	4	2005	5004	8005	8730
187.0119348223	4	2001	5000	8001	8730
188.0120598178	4	2001	5000	8001	8730
189.0121848133	4	2005	5004	8005	8730
190.0123098088	4	2001	5000	8001	8730
191.0124348043	4	2001	5000	8001	8730
192.0125597998	4	2005	5004	8005	8730
193.0126847953	4	2001	5000	8001	8730
194.0128097907	4	2001	5000	8001	8730
195.0129347862	4	2005	5004	8005	8730
196.0130597817	4	2001	5000	8001	8730
197.0131847772	4	2001	5000	8001	8730
198.0133097727	4	2005	5004	8005	8730
199.0134347682	4	2001	5000	8001	8730
200.0135597637	4	2001	5000	8001	8730
201.0136847591	4	2005	5004	8005	8730
202.0138097546	4	2001	5000	8001	8730
203.0139347501	4	2001	5000	8001	8730
204.0140597456	4	2005	5004	8005	8730
205.0141847411	4	2001	5000	8001	8730
206.0143097366	4	2001	5000	8001	8730
207.0144347321	4	2005	5004	8005	8730
208.0145597276	4	2001	5000	8001	8730
209.014684723	4	2001	5000	8001	8730
210.0148097185	4	2005	5004	8005	8730
211.014934714	4	2001	5000	8001	8730
212.0150597095	4	2001	5000	8001	8730
213.015184705	4	2005	5004	8005	8730
214.0153097005	4	2001	5000	8001	8730
215.015434696	4	2001	5000	8001	8730
216.0155596915	4	2005	5004	8005	8730
217.0156846869	4	2001	5000	8001	8730
218.0158096824	4	2001	5000	8001	8730
219.0159346779	4	2005	5004	8005	8730
220.0160596734	4	2001	5000	8001	8730
221.0161846689	4	2001	5000	8001	8730
222.0163096644	4	2005	5004	8005	8730
223.0164346599	4	2001	5000	8001	8730
224.0165596553	4	2001	5000	8001	8730
225.0166846508	4	2005	5004	8005	8730
226.0168096463	4	2001	5000	8001	8730
227.0169346418	4	2001	5000	8001	8730
228.0170596373	4	2005	5004	8005	8730
229.0171846328	4	2001	5000	8001	8730
230.0173096283	4	2001	5000	8001	8730
231.0174346238	4	2005	5004	8005	8730
232.0175596192	4	2001	5000	8001	8730
233.0176846147	4	2001	5000	8001	8730
234.0178096102	4	2005	5004	8005	8730
235.0179346057	4	2001	5000	8001	8730
236.0180596012	4	2001	5000	8001	8730
237.0181845967	4	2005	5004	8005	8730
238.0183095922	4	2001	5000	8001	8730
239.0184345876	4	2001	5000	8001	8730
240.0185595831	4	2005	5004	8005	8730
241.0186845786	4	2001	5000	8001	8730
242.0188095741	4	2001	5000	8001	8730
243.0189345696	4	2005	5004	8005	8730
244.0190595651	4	2001	5000	8001	8730
245.0191845606	4	2001	5000	8001	8730
246.0193095561	4	2005	5004	8005	8730
247.0194345515	4	2001	5000	8001	8730
248.019559547	4	2001	5000	8001	8730
249.0196845425	4	2005	5004	8005	8730
250.019809538	4	2001	5000	8001	8730
251.0199345335	4	2001	5000	8001	8730
252.020059529	4	2005	5004	8005	8730
253.0201845245	4	2001	5000	8001	8730
254.02030952	4	2001	5000	8001	8730
255.0204345154	4	2005	5004	8005	8730
256.020559511	4	2001	5001	8001	8730
257.020559511	4	2001	5001	8000	8730
258.020559511	4	2005	5005	8004	8730
259.020559511	4	2001	5001	8000	8730
260.020559511	4	2001	5001	8000	8730
261.020559511	4	2005	5005	8004	8730
262.020559511	4	2001	5001	8000	8730
263.020559511	4	2001	5001	8000	8730
264.020559511	4	2005	5005	8004	8730
265.020559511	4	2001	5001	8000	8730
266.020559511	4	2001	5001	8000	8730
267.020559511	4	2005	5005	8004	8730
268.020559511	4	2001	5001	8000	8730
269.020559511	4	2001	5001	8000	8730
270.020559511	4	2005	5005	8004	8730
271.020559511	4	2001	5001	8000	8730
272.020559511	4	2001	5001	8000	8730
273.020559511	4	2005	5005	8004	8730
274.020559511	4	2001	5001	8000	8730
275.020559511	4	2001	5001	8000	8730
276.020559511	4	2005	5005	8004	8730
277.020559511	4	2001	5001	8000	8730
278.020559511	4	2001	5001	8000	8730
279.020559511	4	2005	5005	8004	8730
280.020559511	4	2001	5001	8000	8730
281.020559511	4	2001	5001	8000	8730
282.020559511	4	2005	5005	8004	8730
283.020559511	4	2001	5000	8000	8730
284.020559511	4	2001	5000	8000	8730
285.020559511	4	2005	5004	8004	8730
286.020559511	4	2001	5000	8000	8730
287.020559511	4	2001	5000	8000	8730
288.020559511	4	2005	5004	8004	8730
289.020559511	4	2001	5000	8000	8730
290.020559511	4	2001	5000	8000	8730
291.020559511	4	2005	5004	8004	8730
292.020559511	4	2001	5000	8000	8730
293.020559511	4	2001	5000	8000	8730
294.020559511	4	2005	5004	8004	8730
295.020559511	4	2001	5000	8000	8730
296.020559511	4	2001	5000	8000	8730
297.020559511	4	2005	5004	8004	8730
298.020559511	4	2001	5000	8000	8730
299.020559511	4	2001	5000	8000	8730
300.020559511	4	2005	5004	8004	8730

