time	total energy (dso)	threshold per rtu	avg energy(dso)	threshold per ied	total energy(rtu)	ang energy (rtu)		attackFree	attackFree_avg
3.00000788	7.942835	25	1.588567	5	7.9428352791	1.5885670558		9.607424	1.921485
6.00000788	10.762522	25	2.152504	5	10.762521728	2.1525043456		10.826908	2.165382
9.00000788	11.829696	25	2.365939	5	11.829696062	2.3659392124		9.777831	1.955566
12.00000788	10.656754	25	2.131351	5	10.6567538009	2.1313507602		11.871108	2.374222
15.00000788	11.415145	25	2.283029	5	11.4151448929	2.2830289786		10.404877	2.080975
18.00000788	10.137451	25	2.02749	5	10.1374509229	2.0274901846		9.786527	1.957305
21.00000788	10.947588	25	2.189518	5	10.9475877415	2.1895175483		10.628146	2.125629
24.00000788	7.547262	25	1.509452	5	7.5472624451	1.509452489		11.65927	2.331854
27.00000788	7.920833	25	1.584167	5	7.9208331463	1.5841666293		10.700033	2.140007
30.00000788	11.807747	25	2.361549	5	11.8077470823	2.3615494165		10.303337	2.060667
33.00000788	7.702791	25	1.540558	5	7.7027905073	1.5405581015		10.411014	2.082203
36.00000788	10.077937	25	2.015587	5	10.0779372355	2.0155874471		10.149511	2.029902
39.00000788	10.344176	25	2.068835	5	10.3441756412	2.0688351282		10.664708	2.132942
42.00000788	8.990302	25	1.79806	5	8.9903021215	1.7980604243		11.591121	2.318224
45.00000788	11.647367	25	2.329473	5	11.6473671355	2.3294734271		9.636572	1.927314
48.00000788	10.946332	25	2.189266	5	10.9463320242	2.1892664048		9.365393	1.873079
51.00000788	9.128082	25	1.825616	5	9.1280822061	1.8256164412		10.378078	2.075616
54.00000788	11.533099	25	2.30662	5	11.5330992744	2.3066198549		9.349446	1.869889
57.00000788	7.86085	25	1.57217	5	7.8608501603	1.5721700321		10.403553	2.080711
60.00000788	10.323833	25	1.938385	5	30.4189318073	6.0837863615		29.383513	5.876703
63.00000788	10.323833	25	1.938385	5	28.8408939897	5.7681787979		6.863841	1.372768
66.00000788	10.323833	25	1.938385	5	27.7239695374	5.5447939075		7.712696	1.542539
69.00000788	10.323833	25	1.938385	5	29.4083740836	5.8816748167		7.636521	1.527304
72.00000788	10.323833	25	1.938385	5	29.9296814113	5.9859362823		7.277021	1.455404
75.00000788	10.323833	25	1.938385	5	29.0236012642	5.8047202528		7.93298	1.586596
78.00000788	10.323833	25	1.938385	5	32.0957684264	6.4191536853		8.961056	1.792211
81.00000788	10.323833	25	1.938385	5	28.6870650672	5.7374130134		7.924866	1.584973
84.00000788	10.323833	25	1.938385	5	29.324570656	5.8649141312		7.999203	1.599841
87.00000788	10.323833	25	1.938385	5	29.3889748524	5.8777949705		7.236494	1.447299
90.00000788	10.323833	25	1.938385	5	31.2513736439	6.2502747288		6.889773	1.377955
93.00000788	10.323833	25	1.938385	5	30.6336045203	6.1267209041		7.844915	1.568983
96.00000788	10.323833	25	1.938385	5	30.6255041568	6.1251008314		6.55321	1.310642
99.00000788	10.323833	25	1.938385	5	30.4556851889	6.0911370378		7.558464	1.511693
102.00000788	10.323833	25	1.938385	5	29.8418741679	5.9683748336		7.440493	1.488099
105.00000788	10.323833	25	1.938385	5	30.932088949	6.1864177898		8.4819	1.69638
108.00000788	10.323833	25	1.938385	5	30.6601816589	6.1320363318		8.203867	1.640773
111.00000788	10.323833	25	1.938385	5	31.2763493947	6.2552698789		7.929129	1.585826
114.00000788	10.323833	25	1.938385	5	31.8085548926	6.3617109785		8.101145	1.620229
117.00000788	10.323833	25	1.938385	5	29.470268027	5.8940536054		8.126886	1.625377
120.00000788	10.323833	25	1.938385	5	30.4841410319	6.0968282064		7.849258	1.569852
123.0000158	10.323833	25	1.938385	5	27.9570212845	5.5914042569		7.445808	1.489162
126.00000788	10.323833	25	1.938385	5	29.5204801854	5.9040960371		6.661827	1.332365
129.00000788	10.323833	25	1.938385	5	30.8164894157	6.1632978831		8.360918	1.672184
132.00000788	10.323833	25	1.938385	5	29.2517925304	5.8503585061		7.8578	1.57156
135.00000788	10.323833	25	1.938385	5	30.3056493943	6.0611298789		8.089758	1.617952
138.00000788	10.323833	25	1.938385	5	30.2147014649	6.042940293		7.241544	1.448309
141.00000788	10.323833	25	1.938385	5	30.8016772614	6.1603354523		6.511622	1.302324
144.00000788	10.323833	25	1.938385	5	30.4433563647	6.0886712729		7.676836	1.535367
147.00000788	10.323833	25	1.938385	5	31.9637804218	6.3927560844		7.323479	1.464696
150.00000788	10.323833	25	1.938385	5	29.5944458544	5.9188891709		7.259156	1.451831
153.00000788	10.323833	25	1.938385	5	29.8052893011	5.9610578602		6.524148	1.30483
156.00000788	10.323833	25	1.938385	5	30.9128747044	6.1825749409		6.894458	1.378892
159.00000788	10.323833	25	1.938385	5	29.7454133182	5.9490826636		7.476034	1.495207
162.00000788	10.323833	25	1.938385	5	28.2353893475	5.6470778695		8.339081	1.667816
165.00000788	10.323833	25	1.938385	5	31.3425384439	6.2685076888		8.047767	1.609553
168.00000788	10.323833	25	1.938385	5	31.0989807927	6.2197961585		6.730992	1.346198
171.00000788	10.323833	25	1.938385	5	29.3216572768	5.8643314554		7.584504	1.516901
174.00000788	10.323833	25	1.938385	5	30.3625490303	6.0725098061		7.841115	1.568223
177.00000788	10.323833	25	1.938385	5	29.1913412757	5.8382682551		7.462967	1.492593
180.00000788	10.323833	25	1.938385	5	31.1154945019	6.2230989004		8.076242	1.615248
183.00000788	10.323833	25	1.938385	5	29.9259116001	5.98518232		8.013016	1.602603
186.00000788	10.323833	25	1.938385	5	29.6992540027	5.9398508005		6.323938	1.264788
189.00000788	10.323833	25	1.938385	5	28.9245709207	5.7849141841		7.209036	1.441807
192.00000788	10.323833	25	1.938385	5	29.7638443152	5.952768863		7.314097	1.462819
195.00000788	10.323833	25	1.938385	5	31.3521022531	6.2704204506		7.740129	1.548026
198.00000788	10.323833	25	1.938385	5	29.8608987735	5.9721797547		8.350082	1.670016
201.00000788	10.323833	25	1.938385	5	29.9129030513	5.9825806103		7.514267	1.502853
204.00000788	10.323833	25	1.938385	5	30.5945110043	6.1189022009		7.586165	1.517233
207.00000788	10.323833	25	1.938385	5	29.4614287248	5.892285745		6.957663	1.391533
210.00000788	10.323833	25	1.938385	5	28.6243652373	5.7248730475		7.610336	1.522067
213.00000788	10.323833	25	1.938385	5	30.1358624352	6.027172487		8.367768	1.673554
216.00000788	10.323833	25	1.938385	5	30.2597457223	6.0519491445		7.714652	1.54293
219.00000788	10.323833	25	1.938385	5	29.4257618001	5.88515236		7.93177	1.586354
222.00000788	10.323833	25	1.938385	5	28.2174285522	5.6434857104		7.379683	1.475937
225.00000788	10.323833	25	1.938385	5	29.0001731799	5.800034636		8.351844	1.670369
228.00000788	10.323833	25	1.938385	5	30.9967729557	6.1993545911		7.082179	1.416436
231.00000788	10.323833	25	1.938385	5	28.0973377129	5.6194675426		7.332353	1.466471
234.00000788	10.323833	25	1.938385	5	28.7202747778	5.7440549556		7.268242	1.453648
237.00000788	10.323833	25	1.938385	5	29.6041586198	5.920831724		8.026587	1.605317
240.00000788	10.323833	25	1.938385	5	28.0777789124	5.6155557825		6.506905	1.301381
243.00000788	10.323833	25	1.938385	5	28.5060119652	5.701202393		6.8434	1.36868
246.0000158	10.323833	25	1.938385	5	29.8099903909	5.9619980782		7.597662	1.519532
249.00000788	10.323833	25	1.938385	5	28.8762735501	5.77525471		7.145529	1.429106
252.00000788	10.323833	25	1.938385	5	30.9659814078	6.1931962816		7.9607	1.59214
255.00000788	10.323833	25	1.938385	5	30.8343196774	6.1668639355		7.863288	1.572658
258.00000788	10.323833	25	1.938385	5	29.9456064537	5.9891212907		7.038396	1.407679
261.00000788	10.323833	25	1.938385	5	29.6858735061	5.9371747012		7.618004	1.523601
264.00000788	10.323833	25	1.938385	5	29.0686569861	5.8137313972		8.895418	1.779084
267.00000788	10.323833	25	1.938385	5	30.6144183102	6.122883662		7.213625	1.442725
270.00000788	10.323833	25	1.938385	5	29.5840649019	5.9168129804		8.156858	1.631372
273.00000788	10.323833	25	1.938385	5	29.6905589832	5.9381117966		7.921796	1.584359
276.00000788	10.323833	25	1.938385	5	29.8919497183	5.9783899437		8.242274	1.648455
279.00000788	10.323833	25	1.938385	5	30.1806804072	6.0361360814		7.523111	1.504622
282.00000788	10.323833	25	1.938385	5	30.7021556609	6.1404311322		6.673744	1.334749
285.00000788	10.323833	25	1.938385	5	30.6010018077	6.1202003615		6.568619	1.313724
288.00000788	10.323833	25	1.938385	5	28.6312596429	5.7262519286		7.421764	1.484353
291.00000788	10.323833	25	1.938385	5	30.3092551932	6.0618510386		7.024277	1.404855
294.00000788	10.323833	25	1.938385	5	31.6556400588	6.3311280118		6.991562	1.398312
297.00000788	10.323833	25	1.938385	5	30.6821621264	6.1364324253		6.449198	1.28984
300.00000788	10.323833	25	1.938385	5	30.488727232	6.0977454464		8.13009	1.626018

