520	4601	3.000530879999	0.000530879999
520	4787	3.000600479997	0.000600479997
520	4926	3.000670079995	0.000670079995
520	5048	3.000739679993	0.000739679993
520	5895	6.000530879999	0.000530879999
520	6081	6.000600479997	0.000600479997
520	6220	6.000670079995	0.000670079995
520	6342	6.000739679993	0.000739679993
520	7189	9.000530879999	0.000530879999
520	7375	9.000600479997	0.000600479997
520	7514	9.000670079995	0.000670079995
520	7636	9.000739679993	0.000739679993
520	8483	12.000530879999	0.000530879999
520	8669	12.000600479997	0.000600479997
520	8808	12.000670079995	0.000670079995
520	8930	12.000739679993	0.000739679993
520	9777	15.000530879999	0.000530879999
520	9963	15.000600479997	0.000600479997
520	10102	15.000670079995	0.000670079995
520	10224	15.000739679993	0.000739679993
520	11071	18.000530879999	0.000530879999
520	11257	18.000600479997	0.000600479997
520	11396	18.000670079995	0.000670079995
520	11518	18.000739679993	0.000739679993
520	12365	21.000530879999	0.000530879999
520	12551	21.000600479997	0.000600479997
520	12690	21.000670079995	0.000670079995
520	12812	21.000739679993	0.000739679993
520	13659	24.000530879999	0.000530879999
520	13845	24.000600479997	0.000600479997
520	13984	24.000670079995	0.000670079995
520	14106	24.000739679993	0.000739679993
520	14953	27.000530879999	0.000530879999
520	15139	27.000600479997	0.000600479997
520	15278	27.000670079995	0.000670079995
520	15400	27.000739679993	0.000739679993
520	21235	30.001015439984	0.001015439984
520	21842	30.001165359983	0.001165359983
520	22608	30.001377679978	0.001377679978
520	22801	30.001496079976	0.001496079976
520	27711	33.00137847998	0.00137847998
520	28177	33.001484239974	0.001484239974
520	28522	33.001593119978	0.001593119978
520	28976	33.001713839975	0.001713839975
520	33735	36.001405199983	0.001405199983
520	34179	36.001511039977	0.001511039977
520	34576	36.001655439973	0.001655439973
520	34991	36.001763279971	0.001763279971
520	39750	39.001405199983	0.001405199983
520	40194	39.001511039977	0.001511039977
520	40591	39.001655439973	0.001655439973
520	41006	39.001763279971	0.001763279971
520	45765	42.001405199983	0.001405199983
520	46209	42.001511039977	0.001511039977
520	46606	42.001655439973	0.001655439973
520	47021	42.001763279971	0.001763279971
520	51780	45.001405199983	0.001405199983
520	52224	45.001511039977	0.001511039977
520	52621	45.001655439973	0.001655439973
520	53036	45.001763279971	0.001763279971
520	57795	48.001405199983	0.001405199983
520	58239	48.001511039977	0.001511039977
520	58636	48.001655439973	0.001655439973
520	59051	48.001763279971	0.001763279971
520	63810	51.001405199983	0.001405199983
520	64254	51.001511039977	0.001511039977
520	64651	51.001655439973	0.001655439973
520	65066	51.001763279971	0.001763279971
520	69825	54.001405199983	0.001405199983
520	70269	54.001511039977	0.001511039977
520	70666	54.001655439973	0.001655439973
520	71081	54.001763279971	0.001763279971
520	75840	57.001405199983	0.001405199983
520	76284	57.001511039977	0.001511039977
520	76681	57.001655439973	0.001655439973
520	77096	57.001763279971	0.001763279971
520	84312	60.001531119972	0.001531119972
520	84668	60.00163895997	0.00163895997
520	85082	60.001738319965	0.001738319965
520	85551	60.001830959961	0.001830959961
520	90797	63.00145351998	0.00145351998
520	91245	63.001561439978	0.001561439978
520	91555	63.001667119972	0.001667119972
520	91985	63.001798879968	0.001798879968
520	96744	66.001405199983	0.001405199983
520	97188	66.001511039977	0.001511039977
520	97585	66.001655439973	0.001655439973
520	98000	66.001763279971	0.001763279971
520	103322	69.001405199983	0.001405199983
520	103766	69.001511039977	0.001511039977
520	104163	69.001655439973	0.001655439973
520	104578	69.001763279971	0.001763279971
520	109337	72.001405199983	0.001405199983
520	109781	72.001511039977	0.001511039977
520	110178	72.001655439973	0.001655439973
520	110593	72.001763279971	0.001763279971
520	115352	75.001405199983	0.001405199983
520	115796	75.001511039977	0.001511039977
520	116193	75.001655439973	0.001655439973
520	116608	75.001763279971	0.001763279971
520	121367	78.001405199983	0.001405199983
520	121811	78.001511039977	0.001511039977
520	122208	78.001655439973	0.001655439973
520	122623	78.001763279971	0.001763279971
520	127382	81.001405199983	0.001405199983
520	127826	81.001511039977	0.001511039977
520	128223	81.001655439973	0.001655439973
520	128638	81.001763279971	0.001763279971
520	133397	84.001405199983	0.001405199983
520	133841	84.001511039977	0.001511039977
520	134238	84.001655439973	0.001655439973
520	134653	84.001763279971	0.001763279971
520	139412	87.001405199983	0.001405199983
520	139856	87.001511039977	0.001511039977
520	140253	87.001655439973	0.001655439973
520	140668	87.001763279971	0.001763279971
520	146995	90.001243599984	0.001243599984
520	147850	90.001349439978	0.001349439978
520	149145	90.001662879967	0.001662879967
520	149328	90.001683359966	0.001683359966
520	154840	93.001367759985	0.001367759985
520	155681	93.001570799979	0.001570799979
520	156045	93.001689199977	0.001689199977
520	156207	93.001788559972	0.001788559972
520	161199	96.001405199983	0.001405199983
520	161643	96.001511039977	0.001511039977
520	162040	96.001655439973	0.001655439973
520	162455	96.001763279971	0.001763279971
520	167214	99.001405199983	0.001405199983
520	167658	99.001511039977	0.001511039977
520	168055	99.001655439973	0.001655439973
520	168470	99.001763279971	0.001763279971
520	173229	102.001405199983	0.001405199983
520	173673	102.001511039977	0.001511039977
520	174070	102.001655439973	0.001655439973
520	174485	102.001763279971	0.001763279971
520	179244	105.001405199983	0.001405199983
520	179688	105.001511039977	0.001511039977
520	180085	105.001655439973	0.001655439973
520	180500	105.001763279971	0.001763279971
520	185259	108.001405199983	0.001405199983
520	185703	108.001511039977	0.001511039977
520	186100	108.001655439973	0.001655439973
520	186515	108.001763279971	0.001763279971
520	191274	111.001405199983	0.001405199983
520	191718	111.001511039977	0.001511039977
520	192115	111.001655439973	0.001655439973
520	192530	111.001763279971	0.001763279971
520	197289	114.001405199983	0.001405199983
520	197733	114.001511039977	0.001511039977
520	198130	114.001655439973	0.001655439973
520	198545	114.001763279971	0.001763279971
520	203304	117.001405199983	0.001405199983
520	203748	117.001511039977	0.001511039977
520	204145	117.001655439973	0.001655439973
520	204560	117.001763279971	0.001763279971
520	210949	120.001551679975	0.001551679975
520	211540	120.001659599973	0.001659599973
520	212321	120.001768159974	0.001768159974
520	212877	120.001875999972	0.001875999972
520	219299	123.001587119964	0.001587119964
520	219799	123.001695759975	0.001695759975
520	220318	123.001811119969	0.001811119969
520	220585	123.001929519967	0.001929519967
520	225655	126.001393439982	0.001393439982
520	226042	126.00150143998	0.00150143998
520	226377	126.001600799975	0.001600799975
520	226792	126.001706239969	0.001706239969
520	231551	129.001405199983	0.001405199983
520	231995	129.001511039977	0.001511039977
520	232392	129.001655439973	0.001655439973
520	232807	129.001763279971	0.001763279971
520	237566	132.001405199983	0.001405199983
520	238010	132.001511039977	0.001511039977
520	238407	132.001655439973	0.001655439973
520	238822	132.001763279971	0.001763279971
520	243581	135.001405199983	0.001405199983
520	244025	135.001511039977	0.001511039977
520	244422	135.001655439973	0.001655439973
520	244837	135.001763279971	0.001763279971
520	249596	138.001405199983	0.001405199983
520	250040	138.001511039977	0.001511039977
520	250437	138.001655439973	0.001655439973
520	250852	138.001763279971	0.001763279971
520	255611	141.001405199983	0.001405199983
520	256055	141.001511039977	0.001511039977
520	256452	141.001655439973	0.001655439973
520	256867	141.001763279971	0.001763279971
520	261626	144.001405199983	0.001405199983
520	262070	144.001511039977	0.001511039977
520	262467	144.001655439973	0.001655439973
520	262882	144.001763279971	0.001763279971
520	267641	147.001405199983	0.001405199983
520	268085	147.001511039977	0.001511039977
520	268482	147.001655439973	0.001655439973
520	268897	147.001763279971	0.001763279971
520	274168	150.001482719977	0.001482719977
520	274689	150.001590639975	0.001590639975
520	275733	150.001781279966	0.001781279966
520	276208	150.001880639961	0.001880639961
520	282000	153.001405199983	0.001405199983
520	282444	153.001511039977	0.001511039977
520	282841	153.001655439973	0.001655439973
520	283256	153.001763279971	0.001763279971
520	287312	156.001146319988	0.001146319988
520	289246	156.001565599979	0.001565599979
520	289579	156.001673439977	0.001673439977
520	289741	156.001772799972	0.001772799972
520	294733	159.001405199983	0.001405199983
520	295177	159.001511039977	0.001511039977
520	295574	159.001655439973	0.001655439973
520	295989	159.001763279971	0.001763279971
520	300748	162.001405199983	0.001405199983
520	301192	162.001511039977	0.001511039977
520	301589	162.001655439973	0.001655439973
520	302004	162.001763279971	0.001763279971
520	306763	165.001405199983	0.001405199983
520	307207	165.001511039977	0.001511039977
520	307604	165.001655439973	0.001655439973
520	308019	165.001763279971	0.001763279971
520	312778	168.001405199983	0.001405199983
520	313222	168.001511039977	0.001511039977
520	313619	168.001655439973	0.001655439973
520	314034	168.001763279971	0.001763279971
520	318793	171.001405199983	0.001405199983
520	319237	171.001511039977	0.001511039977
520	319634	171.001655439973	0.001655439973
520	320049	171.001763279971	0.001763279971
520	324808	174.001405199983	0.001405199983
520	325252	174.001511039977	0.001511039977
520	325649	174.001655439973	0.001655439973
520	326064	174.001763279971	0.001763279971
520	330823	177.001405199983	0.001405199983
520	331267	177.001511039977	0.001511039977
520	331664	177.001655439973	0.001655439973
520	332079	177.001763279971	0.001763279971
520	336937	180.001405199983	0.001405199983
520	337614	180.001510959977	0.001510959977
520	338009	180.001631759974	0.001631759974
520	338583	180.001833599966	0.001833599966
520	344249	183.001444479982	0.001444479982
520	344722	183.001550319976	0.001550319976
520	345400	183.001694639972	0.001694639972
520	345851	183.00180247997	0.00180247997
520	352124	186.001491839973	0.001491839973
520	352480	186.001599679971	0.001599679971
520	352894	186.001699039966	0.001699039966
520	353363	186.001791679962	0.001791679962
520	358395	189.001393439982	0.001393439982
520	358782	189.00150143998	0.00150143998
520	359117	189.001600799975	0.001600799975
520	359532	189.001706239969	0.001706239969
520	364291	192.001405199983	0.001405199983
520	364735	192.001511039977	0.001511039977
520	365132	192.001655439973	0.001655439973
520	365547	192.001763279971	0.001763279971
520	370306	195.001405199983	0.001405199983
520	370750	195.001511039977	0.001511039977
520	371147	195.001655439973	0.001655439973
520	371562	195.001763279971	0.001763279971
520	376321	198.001405199983	0.001405199983
520	376765	198.001511039977	0.001511039977
520	377162	198.001655439973	0.001655439973
520	377577	198.001763279971	0.001763279971
520	382336	201.001405199983	0.001405199983
520	382780	201.001511039977	0.001511039977
520	383177	201.001655439973	0.001655439973
520	383592	201.001763279971	0.001763279971
520	388351	204.001405199983	0.001405199983
520	388795	204.001511039977	0.001511039977
520	389192	204.001655439973	0.001655439973
520	389607	204.001763279971	0.001763279971
520	394366	207.001405199983	0.001405199983
520	394810	207.001511039977	0.001511039977
520	395207	207.001655439973	0.001655439973
520	395622	207.001763279971	0.001763279971
520	400509	210.001405199983	0.001405199983
520	401013	210.001511039977	0.001511039977
520	401500	210.001631599974	0.001631599974
520	402098	210.00188111997	0.00188111997
520	407529	213.00145879998	0.00145879998
520	408063	213.001566719978	0.001566719978
520	408769	213.001672799972	0.001672799972
520	409390	213.001777519966	0.001777519966
520	414576	216.001384719984	0.001384719984
520	414985	216.001485599978	0.001485599978
520	415413	216.001626479976	0.001626479976
520	415828	216.001748959981	0.001748959981
520	419884	219.001146319988	0.001146319988
520	421818	219.001565599979	0.001565599979
520	422151	219.001673439977	0.001673439977
520	422313	219.001772799972	0.001772799972
520	427305	222.001405199983	0.001405199983
520	427749	222.001511039977	0.001511039977
520	428146	222.001655439973	0.001655439973
520	428561	222.001763279971	0.001763279971
520	433320	225.001405199983	0.001405199983
520	433764	225.001511039977	0.001511039977
520	434161	225.001655439973	0.001655439973
520	434576	225.001763279971	0.001763279971
520	439335	228.001405199983	0.001405199983
520	439779	228.001511039977	0.001511039977
520	440176	228.001655439973	0.001655439973
520	440591	228.001763279971	0.001763279971
520	445350	231.001405199983	0.001405199983
520	445794	231.001511039977	0.001511039977
520	446191	231.001655439973	0.001655439973
520	446606	231.001763279971	0.001763279971
520	451365	234.001405199983	0.001405199983
520	451809	234.001511039977	0.001511039977
520	452206	234.001655439973	0.001655439973
520	452621	234.001763279971	0.001763279971
520	457380	237.001405199983	0.001405199983
520	457824	237.001511039977	0.001511039977
520	458221	237.001655439973	0.001655439973
520	458636	237.001763279971	0.001763279971
520	463641	240.001416719983	0.001416719983
520	464166	240.001522559977	0.001522559977
520	464718	240.001666959973	0.001666959973
520	465181	240.001774799971	0.001774799971
520	470978	243.001499039979	0.001499039979
520	471567	243.001607439977	0.001607439977
520	472282	243.001715279975	0.001715279975
520	472942	243.001820719969	0.001820719969
520	477834	246.001405199983	0.001405199983
520	478278	246.001511039977	0.001511039977
520	478675	246.001655439973	0.001655439973
520	479126	246.001763279971	0.001763279971
520	484117	249.001200079985	0.001200079985
520	485481	249.00148903998	0.00148903998
520	485985	249.001623999974	0.001623999974
520	486206	249.001731839972	0.001731839972
520	491492	252.001393439982	0.001393439982
520	491879	252.00150143998	0.00150143998
520	492214	252.001600799975	0.001600799975
520	492629	252.001706239969	0.001706239969
520	497388	255.001405199983	0.001405199983
520	497832	255.001511039977	0.001511039977
520	498229	255.001655439973	0.001655439973
520	498644	255.001763279971	0.001763279971
520	503403	258.001405199983	0.001405199983
520	503847	258.001511039977	0.001511039977
520	504244	258.001655439973	0.001655439973
520	504659	258.001763279971	0.001763279971
520	509418	261.001405199983	0.001405199983
520	509862	261.001511039977	0.001511039977
520	510259	261.001655439973	0.001655439973
520	510674	261.001763279971	0.001763279971
520	515433	264.001405199983	0.001405199983
520	515877	264.001511039977	0.001511039977
520	516274	264.001655439973	0.001655439973
520	516689	264.001763279971	0.001763279971
520	521448	267.001405199983	0.001405199983
520	521892	267.001511039977	0.001511039977
520	522289	267.001655439973	0.001655439973
520	522704	267.001763279971	0.001763279971
520	527353	270.001398639984	0.001398639984
520	528307	270.001597279977	0.001597279977
520	528678	270.001717999974	0.001717999974
520	529132	270.001838719971	0.001838719971
520	535176	273.001527759976	0.001527759976
520	536098	273.00165823997	0.00165823997
520	536740	273.001766079968	0.001766079968
520	537373	273.001865439963	0.001865439963
520	542195	276.001405199983	0.001405199983
520	542639	276.001511039977	0.001511039977
520	543036	276.001655439973	0.001655439973
520	543451	276.001763279971	0.001763279971
520	549151	279.001488959976	0.001488959976
520	549565	279.001596959974	0.001596959974
520	549908	279.001703039968	0.001703039968
520	550323	279.001807999962	0.001807999962
520	556082	282.001347199983	0.001347199983
520	556662	282.001509999974	0.001509999974
520	556988	282.001617919972	0.001617919972
520	557403	282.001717279967	0.001717279967
520	562162	285.001405199983	0.001405199983
520	562606	285.001511039977	0.001511039977
520	563003	285.001655439973	0.001655439973
520	563418	285.001763279971	0.001763279971
520	568177	288.001405199983	0.001405199983
520	568621	288.001511039977	0.001511039977
520	569018	288.001655439973	0.001655439973
520	569433	288.001763279971	0.001763279971
520	574192	291.001405199983	0.001405199983
520	574636	291.001511039977	0.001511039977
520	575033	291.001655439973	0.001655439973
520	575448	291.001763279971	0.001763279971
520	580207	294.001405199983	0.001405199983
520	580651	294.001511039977	0.001511039977
520	581048	294.001655439973	0.001655439973
520	581463	294.001763279971	0.001763279971
520	586222	297.001405199983	0.001405199983
520	586666	297.001511039977	0.001511039977
520	587063	297.001655439973	0.001655439973
520	587478	297.001763279971	0.001763279971
520	592885	300.001560159976	0.001560159976
520	593040	300.001580639975	0.001580639975
520	593282	300.001655999973	0.001655999973
520	593697	300.001763279971	0.001763279971
