520	4601	3.000530879999	0.000530879999
520	4787	3.000600479997	0.000600479997
520	4926	3.000670079995	0.000670079995
520	5048	3.000739679993	0.000739679993
520	5895	6.000530879999	0.000530879999
520	6081	6.000600479997	0.000600479997
520	6220	6.000670079995	0.000670079995
520	6342	6.000739679993	0.000739679993
520	7189	9.000530879999	0.000530879999
520	7375	9.000600479997	0.000600479997
520	7514	9.000670079995	0.000670079995
520	7636	9.000739679993	0.000739679993
520	8483	12.000530879999	0.000530879999
520	8669	12.000600479997	0.000600479997
520	8808	12.000670079995	0.000670079995
520	8930	12.000739679993	0.000739679993
520	9777	15.000530879999	0.000530879999
520	9963	15.000600479997	0.000600479997
520	10102	15.000670079995	0.000670079995
520	10224	15.000739679993	0.000739679993
520	11071	18.000530879999	0.000530879999
520	11257	18.000600479997	0.000600479997
520	11396	18.000670079995	0.000670079995
520	11518	18.000739679993	0.000739679993
520	12365	21.000530879999	0.000530879999
520	12551	21.000600479997	0.000600479997
520	12690	21.000670079995	0.000670079995
520	12812	21.000739679993	0.000739679993
520	13659	24.000530879999	0.000530879999
520	13845	24.000600479997	0.000600479997
520	13984	24.000670079995	0.000670079995
520	14106	24.000739679993	0.000739679993
520	14953	27.000530879999	0.000530879999
520	15139	27.000600479997	0.000600479997
520	15278	27.000670079995	0.000670079995
520	15400	27.000739679993	0.000739679993
520	19991	30.000831679992	0.000831679992
520	20605	30.00094895999	0.00094895999
520	21077	30.001156399989	0.001156399989
520	21218	30.001229999985	0.001229999985
520	24537	33.001076959992	0.001076959992
520	25024	33.001176319987	0.001176319987
520	25287	33.001298319989	0.001298319989
520	25447	33.001416079984	0.001416079984
520	28395	36.00113703999	0.00113703999
520	28801	36.001236399985	0.001236399985
520	29015	36.001340159982	0.001340159982
520	29156	36.001432799978	0.001432799978
520	32104	39.00113703999	0.00113703999
520	32510	39.001236399985	0.001236399985
520	32724	39.001340159982	0.001340159982
520	32865	39.001432799978	0.001432799978
520	35813	42.00113703999	0.00113703999
520	36219	42.001236399985	0.001236399985
520	36433	42.001340159982	0.001340159982
520	36574	42.001432799978	0.001432799978
520	39522	45.00113703999	0.00113703999
520	39928	45.001236399985	0.001236399985
520	40142	45.001340159982	0.001340159982
520	40283	45.001432799978	0.001432799978
520	43231	48.00113703999	0.00113703999
520	43637	48.001236399985	0.001236399985
520	43851	48.001340159982	0.001340159982
520	43992	48.001432799978	0.001432799978
520	46940	51.00113703999	0.00113703999
520	47346	51.001236399985	0.001236399985
520	47560	51.001340159982	0.001340159982
520	47701	51.001432799978	0.001432799978
520	50649	54.00113703999	0.00113703999
520	51055	54.001236399985	0.001236399985
520	51269	54.001340159982	0.001340159982
520	51410	54.001432799978	0.001432799978
520	54358	57.00113703999	0.00113703999
520	54764	57.001236399985	0.001236399985
520	54978	57.001340159982	0.001340159982
520	55119	57.001432799978	0.001432799978
520	61000	60.001235839981	0.001235839981
520	61187	60.001307999985	0.001307999985
520	61347	60.001377599983	0.001377599983
520	61487	60.001447199981	0.001447199981
520	65301	63.00113703999	0.00113703999
520	65811	63.001236399985	0.001236399985
520	66017	63.001340159982	0.001340159982
520	66167	63.001439519977	0.001439519977
520	69115	66.00113703999	0.00113703999
520	69521	66.001236399985	0.001236399985
520	69735	66.001340159982	0.001340159982
520	69876	66.001432799978	0.001432799978
520	73144	69.00113703999	0.00113703999
520	73550	69.001236399985	0.001236399985
520	73764	69.001340159982	0.001340159982
520	73905	69.001432799978	0.001432799978
520	76853	72.00113703999	0.00113703999
520	77259	72.001236399985	0.001236399985
520	77473	72.001340159982	0.001340159982
520	77614	72.001432799978	0.001432799978
520	80562	75.00113703999	0.00113703999
520	80968	75.001236399985	0.001236399985
520	81182	75.001340159982	0.001340159982
520	81323	75.001432799978	0.001432799978
520	84271	78.00113703999	0.00113703999
520	84677	78.001236399985	0.001236399985
520	84891	78.001340159982	0.001340159982
520	85032	78.001432799978	0.001432799978
520	87980	81.00113703999	0.00113703999
520	88386	81.001236399985	0.001236399985
520	88600	81.001340159982	0.001340159982
520	88741	81.001432799978	0.001432799978
520	91689	84.00113703999	0.00113703999
520	92095	84.001236399985	0.001236399985
520	92309	84.001340159982	0.001340159982
520	92450	84.001432799978	0.001432799978
520	95398	87.00113703999	0.00113703999
520	95804	87.001236399985	0.001236399985
520	96018	87.001340159982	0.001340159982
520	96159	87.001432799978	0.001432799978
520	100937	90.001060479987	0.001060479987
520	102305	90.001312719978	0.001312719978
520	102404	90.001333199977	0.001333199977
520	102574	90.001402799975	0.001402799975
520	105904	93.00100207999	0.00100207999
520	106338	93.001071679988	0.001071679988
520	106970	93.001298719989	0.001298719989
520	107121	93.001398079984	0.001398079984
520	110440	96.001076959992	0.001076959992
520	110927	96.001176319987	0.001176319987
520	111190	96.001298319989	0.001298319989
520	111350	96.001416079984	0.001416079984
520	114298	99.00113703999	0.00113703999
520	114704	99.001236399985	0.001236399985
520	114918	99.001340159982	0.001340159982
520	115059	99.001432799978	0.001432799978
520	118007	102.00113703999	0.00113703999
520	118413	102.001236399985	0.001236399985
520	118627	102.001340159982	0.001340159982
520	118768	102.001432799978	0.001432799978
520	121716	105.00113703999	0.00113703999
520	122122	105.001236399985	0.001236399985
520	122336	105.001340159982	0.001340159982
520	122477	105.001432799978	0.001432799978
520	125425	108.00113703999	0.00113703999
520	125831	108.001236399985	0.001236399985
520	126045	108.001340159982	0.001340159982
520	126186	108.001432799978	0.001432799978
520	129134	111.00113703999	0.00113703999
520	129540	111.001236399985	0.001236399985
520	129754	111.001340159982	0.001340159982
520	129895	111.001432799978	0.001432799978
520	132843	114.00113703999	0.00113703999
520	133249	114.001236399985	0.001236399985
520	133463	114.001340159982	0.001340159982
520	133604	114.001432799978	0.001432799978
520	136552	117.00113703999	0.00113703999
520	136958	117.001236399985	0.001236399985
520	137172	117.001340159982	0.001340159982
520	137313	117.001432799978	0.001432799978
520	142140	120.001366799983	0.001366799983
520	142963	120.001466159978	0.001466159978
520	143490	120.001569919975	0.001569919975
520	143940	120.001662559971	0.001662559971
520	148684	123.001262879985	0.001262879985
520	148914	123.001332479983	0.001332479983
520	149083	123.001402079981	0.001402079981
520	149223	123.00147863998	0.00147863998
520	152973	126.00113703999	0.00113703999
520	153483	126.001236399985	0.001236399985
520	153689	126.001340159982	0.001340159982
520	153839	126.001439519977	0.001439519977
520	156787	129.00113703999	0.00113703999
520	157193	129.001236399985	0.001236399985
520	157407	129.001340159982	0.001340159982
520	157548	129.001432799978	0.001432799978
520	160496	132.00113703999	0.00113703999
520	160902	132.001236399985	0.001236399985
520	161116	132.001340159982	0.001340159982
520	161257	132.001432799978	0.001432799978
520	164205	135.00113703999	0.00113703999
520	164611	135.001236399985	0.001236399985
520	164825	135.001340159982	0.001340159982
520	164966	135.001432799978	0.001432799978
520	167914	138.00113703999	0.00113703999
520	168320	138.001236399985	0.001236399985
520	168534	138.001340159982	0.001340159982
520	168675	138.001432799978	0.001432799978
520	171623	141.00113703999	0.00113703999
520	172029	141.001236399985	0.001236399985
520	172243	141.001340159982	0.001340159982
520	172384	141.001432799978	0.001432799978
520	175332	144.00113703999	0.00113703999
520	175738	144.001236399985	0.001236399985
520	175952	144.001340159982	0.001340159982
520	176093	144.001432799978	0.001432799978
520	179041	147.00113703999	0.00113703999
520	179447	147.001236399985	0.001236399985
520	179661	147.001340159982	0.001340159982
520	179802	147.001432799978	0.001432799978
520	182879	150.00113703999	0.00113703999
520	184134	150.001419599981	0.001419599981
520	184283	150.00144007998	0.00144007998
520	184636	150.001561919978	0.001561919978
520	188541	153.001079919989	0.001079919989
520	189267	153.001245839987	0.001245839987
520	189473	153.001351439981	0.001351439981
520	189623	153.001450799976	0.001450799976
520	192672	156.00100207999	0.00100207999
520	193106	156.001071679988	0.001071679988
520	193738	156.001298719989	0.001298719989
520	193889	156.001398079984	0.001398079984
520	197208	159.001076959992	0.001076959992
520	197695	159.001176319987	0.001176319987
520	197958	159.001298319989	0.001298319989
520	198118	159.001416079984	0.001416079984
520	201066	162.00113703999	0.00113703999
520	201472	162.001236399985	0.001236399985
520	201686	162.001340159982	0.001340159982
520	201827	162.001432799978	0.001432799978
520	204775	165.00113703999	0.00113703999
520	205181	165.001236399985	0.001236399985
520	205395	165.001340159982	0.001340159982
520	205536	165.001432799978	0.001432799978
520	208484	168.00113703999	0.00113703999
520	208890	168.001236399985	0.001236399985
520	209104	168.001340159982	0.001340159982
520	209245	168.001432799978	0.001432799978
520	212193	171.00113703999	0.00113703999
520	212599	171.001236399985	0.001236399985
520	212813	171.001340159982	0.001340159982
520	212954	171.001432799978	0.001432799978
520	215902	174.00113703999	0.00113703999
520	216308	174.001236399985	0.001236399985
520	216522	174.001340159982	0.001340159982
520	216663	174.001432799978	0.001432799978
520	219611	177.00113703999	0.00113703999
520	220017	177.001236399985	0.001236399985
520	220231	177.001340159982	0.001340159982
520	220372	177.001432799978	0.001432799978
520	223544	180.00113703999	0.00113703999
520	223950	180.001236399985	0.001236399985
520	224196	180.001340159982	0.001340159982
520	224438	180.001432799978	0.001432799978
520	228529	183.001186719989	0.001186719989
520	229194	183.001286079984	0.001286079984
520	229441	183.001389839981	0.001389839981
520	229891	183.001482479977	0.001482479977
520	234175	186.001075039988	0.001075039988
520	234539	186.001249439987	0.001249439987
520	234787	186.001368159984	0.001368159984
520	234849	186.001388639983	0.001388639983
520	238599	189.00113703999	0.00113703999
520	239109	189.001236399985	0.001236399985
520	239315	189.001340159982	0.001340159982
520	239465	189.001439519977	0.001439519977
520	242413	192.00113703999	0.00113703999
520	242819	192.001236399985	0.001236399985
520	243033	192.001340159982	0.001340159982
520	243174	192.001432799978	0.001432799978
520	246122	195.00113703999	0.00113703999
520	246528	195.001236399985	0.001236399985
520	246742	195.001340159982	0.001340159982
520	246883	195.001432799978	0.001432799978
520	249831	198.00113703999	0.00113703999
520	250237	198.001236399985	0.001236399985
520	250451	198.001340159982	0.001340159982
520	250592	198.001432799978	0.001432799978
520	253540	201.00113703999	0.00113703999
520	253946	201.001236399985	0.001236399985
520	254160	201.001340159982	0.001340159982
520	254301	201.001432799978	0.001432799978
520	257249	204.00113703999	0.00113703999
520	257655	204.001236399985	0.001236399985
520	257869	204.001340159982	0.001340159982
520	258010	204.001432799978	0.001432799978
520	260958	207.00113703999	0.00113703999
520	261364	207.001236399985	0.001236399985
520	261578	207.001340159982	0.001340159982
520	261719	207.001432799978	0.001432799978
520	264819	210.00113703999	0.00113703999
520	265297	210.001236399985	0.001236399985
520	265511	210.001340159982	0.001340159982
520	265652	210.001432799978	0.001432799978
520	269084	213.00113703999	0.00113703999
520	269843	213.001242639987	0.001242639987
520	270350	213.001348239981	0.001348239981
520	270799	213.001465839976	0.001465839976
520	275116	216.001179119988	0.001179119988
520	275692	216.001354399983	0.001354399983
520	275746	216.001374879982	0.001374879982
520	275897	216.001479599979	0.001479599979
520	278607	219.000851999993	0.000851999993
520	279663	219.001077599991	0.001077599991
520	279973	219.001256799981	0.001256799981
520	280035	219.00127727998	0.00127727998
520	283354	222.001076959992	0.001076959992
520	283841	222.001176319987	0.001176319987
520	284104	222.001298319989	0.001298319989
520	284264	222.001416079984	0.001416079984
520	287212	225.00113703999	0.00113703999
520	287618	225.001236399985	0.001236399985
520	287832	225.001340159982	0.001340159982
520	287973	225.001432799978	0.001432799978
520	290921	228.00113703999	0.00113703999
520	291327	228.001236399985	0.001236399985
520	291541	228.001340159982	0.001340159982
520	291682	228.001432799978	0.001432799978
520	294630	231.00113703999	0.00113703999
520	295036	231.001236399985	0.001236399985
520	295250	231.001340159982	0.001340159982
520	295391	231.001432799978	0.001432799978
520	298339	234.00113703999	0.00113703999
520	298745	234.001236399985	0.001236399985
520	298959	234.001340159982	0.001340159982
520	299100	234.001432799978	0.001432799978
520	302048	237.00113703999	0.00113703999
520	302454	237.001236399985	0.001236399985
520	302668	237.001340159982	0.001340159982
520	302809	237.001432799978	0.001432799978
520	306009	240.00114855999	0.00114855999
520	306563	240.001248159979	0.001248159979
520	306862	240.001351679982	0.001351679982
520	307082	240.001444319978	0.001444319978
520	310731	243.001187759989	0.001187759989
520	311540	243.001293359983	0.001293359983
520	312126	243.001398959977	0.001398959977
520	312556	243.001499839976	0.001499839976
520	316083	246.00113703999	0.00113703999
520	316748	246.001236399985	0.001236399985
520	316995	246.001340159982	0.001340159982
520	317445	246.001432799978	0.001432799978
520	321670	249.000949279992	0.000949279992
520	321946	249.00101887999	0.00101887999
520	322124	249.001094239988	0.001094239988
520	322275	249.001197679981	0.001197679981
520	326025	252.00113703999	0.00113703999
520	326535	252.001236399985	0.001236399985
520	326741	252.001340159982	0.001340159982
520	326891	252.001439519977	0.001439519977
520	329839	255.00113703999	0.00113703999
520	330245	255.001236399985	0.001236399985
520	330459	255.001340159982	0.001340159982
520	330600	255.001432799978	0.001432799978
520	333548	258.00113703999	0.00113703999
520	333954	258.001236399985	0.001236399985
520	334168	258.001340159982	0.001340159982
520	334309	258.001432799978	0.001432799978
520	337257	261.00113703999	0.00113703999
520	337663	261.001236399985	0.001236399985
520	337877	261.001340159982	0.001340159982
520	338018	261.001432799978	0.001432799978
520	340966	264.00113703999	0.00113703999
520	341372	264.001236399985	0.001236399985
520	341586	264.001340159982	0.001340159982
520	341727	264.001432799978	0.001432799978
520	344675	267.00113703999	0.00113703999
520	345081	267.001236399985	0.001236399985
520	345295	267.001340159982	0.001340159982
520	345436	267.001432799978	0.001432799978
520	348512	270.00113703999	0.00113703999
520	349014	270.001236399985	0.001236399985
520	349228	270.001340159982	0.001340159982
520	349369	270.001432799978	0.001432799978
520	353826	273.001348079981	0.001348079981
520	353916	273.00136855998	0.00136855998
520	354199	273.001438159978	0.001438159978
520	354333	273.001507759976	0.001507759976
520	357582	276.00113703999	0.00113703999
520	358339	276.001236399985	0.001236399985
520	358545	276.001340159982	0.001340159982
520	358742	276.001439519977	0.001439519977
520	363758	279.001357039984	0.001357039984
520	363829	279.001377519983	0.001377519983
520	363890	279.001397999982	0.001397999982
520	364030	279.00146759998	0.00146759998
520	367501	282.00113703999	0.00113703999
520	367719	282.001236399985	0.001236399985
520	368125	282.001319679983	0.001319679983
520	368350	282.00153567998	0.00153567998
520	371531	285.00113703999	0.00113703999
520	371937	285.001236399985	0.001236399985
520	372151	285.001340159982	0.001340159982
520	372292	285.001432799978	0.001432799978
520	375240	288.00113703999	0.00113703999
520	375646	288.001236399985	0.001236399985
520	375860	288.001340159982	0.001340159982
520	376001	288.001432799978	0.001432799978
520	378949	291.00113703999	0.00113703999
520	379355	291.001236399985	0.001236399985
520	379569	291.001340159982	0.001340159982
520	379710	291.001432799978	0.001432799978
520	382658	294.00113703999	0.00113703999
520	383064	294.001236399985	0.001236399985
520	383278	294.001340159982	0.001340159982
520	383419	294.001432799978	0.001432799978
520	386367	297.00113703999	0.00113703999
520	386773	297.001236399985	0.001236399985
520	386987	297.001340159982	0.001340159982
520	387128	297.001432799978	0.001432799978
520	390204	300.00113703999	0.00113703999
520	390706	300.001236399985	0.001236399985
520	391055	300.001340159982	0.001340159982
520	391393	300.001564479974	0.001564479974
