520	4601	3.000530879999	0.000530879999
520	4787	3.000600479997	0.000600479997
520	4926	3.000670079995	0.000670079995
520	5048	3.000739679993	0.000739679993
520	5895	6.000530879999	0.000530879999
520	6081	6.000600479997	0.000600479997
520	6220	6.000670079995	0.000670079995
520	6342	6.000739679993	0.000739679993
520	7189	9.000530879999	0.000530879999
520	7375	9.000600479997	0.000600479997
520	7514	9.000670079995	0.000670079995
520	7636	9.000739679993	0.000739679993
520	8483	12.000530879999	0.000530879999
520	8669	12.000600479997	0.000600479997
520	8808	12.000670079995	0.000670079995
520	8930	12.000739679993	0.000739679993
520	9777	15.000530879999	0.000530879999
520	9963	15.000600479997	0.000600479997
520	10102	15.000670079995	0.000670079995
520	10224	15.000739679993	0.000739679993
520	11071	18.000530879999	0.000530879999
520	11257	18.000600479997	0.000600479997
520	11396	18.000670079995	0.000670079995
520	11518	18.000739679993	0.000739679993
520	12365	21.000530879999	0.000530879999
520	12551	21.000600479997	0.000600479997
520	12690	21.000670079995	0.000670079995
520	12812	21.000739679993	0.000739679993
520	13659	24.000530879999	0.000530879999
520	13845	24.000600479997	0.000600479997
520	13984	24.000670079995	0.000670079995
520	14106	24.000739679993	0.000739679993
520	14953	27.000530879999	0.000530879999
520	15139	27.000600479997	0.000600479997
520	15278	27.000670079995	0.000670079995
520	15400	27.000739679993	0.000739679993
520	19968	30.000831679992	0.000831679992
520	20163	30.00090127999	0.00090127999
520	20314	30.000970879988	0.000970879988
520	20436	30.001040479986	0.001040479986
520	21283	33.000530879999	0.000530879999
520	21469	33.000600479997	0.000600479997
520	21608	33.000670079995	0.000670079995
520	21730	33.000739679993	0.000739679993
520	22577	36.000530879999	0.000530879999
520	22763	36.000600479997	0.000600479997
520	22902	36.000670079995	0.000670079995
520	23024	36.000739679993	0.000739679993
520	23871	39.000530879999	0.000530879999
520	24057	39.000600479997	0.000600479997
520	24196	39.000670079995	0.000670079995
520	24318	39.000739679993	0.000739679993
520	25165	42.000530879999	0.000530879999
520	25351	42.000600479997	0.000600479997
520	25490	42.000670079995	0.000670079995
520	25612	42.000739679993	0.000739679993
520	26459	45.000530879999	0.000530879999
520	26645	45.000600479997	0.000600479997
520	26784	45.000670079995	0.000670079995
520	26906	45.000739679993	0.000739679993
520	27753	48.000530879999	0.000530879999
520	27939	48.000600479997	0.000600479997
520	28078	48.000670079995	0.000670079995
520	28200	48.000739679993	0.000739679993
520	29047	51.000530879999	0.000530879999
520	29233	51.000600479997	0.000600479997
520	29372	51.000670079995	0.000670079995
520	29494	51.000739679993	0.000739679993
520	30341	54.000530879999	0.000530879999
520	30527	54.000600479997	0.000600479997
520	30666	54.000670079995	0.000670079995
520	30788	54.000739679993	0.000739679993
520	31635	57.000530879999	0.000530879999
520	31821	57.000600479997	0.000600479997
520	31960	57.000670079995	0.000670079995
520	32082	57.000739679993	0.000739679993
520	35105	60.000700079995	0.000700079995
520	35667	60.000769679993	0.000769679993
520	36763	60.001027999989	0.001027999989
520	36885	60.001097599987	0.001097599987
520	38482	63.000752639996	0.000752639996
520	38668	63.000822239994	0.000822239994
520	38807	63.000891839992	0.000891839992
520	38929	63.00096143999	0.00096143999
520	39776	66.000530879999	0.000530879999
520	39962	66.000600479997	0.000600479997
520	40101	66.000670079995	0.000670079995
520	40324	66.000739679993	0.000739679993
520	41178	69.000530879999	0.000530879999
520	41364	69.000600479997	0.000600479997
520	41503	69.000670079995	0.000670079995
520	41625	69.000739679993	0.000739679993
520	42472	72.000530879999	0.000530879999
520	42658	72.000600479997	0.000600479997
520	42797	72.000670079995	0.000670079995
520	42919	72.000739679993	0.000739679993
520	43766	75.000530879999	0.000530879999
520	43952	75.000600479997	0.000600479997
520	44091	75.000670079995	0.000670079995
520	44213	75.000739679993	0.000739679993
520	45060	78.000530879999	0.000530879999
520	45246	78.000600479997	0.000600479997
520	45385	78.000670079995	0.000670079995
520	45507	78.000739679993	0.000739679993
520	46354	81.000530879999	0.000530879999
520	46540	81.000600479997	0.000600479997
520	46679	81.000670079995	0.000670079995
520	46801	81.000739679993	0.000739679993
520	47648	84.000530879999	0.000530879999
520	47834	84.000600479997	0.000600479997
520	47973	84.000670079995	0.000670079995
520	48095	84.000739679993	0.000739679993
520	48942	87.000530879999	0.000530879999
520	49128	87.000600479997	0.000600479997
520	49267	87.000670079995	0.000670079995
520	49389	87.000739679993	0.000739679993
520	50861	90.000530879999	0.000530879999
520	51523	90.000698399995	0.000698399995
520	51948	90.000790959991	0.000790959991
520	52480	90.000870159989	0.000870159989
520	56299	93.000843119992	0.000843119992
520	56485	93.00091271999	0.00091271999
520	56624	93.000982319988	0.000982319988
520	56746	93.001051919986	0.001051919986
520	57593	96.000530879999	0.000530879999
520	57779	96.000600479997	0.000600479997
520	57918	96.000670079995	0.000670079995
520	58040	96.000739679993	0.000739679993
520	58887	99.000530879999	0.000530879999
520	59073	99.000600479997	0.000600479997
520	59212	99.000670079995	0.000670079995
520	59334	99.000739679993	0.000739679993
520	60181	102.000530879999	0.000530879999
520	60367	102.000600479997	0.000600479997
520	60506	102.000670079995	0.000670079995
520	60628	102.000739679993	0.000739679993
520	61475	105.000530879999	0.000530879999
520	61661	105.000600479997	0.000600479997
520	61800	105.000670079995	0.000670079995
520	61922	105.000739679993	0.000739679993
520	62769	108.000530879999	0.000530879999
520	62955	108.000600479997	0.000600479997
520	63094	108.000670079995	0.000670079995
520	63216	108.000739679993	0.000739679993
520	64063	111.000530879999	0.000530879999
520	64249	111.000600479997	0.000600479997
520	64388	111.000670079995	0.000670079995
520	64510	111.000739679993	0.000739679993
520	65357	114.000530879999	0.000530879999
520	65543	114.000600479997	0.000600479997
520	65682	114.000670079995	0.000670079995
520	65804	114.000739679993	0.000739679993
520	66651	117.000530879999	0.000530879999
520	66837	117.000600479997	0.000600479997
520	66976	117.000670079995	0.000670079995
520	67098	117.000739679993	0.000739679993
520	68966	120.000791519992	0.000791519992
520	69104	120.000811999991	0.000811999991
520	69788	120.000949599984	0.000949599984
520	69938	120.000970079983	0.000970079983
520	73176	123.000749199994	0.000749199994
520	73391	123.000769679993	0.000769679993
520	73616	123.000839279991	0.000839279991
520	73740	123.000908879989	0.000908879989
520	75337	126.000752639996	0.000752639996
520	75523	126.000822239994	0.000822239994
520	75662	126.000891839992	0.000891839992
520	75784	126.00096143999	0.00096143999
520	76631	129.000530879999	0.000530879999
520	76817	129.000600479997	0.000600479997
520	76956	129.000670079995	0.000670079995
520	77078	129.000739679993	0.000739679993
520	77925	132.000530879999	0.000530879999
520	78111	132.000600479997	0.000600479997
520	78250	132.000670079995	0.000670079995
520	78372	132.000739679993	0.000739679993
520	79219	135.000530879999	0.000530879999
520	79405	135.000600479997	0.000600479997
520	79544	135.000670079995	0.000670079995
520	79666	135.000739679993	0.000739679993
520	80513	138.000530879999	0.000530879999
520	80699	138.000600479997	0.000600479997
520	80838	138.000670079995	0.000670079995
520	80960	138.000739679993	0.000739679993
520	81807	141.000530879999	0.000530879999
520	81993	141.000600479997	0.000600479997
520	82132	141.000670079995	0.000670079995
520	82254	141.000739679993	0.000739679993
520	83101	144.000530879999	0.000530879999
520	83287	144.000600479997	0.000600479997
520	83426	144.000670079995	0.000670079995
520	83548	144.000739679993	0.000739679993
520	84395	147.000530879999	0.000530879999
520	84581	147.000600479997	0.000600479997
520	84720	147.000670079995	0.000670079995
520	84842	147.000739679993	0.000739679993
520	85689	150.000530879999	0.000530879999
520	85875	150.000600479997	0.000600479997
520	86014	150.000670079995	0.000670079995
520	86136	150.000739679993	0.000739679993
520	87650	153.000581279994	0.000581279994
520	88361	153.000711679994	0.000711679994
520	89615	153.000921999992	0.000921999992
520	90126	153.001096319988	0.001096319988
520	93242	156.000749199994	0.000749199994
520	93319	156.000769679993	0.000769679993
520	93531	156.00088839999	0.00088839999
520	93593	156.000908879989	0.000908879989
520	94440	159.000530879999	0.000530879999
520	94626	159.000600479997	0.000600479997
520	94765	159.000670079995	0.000670079995
520	94887	159.000739679993	0.000739679993
520	95734	162.000530879999	0.000530879999
520	95920	162.000600479997	0.000600479997
520	96059	162.000670079995	0.000670079995
520	96181	162.000739679993	0.000739679993
520	97028	165.000530879999	0.000530879999
520	97214	165.000600479997	0.000600479997
520	97353	165.000670079995	0.000670079995
520	97475	165.000739679993	0.000739679993
520	98322	168.000530879999	0.000530879999
520	98508	168.000600479997	0.000600479997
520	98647	168.000670079995	0.000670079995
520	98769	168.000739679993	0.000739679993
520	99616	171.000530879999	0.000530879999
520	99802	171.000600479997	0.000600479997
520	99941	171.000670079995	0.000670079995
520	100063	171.000739679993	0.000739679993
520	100910	174.000530879999	0.000530879999
520	101096	174.000600479997	0.000600479997
520	101235	174.000670079995	0.000670079995
520	101357	174.000739679993	0.000739679993
520	102204	177.000530879999	0.000530879999
520	102390	177.000600479997	0.000600479997
520	102529	177.000670079995	0.000670079995
520	102651	177.000739679993	0.000739679993
520	103498	180.000530879999	0.000530879999
520	103684	180.000600479997	0.000600479997
520	103823	180.000670079995	0.000670079995
520	103945	180.000739679993	0.000739679993
520	104866	183.000530879999	0.000530879999
520	105654	183.000822159993	0.000822159993
520	105873	183.000891759991	0.000891759991
520	106421	183.000975359987	0.000975359987
520	109888	186.000662559995	0.000662559995
520	110381	186.000732159993	0.000732159993
520	110589	186.000851279991	0.000851279991
520	110711	186.000920879989	0.000920879989
520	112003	189.000530879999	0.000530879999
520	112171	189.000600479997	0.000600479997
520	112341	189.000672159997	0.000672159997
520	112472	189.000741759995	0.000741759995
520	113319	192.000530879999	0.000530879999
520	113505	192.000600479997	0.000600479997
520	113644	192.000670079995	0.000670079995
520	113766	192.000739679993	0.000739679993
520	114613	195.000530879999	0.000530879999
520	114799	195.000600479997	0.000600479997
520	114938	195.000670079995	0.000670079995
520	115060	195.000739679993	0.000739679993
520	115907	198.000530879999	0.000530879999
520	116093	198.000600479997	0.000600479997
520	116232	198.000670079995	0.000670079995
520	116354	198.000739679993	0.000739679993
520	117201	201.000530879999	0.000530879999
520	117387	201.000600479997	0.000600479997
520	117526	201.000670079995	0.000670079995
520	117648	201.000739679993	0.000739679993
520	118495	204.000530879999	0.000530879999
520	118681	204.000600479997	0.000600479997
520	118820	204.000670079995	0.000670079995
520	118942	204.000739679993	0.000739679993
520	119789	207.000530879999	0.000530879999
520	119975	207.000600479997	0.000600479997
520	120114	207.000670079995	0.000670079995
520	120236	207.000739679993	0.000739679993
520	121083	210.000530879999	0.000530879999
520	121269	210.000600479997	0.000600479997
520	121408	210.000670079995	0.000670079995
520	121530	210.000739679993	0.000739679993
520	122377	213.000530879999	0.000530879999
520	122595	213.000600479997	0.000600479997
520	122734	213.000670079995	0.000670079995
520	122856	213.000739679993	0.000739679993
520	125057	216.000678239996	0.000678239996
520	126958	216.00110767999	0.00110767999
520	127020	216.001128159989	0.001128159989
520	127142	216.001197759987	0.001197759987
520	128656	219.000530879999	0.000530879999
520	129019	219.000600479997	0.000600479997
520	129304	219.000798319993	0.000798319993
520	129435	219.000867919991	0.000867919991
520	130282	222.000530879999	0.000530879999
520	130468	222.000600479997	0.000600479997
520	130607	222.000670079995	0.000670079995
520	130729	222.000739679993	0.000739679993
520	131576	225.000530879999	0.000530879999
520	131762	225.000600479997	0.000600479997
520	131901	225.000670079995	0.000670079995
520	132023	225.000739679993	0.000739679993
520	132870	228.000530879999	0.000530879999
520	133056	228.000600479997	0.000600479997
520	133195	228.000670079995	0.000670079995
520	133317	228.000739679993	0.000739679993
520	134164	231.000530879999	0.000530879999
520	134350	231.000600479997	0.000600479997
520	134489	231.000670079995	0.000670079995
520	134611	231.000739679993	0.000739679993
520	135458	234.000530879999	0.000530879999
520	135644	234.000600479997	0.000600479997
520	135783	234.000670079995	0.000670079995
520	135905	234.000739679993	0.000739679993
520	136752	237.000530879999	0.000530879999
520	136938	237.000600479997	0.000600479997
520	137077	237.000670079995	0.000670079995
520	137199	237.000739679993	0.000739679993
520	138055	240.000530879999	0.000530879999
520	138240	240.000600479997	0.000600479997
520	138462	240.000676799994	0.000676799994
520	138629	240.000753119991	0.000753119991
520	140066	243.000581599998	0.000581599998
520	140252	243.000651199996	0.000651199996
520	140391	243.000720799994	0.000720799994
520	140513	243.000790399992	0.000790399992
520	141437	246.000530879999	0.000530879999
520	142659	246.000822239993	0.000822239993
520	142767	246.000891839991	0.000891839991
520	143402	246.000975439987	0.000975439987
520	146606	249.000776159993	0.000776159993
520	146772	249.000845759991	0.000845759991
520	146894	249.000915359989	0.000915359989
520	147016	249.000984959987	0.000984959987
520	148095	252.000530879999	0.000530879999
520	148281	252.000600479997	0.000600479997
520	148420	252.000670079995	0.000670079995
520	148542	252.000739679993	0.000739679993
520	149389	255.000530879999	0.000530879999
520	149575	255.000600479997	0.000600479997
520	149714	255.000670079995	0.000670079995
520	149836	255.000739679993	0.000739679993
520	150683	258.000530879999	0.000530879999
520	150869	258.000600479997	0.000600479997
520	151008	258.000670079995	0.000670079995
520	151130	258.000739679993	0.000739679993
520	151977	261.000530879999	0.000530879999
520	152163	261.000600479997	0.000600479997
520	152302	261.000670079995	0.000670079995
520	152424	261.000739679993	0.000739679993
520	153271	264.000530879999	0.000530879999
520	153457	264.000600479997	0.000600479997
520	153596	264.000670079995	0.000670079995
520	153718	264.000739679993	0.000739679993
520	154565	267.000530879999	0.000530879999
520	154751	267.000600479997	0.000600479997
520	154890	267.000670079995	0.000670079995
520	155012	267.000739679993	0.000739679993
520	155859	270.000530879999	0.000530879999
520	156045	270.000600479997	0.000600479997
520	156184	270.000670079995	0.000670079995
520	156306	270.000739679993	0.000739679993
520	157153	273.000530879999	0.000530879999
520	157339	273.000600479997	0.000600479997
520	157478	273.000670079995	0.000670079995
520	157600	273.000739679993	0.000739679993
520	158447	276.000530879999	0.000530879999
520	158665	276.000600479997	0.000600479997
520	158804	276.000670079995	0.000670079995
520	158926	276.000739679993	0.000739679993
520	161935	279.000655919996	0.000655919996
520	163311	279.00088735999	0.00088735999
520	163690	279.001114159986	0.001114159986
520	163752	279.001134639985	0.001134639985
520	164952	282.000530879999	0.000530879999
520	165289	282.000600479997	0.000600479997
520	165464	282.000670079995	0.000670079995
520	165646	282.000847439992	0.000847439992
520	166493	285.000530879999	0.000530879999
520	166679	285.000600479997	0.000600479997
520	166818	285.000670079995	0.000670079995
520	166940	285.000739679993	0.000739679993
520	167787	288.000530879999	0.000530879999
520	167973	288.000600479997	0.000600479997
520	168112	288.000670079995	0.000670079995
520	168234	288.000739679993	0.000739679993
520	169081	291.000530879999	0.000530879999
520	169267	291.000600479997	0.000600479997
520	169406	291.000670079995	0.000670079995
520	169528	291.000739679993	0.000739679993
520	170375	294.000530879999	0.000530879999
520	170561	294.000600479997	0.000600479997
520	170700	294.000670079995	0.000670079995
520	170822	294.000739679993	0.000739679993
520	171669	297.000530879999	0.000530879999
520	171855	297.000600479997	0.000600479997
520	171994	297.000670079995	0.000670079995
520	172116	297.000739679993	0.000739679993
520	172963	300.000530879999	0.000530879999
520	173149	300.000600479997	0.000600479997
520	173288	300.000670079995	0.000670079995
520	173410	300.000739679993	0.000739679993
