520	4601	3.000530879999	0.000530879999
520	4787	3.000600479997	0.000600479997
520	4926	3.000670079995	0.000670079995
520	5048	3.000739679993	0.000739679993
520	5895	6.000530879999	0.000530879999
520	6081	6.000600479997	0.000600479997
520	6220	6.000670079995	0.000670079995
520	6342	6.000739679993	0.000739679993
520	7189	9.000530879999	0.000530879999
520	7375	9.000600479997	0.000600479997
520	7514	9.000670079995	0.000670079995
520	7636	9.000739679993	0.000739679993
520	8483	12.000530879999	0.000530879999
520	8669	12.000600479997	0.000600479997
520	8808	12.000670079995	0.000670079995
520	8930	12.000739679993	0.000739679993
520	9777	15.000530879999	0.000530879999
520	9963	15.000600479997	0.000600479997
520	10102	15.000670079995	0.000670079995
520	10224	15.000739679993	0.000739679993
520	11071	18.000530879999	0.000530879999
520	11257	18.000600479997	0.000600479997
520	11396	18.000670079995	0.000670079995
520	11518	18.000739679993	0.000739679993
520	12365	21.000530879999	0.000530879999
520	12551	21.000600479997	0.000600479997
520	12690	21.000670079995	0.000670079995
520	12812	21.000739679993	0.000739679993
520	13659	24.000530879999	0.000530879999
520	13845	24.000600479997	0.000600479997
520	13984	24.000670079995	0.000670079995
520	14106	24.000739679993	0.000739679993
520	14953	27.000530879999	0.000530879999
520	15139	27.000600479997	0.000600479997
520	15278	27.000670079995	0.000670079995
520	15400	27.000739679993	0.000739679993
520	19969	30.000831679992	0.000831679992
520	20164	30.00090127999	0.00090127999
520	20315	30.000970879988	0.000970879988
520	20437	30.001040479986	0.001040479986
520	21589	33.000629119997	0.000629119997
520	21781	33.000698719995	0.000698719995
520	22040	33.000897759998	0.000897759998
520	22181	33.000967359996	0.000967359996
520	23026	36.000530879999	0.000530879999
520	23220	36.000600479997	0.000600479997
520	23386	36.000677279997	0.000677279997
520	23527	36.000746879995	0.000746879995
520	24372	39.000530879999	0.000530879999
520	24566	39.000600479997	0.000600479997
520	24732	39.000677279997	0.000677279997
520	24873	39.000746879995	0.000746879995
520	25718	42.000530879999	0.000530879999
520	25912	42.000600479997	0.000600479997
520	26078	42.000677279997	0.000677279997
520	26219	42.000746879995	0.000746879995
520	27064	45.000530879999	0.000530879999
520	27258	45.000600479997	0.000600479997
520	27424	45.000677279997	0.000677279997
520	27565	45.000746879995	0.000746879995
520	28410	48.000530879999	0.000530879999
520	28604	48.000600479997	0.000600479997
520	28770	48.000677279997	0.000677279997
520	28911	48.000746879995	0.000746879995
520	29756	51.000530879999	0.000530879999
520	29950	51.000600479997	0.000600479997
520	30116	51.000677279997	0.000677279997
520	30257	51.000746879995	0.000746879995
520	31102	54.000530879999	0.000530879999
520	31296	54.000600479997	0.000600479997
520	31462	54.000677279997	0.000677279997
520	31603	54.000746879995	0.000746879995
520	32448	57.000530879999	0.000530879999
520	32642	57.000600479997	0.000600479997
520	32808	57.000677279997	0.000677279997
520	32949	57.000746879995	0.000746879995
520	35550	60.000700159995	0.000700159995
520	36978	60.000972559989	0.000972559989
520	37417	60.001042159987	0.001042159987
520	37558	60.001129279981	0.001129279981
520	40054	63.000801759995	0.000801759995
520	40133	63.000822239994	0.000822239994
520	40300	63.000891839992	0.000891839992
520	40441	63.000981599991	0.000981599991
520	41286	66.000530879999	0.000530879999
520	41480	66.000600479997	0.000600479997
520	41646	66.000677279997	0.000677279997
520	41787	66.000746879995	0.000746879995
520	42752	69.000530879999	0.000530879999
520	42946	69.000600479997	0.000600479997
520	43112	69.000677279997	0.000677279997
520	43253	69.000746879995	0.000746879995
520	44098	72.000530879999	0.000530879999
520	44292	72.000600479997	0.000600479997
520	44458	72.000677279997	0.000677279997
520	44599	72.000746879995	0.000746879995
520	45444	75.000530879999	0.000530879999
520	45638	75.000600479997	0.000600479997
520	45804	75.000677279997	0.000677279997
520	45945	75.000746879995	0.000746879995
520	46790	78.000530879999	0.000530879999
520	46984	78.000600479997	0.000600479997
520	47150	78.000677279997	0.000677279997
520	47291	78.000746879995	0.000746879995
520	48136	81.000530879999	0.000530879999
520	48330	81.000600479997	0.000600479997
520	48496	81.000677279997	0.000677279997
520	48637	81.000746879995	0.000746879995
520	49482	84.000530879999	0.000530879999
520	49676	84.000600479997	0.000600479997
520	49842	84.000677279997	0.000677279997
520	49983	84.000746879995	0.000746879995
520	50828	87.000530879999	0.000530879999
520	51022	87.000600479997	0.000600479997
520	51188	87.000677279997	0.000677279997
520	51329	87.000746879995	0.000746879995
520	52767	90.000530879999	0.000530879999
520	53710	90.000734559985	0.000734559985
520	54198	90.000860319976	0.000860319976
520	54650	90.000939519974	0.000939519974
520	58514	93.000843119992	0.000843119992
520	58820	93.000982319988	0.000982319988
520	58979	93.001051919986	0.001051919986
520	59120	93.001121519984	0.001121519984
520	60188	96.000548959995	0.000548959995
520	60377	96.000618559993	0.000618559993
520	60544	96.000688159991	0.000688159991
520	60706	96.000817599996	0.000817599996
520	61551	99.000530879999	0.000530879999
520	61745	99.000600479997	0.000600479997
520	61911	99.000677279997	0.000677279997
520	62052	99.000746879995	0.000746879995
520	62897	102.000530879999	0.000530879999
520	63091	102.000600479997	0.000600479997
520	63257	102.000677279997	0.000677279997
520	63398	102.000746879995	0.000746879995
520	64243	105.000530879999	0.000530879999
520	64437	105.000600479997	0.000600479997
520	64603	105.000677279997	0.000677279997
520	64744	105.000746879995	0.000746879995
520	65589	108.000530879999	0.000530879999
520	65783	108.000600479997	0.000600479997
520	65949	108.000677279997	0.000677279997
520	66090	108.000746879995	0.000746879995
520	66935	111.000530879999	0.000530879999
520	67129	111.000600479997	0.000600479997
520	67295	111.000677279997	0.000677279997
520	67436	111.000746879995	0.000746879995
520	68281	114.000530879999	0.000530879999
520	68475	114.000600479997	0.000600479997
520	68641	114.000677279997	0.000677279997
520	68782	114.000746879995	0.000746879995
520	69627	117.000530879999	0.000530879999
520	69821	117.000600479997	0.000600479997
520	69987	117.000677279997	0.000677279997
520	70128	117.000746879995	0.000746879995
520	71726	120.000637439996	0.000637439996
520	72177	120.000797279992	0.000797279992
520	72536	120.000915999989	0.000915999989
520	72655	120.000936479988	0.000936479988
520	75512	123.000700239995	0.000700239995
520	76233	123.000769839993	0.000769839993
520	77313	123.001023199987	0.001023199987
520	77454	123.001115839983	0.001115839983
520	79460	126.000809359992	0.000809359992
520	79634	126.00087895999	0.00087895999
520	79882	126.000997679987	0.000997679987
520	79944	126.001018159986	0.001018159986
520	80789	129.000530879999	0.000530879999
520	80983	129.000600479997	0.000600479997
520	81149	129.000677279997	0.000677279997
520	81290	129.000746879995	0.000746879995
520	82135	132.000530879999	0.000530879999
520	82329	132.000600479997	0.000600479997
520	82495	132.000677279997	0.000677279997
520	82636	132.000746879995	0.000746879995
520	83481	135.000530879999	0.000530879999
520	83675	135.000600479997	0.000600479997
520	83841	135.000677279997	0.000677279997
520	83982	135.000746879995	0.000746879995
520	84827	138.000530879999	0.000530879999
520	85021	138.000600479997	0.000600479997
520	85187	138.000677279997	0.000677279997
520	85328	138.000746879995	0.000746879995
520	86173	141.000530879999	0.000530879999
520	86367	141.000600479997	0.000600479997
520	86533	141.000677279997	0.000677279997
520	86674	141.000746879995	0.000746879995
520	87519	144.000530879999	0.000530879999
520	87713	144.000600479997	0.000600479997
520	87879	144.000677279997	0.000677279997
520	88020	144.000746879995	0.000746879995
520	88865	147.000530879999	0.000530879999
520	89059	147.000600479997	0.000600479997
520	89225	147.000677279997	0.000677279997
520	89366	147.000746879995	0.000746879995
520	90211	150.000530879999	0.000530879999
520	90405	150.000600479997	0.000600479997
520	90571	150.000677279997	0.000677279997
520	90744	150.000746879995	0.000746879995
520	92059	153.000530879999	0.000530879999
520	93336	153.000802399994	0.000802399994
520	93925	153.000916079991	0.000916079991
520	94469	153.000985679989	0.000985679989
520	97526	156.000705039995	0.000705039995
520	98110	156.000836799991	0.000836799991
520	98334	156.000955519988	0.000955519988
520	98482	156.001025119986	0.001025119986
520	99310	159.000530879999	0.000530879999
520	99504	159.000600479997	0.000600479997
520	99670	159.000677279997	0.000677279997
520	99811	159.000746879995	0.000746879995
520	100656	162.000530879999	0.000530879999
520	100850	162.000600479997	0.000600479997
520	101016	162.000677279997	0.000677279997
520	101157	162.000746879995	0.000746879995
520	102002	165.000530879999	0.000530879999
520	102196	165.000600479997	0.000600479997
520	102362	165.000677279997	0.000677279997
520	102503	165.000746879995	0.000746879995
520	103348	168.000530879999	0.000530879999
520	103542	168.000600479997	0.000600479997
520	103708	168.000677279997	0.000677279997
520	103849	168.000746879995	0.000746879995
520	104694	171.000530879999	0.000530879999
520	104888	171.000600479997	0.000600479997
520	105054	171.000677279997	0.000677279997
520	105195	171.000746879995	0.000746879995
520	106040	174.000530879999	0.000530879999
520	106234	174.000600479997	0.000600479997
520	106400	174.000677279997	0.000677279997
520	106541	174.000746879995	0.000746879995
520	107386	177.000530879999	0.000530879999
520	107580	177.000600479997	0.000600479997
520	107746	177.000677279997	0.000677279997
520	107887	177.000746879995	0.000746879995
520	108732	180.000530879999	0.000530879999
520	108926	180.000600479997	0.000600479997
520	109092	180.000677279997	0.000677279997
520	109233	180.000746879995	0.000746879995
520	110206	183.000530879999	0.000530879999
520	110665	183.000677279997	0.000677279997
520	110864	183.000746879995	0.000746879995
520	111242	183.000816479993	0.000816479993
520	114195	186.000662559995	0.000662559995
520	115894	186.000957119982	0.000957119982
520	116043	186.00102671998	0.00102671998
520	116165	186.001096319978	0.001096319978
520	117266	189.000579999998	0.000579999998
520	117747	189.000849599998	0.000849599998
520	117944	189.000967359996	0.000967359996
520	118085	189.001036959994	0.001036959994
520	118930	192.000530879999	0.000530879999
520	119124	192.000600479997	0.000600479997
520	119290	192.000677279997	0.000677279997
520	119431	192.000746879995	0.000746879995
520	120276	195.000530879999	0.000530879999
520	120470	195.000600479997	0.000600479997
520	120636	195.000677279997	0.000677279997
520	120777	195.000746879995	0.000746879995
520	121622	198.000530879999	0.000530879999
520	121816	198.000600479997	0.000600479997
520	121982	198.000677279997	0.000677279997
520	122123	198.000746879995	0.000746879995
520	122968	201.000530879999	0.000530879999
520	123162	201.000600479997	0.000600479997
520	123328	201.000677279997	0.000677279997
520	123469	201.000746879995	0.000746879995
520	124314	204.000530879999	0.000530879999
520	124508	204.000600479997	0.000600479997
520	124674	204.000677279997	0.000677279997
520	124815	204.000746879995	0.000746879995
520	125660	207.000530879999	0.000530879999
520	125854	207.000600479997	0.000600479997
520	126020	207.000677279997	0.000677279997
520	126161	207.000746879995	0.000746879995
520	127006	210.000530879999	0.000530879999
520	127200	210.000600479997	0.000600479997
520	127366	210.000677279997	0.000677279997
520	127507	210.000746879995	0.000746879995
520	128352	213.000530879999	0.000530879999
520	128546	213.000600479997	0.000600479997
520	128744	213.000677279997	0.000677279997
520	128885	213.000746879995	0.000746879995
520	130500	216.000530879999	0.000530879999
520	131744	216.000802399994	0.000802399994
520	132245	216.000916079991	0.000916079991
520	132797	216.000985679989	0.000985679989
520	135775	219.000716559995	0.000716559995
520	136357	219.000838319991	0.000838319991
520	136579	219.000943919985	0.000943919985
520	136730	219.001049519979	0.001049519979
520	137575	222.000530879999	0.000530879999
520	137769	222.000600479997	0.000600479997
520	137935	222.000677279997	0.000677279997
520	138076	222.000746879995	0.000746879995
520	138921	225.000530879999	0.000530879999
520	139115	225.000600479997	0.000600479997
520	139281	225.000677279997	0.000677279997
520	139422	225.000746879995	0.000746879995
520	140267	228.000530879999	0.000530879999
520	140461	228.000600479997	0.000600479997
520	140627	228.000677279997	0.000677279997
520	140768	228.000746879995	0.000746879995
520	141613	231.000530879999	0.000530879999
520	141807	231.000600479997	0.000600479997
520	141973	231.000677279997	0.000677279997
520	142114	231.000746879995	0.000746879995
520	142959	234.000530879999	0.000530879999
520	143153	234.000600479997	0.000600479997
520	143319	234.000677279997	0.000677279997
520	143460	234.000746879995	0.000746879995
520	144305	237.000530879999	0.000530879999
520	144499	237.000600479997	0.000600479997
520	144665	237.000677279997	0.000677279997
520	144806	237.000746879995	0.000746879995
520	145660	240.000530879999	0.000530879999
520	145858	240.000600479997	0.000600479997
520	146182	240.000683999996	0.000683999996
520	146394	240.000760319993	0.000760319993
520	147721	243.000581599998	0.000581599998
520	147915	243.000651199996	0.000651199996
520	148081	243.000727999996	0.000727999996
520	148273	243.000797599994	0.000797599994
520	149429	246.000530879999	0.000530879999
520	149931	246.000677279997	0.000677279997
520	150131	246.000746879995	0.000746879995
520	150509	246.000816479993	0.000816479993
520	153414	249.000662559995	0.000662559995
520	155161	249.000957119982	0.000957119982
520	155310	249.00102671998	0.00102671998
520	155432	249.001096319978	0.001096319978
520	156533	252.000579999998	0.000579999998
520	157014	252.000849599998	0.000849599998
520	157211	252.000967359996	0.000967359996
520	157352	252.001036959994	0.001036959994
520	158197	255.000530879999	0.000530879999
520	158391	255.000600479997	0.000600479997
520	158557	255.000677279997	0.000677279997
520	158698	255.000746879995	0.000746879995
520	159543	258.000530879999	0.000530879999
520	159737	258.000600479997	0.000600479997
520	159903	258.000677279997	0.000677279997
520	160044	258.000746879995	0.000746879995
520	160889	261.000530879999	0.000530879999
520	161083	261.000600479997	0.000600479997
520	161249	261.000677279997	0.000677279997
520	161390	261.000746879995	0.000746879995
520	162235	264.000530879999	0.000530879999
520	162429	264.000600479997	0.000600479997
520	162595	264.000677279997	0.000677279997
520	162736	264.000746879995	0.000746879995
520	163581	267.000530879999	0.000530879999
520	163775	267.000600479997	0.000600479997
520	163941	267.000677279997	0.000677279997
520	164082	267.000746879995	0.000746879995
520	164927	270.000530879999	0.000530879999
520	165121	270.000600479997	0.000600479997
520	165287	270.000677279997	0.000677279997
520	165428	270.000746879995	0.000746879995
520	166273	273.000530879999	0.000530879999
520	166467	273.000600479997	0.000600479997
520	166633	273.000677279997	0.000677279997
520	166774	273.000746879995	0.000746879995
520	167804	276.000530879999	0.000530879999
520	167988	276.000600479997	0.000600479997
520	168196	276.000677279997	0.000677279997
520	168346	276.000765599995	0.000765599995
520	169768	279.000530879999	0.000530879999
520	171052	279.000802319994	0.000802319994
520	171900	279.00097215999	0.00097215999
520	172062	279.000992639989	0.000992639989
520	174940	282.000716559995	0.000716559995
520	175522	282.000838319991	0.000838319991
520	175744	282.000943919985	0.000943919985
520	175895	282.001049519979	0.001049519979
520	176740	285.000530879999	0.000530879999
520	176934	285.000600479997	0.000600479997
520	177100	285.000677279997	0.000677279997
520	177241	285.000746879995	0.000746879995
520	178086	288.000530879999	0.000530879999
520	178280	288.000600479997	0.000600479997
520	178446	288.000677279997	0.000677279997
520	178587	288.000746879995	0.000746879995
520	179432	291.000530879999	0.000530879999
520	179626	291.000600479997	0.000600479997
520	179792	291.000677279997	0.000677279997
520	179933	291.000746879995	0.000746879995
520	180778	294.000530879999	0.000530879999
520	180972	294.000600479997	0.000600479997
520	181138	294.000677279997	0.000677279997
520	181279	294.000746879995	0.000746879995
520	182124	297.000530879999	0.000530879999
520	182318	297.000600479997	0.000600479997
520	182484	297.000677279997	0.000677279997
520	182625	297.000746879995	0.000746879995
520	183470	300.000530879999	0.000530879999
520	183664	300.000600479997	0.000600479997
520	183830	300.000677279997	0.000677279997
520	183971	300.000746879995	0.000746879995
