					dso rec	thr						realstatus
3.00053088					42.858353	100						42.8583528908
6.00053088					33.259351	100						33.2593511208
9.00053088					42.593263	100						42.5932630856
12.00053088					40.290487	100						40.2904866714
15.00053088					40.604861	100						40.6048613466
18.00053088					40.831971	100						40.8319714735
21.00053088					42.804657	100						42.8046572774
24.00053088					37.909901	100						37.9099011219
27.00053088					38.926615	100						38.9266149796
30.00083168					38.350941	100						38.3509407476
33.00053088					40.829824	100						40.8298241874
36.00053088					38.672111	100						38.672111409
39.00053088					35.866142	100						35.8661415421
42.00053088					36.975813	100						36.9758132897
45.00053088					41.216493	100						41.2164930976
48.00053088					41.817755	100						41.8177545584
51.00053088					40.89275	100						40.8927501919
54.00053088					42.019624	100						42.0196235824
57.00053088					38.894838	100						38.8948380632
60.00070008					40.760242	100						75.907732505
63.00075264					38.007397	100						67.2276298946
66.00053088					37.038737	100						68.4375801499
69.00053088					36.959906	100						66.3056103833
72.00053088					35.02307	100						66.4067926297
75.00053088					41.475331	100						76.5785592157
78.00053088					42.452857	100						75.0686242247
81.00053088					39.570704	100						74.6098459795
84.00053088					38.055073	100						66.1100032846
87.00053088					38.097582	100						70.6438890525
90.00053088					37.963705	100						70.7643818321
93.00084312					39.14374	100						70.0736781974
96.00053088					38.616337	100						71.2423440412
99.00053088					37.37647	100						65.9191448984
102.00053088					39.367835	100						71.104317087
105.00053088					39.79147	100						74.42820676
108.00053088					39.472585	100						70.6045487381
111.00053088					42.453147	100						74.7810770251
114.00053088					38.909782	100						73.2112343374
117.00053088					39.937613	100						67.6295945294
120.00079152					42.13543	100						75.1166630118
123.0007492					41.034885	100						72.9224270905
126.00075264					41.403221	100						71.5141135989
129.00053088					35.792772	100						69.6999726024
132.00053088					40.769104	100						75.2556366433
135.00053088					35.947146	100						69.8778462177
138.00053088					35.242298	100						63.3159630032
141.00053088					36.973361	100						70.4188697761
144.00053088					41.103873	100						75.0980963352
147.00053088					39.812064	100						74.8310276116
150.00053088					42.37317	100						75.8290851232
153.00058128					41.013666	100						73.5534794037
156.0008884					36.976713	100						67.9404454257
159.00053088					37.547839	100						72.0585852998
162.00053088					36.074996	100						71.8294128659
165.00053088					37.108394	100						71.1283026851
168.00053088					40.492573	100						73.84630877
171.00053088					40.491142	100						68.1869023816
174.00053088					37.851314	100						68.5620522235
177.00053088					39.2991	100						73.1614943089
180.00053088					36.65943	100						64.6962423526
183.00053088					41.424515	100						78.5365989922
186.00066256					37.890173	100						69.3765780435
189.00067216					37.233728	100						65.2883156923
192.00053088					39.834551	100						71.9708230567
195.00053088					38.933866	100						76.6660365426
198.00053088					40.784525	100						73.6602070885
201.00053088					36.254271	100						70.782275426
204.00053088					43.167271	100						79.7286000885
207.00053088					41.391912	100						70.3136079562
210.00053088					40.468806	100						72.546438663
213.00053088					32.228036	100						62.1843089677
216.00067824					35.904219	100						67.2186316411
219.00086792					39.528941	100						70.1351332312
222.00053088					38.501123	100						71.1947948141
225.00053088					38.579974	100						70.8026144868
228.00053088					38.993642	100						68.8173025131
231.00053088					35.808976	100						63.2199345503
234.00053088					41.065062	100						76.2712378126
237.00053088					41.440588	100						72.0866254866
240.00053088					39.319083	100						76.000679308
243.0005816					35.551883	100						65.8003153772
246.00053088					37.733318	100						73.8719666488
249.00091536					38.58197	100						75.1230937355
252.00073968					36.241959	100						65.8863636
255.00053088					38.082809	100						72.5874829001
258.00053088					41.747027	100						73.8630465182
261.00053088					40.515219	100						72.954840043
264.00053088					35.2797	100						69.9029629046
267.00053088					40.091935	100						74.7110951069
270.00053088					39.854442	100						72.573867153
273.00053088					40.599205	100						73.4329553007
276.00053088					39.518188	100						72.7785889545
279.00065592					38.781478	100						70.507331325
282.00084744					36.929765	100						66.7241053002
285.00053088					40.259738	100						71.4150943265
288.00053088					37.823487	100						69.1492885145
291.00053088					37.976269	100						72.5790837636
294.00053088					41.526508	100						69.270206584
297.00053088					41.213917	100						69.0065225196
300.00053088					37.89513	100						69.2777170234