3.000739679993		3		RTU4		2.186788		10.933942		25.000000
6.000739679993		6		RTU4		1.375692		6.878460		25.000000
9.000739679993		9		RTU4		2.258819		11.294097		25.000000
12.000739679993		12		RTU4		2.217910		11.089549		25.000000
15.000739679993		15		RTU4		2.421969		12.109845		25.000000
18.000739679993		18		RTU4		1.888616		9.443082		25.000000
21.000739679993		21		RTU4		2.387699		11.938493		25.000000
24.000739679993		24		RTU4		1.688919		8.444594		25.000000
27.000739679993		27		RTU4		2.197705		10.988525		25.000000
30.001040479986		30		RTU4		1.816693		9.083463		25.000000
33.000739679993		33		RTU4		2.183539		10.917697		25.000000
36.000739679993		36		RTU4		1.548514		7.742572		25.000000
39.000739679993		39		RTU4		1.898437		9.492186		25.000000
42.000739679993		42		RTU4		2.042949		10.214747		25.000000
45.000739679993		45		RTU4		1.932317		9.661585		25.000000
48.000739679993		48		RTU4		2.471585		12.357923		25.000000
51.000739679993		51		RTU4		1.943058		9.715289		25.000000
54.000739679993		54		RTU4		2.259953		11.299764		25.000000
57.000739679993		57		RTU4		2.275119		11.375597		25.000000
60.001097599987		60		RTU4		2.506692		12.533458		25.000000
63.00096143999		63		RTU4		1.943202		9.716012		25.000000
66.000739679993		66		RTU4		1.591570		7.957850		25.000000
69.000739679993		69		RTU4		1.809383		9.046916		25.000000
72.000739679993		72		RTU4		1.575142		7.875712		25.000000
75.000739679993		75		RTU4		1.936703		9.683516		25.000000
78.000739679993		78		RTU4		2.165392		10.826962		25.000000
81.000739679993		81		RTU4		1.885505		9.427523		25.000000
84.000739679993		84		RTU4		1.818379		9.091897		25.000000
87.000739679993		87		RTU4		1.808298		9.041491		25.000000
90.000870159989		90		RTU4		1.862956		9.314780		25.000000
93.001051919986		93		RTU4		2.202525		11.012625		25.000000
96.000739679993		96		RTU4		1.948204		9.741018		25.000000
99.000739679993		99		RTU4		2.132900		10.664498		25.000000
102.000739679993		102		RTU4		2.117675		10.588376		25.000000
105.000739679993		105		RTU4		2.361318		11.806592		25.000000
108.000739679993		108		RTU4		2.173560		10.867802		25.000000
111.000739679993		111		RTU4		2.390335		11.951674		25.000000
114.000739679993		114		RTU4		1.947266		9.736332		25.000000
117.000739679993		117		RTU4		2.284151		11.420753		25.000000
120.000811999991		120		RTU4		2.277071		11.385357		25.000000
123.000908879989		123		RTU4		1.755207		8.776037		25.000000
126.00096143999		126		RTU4		2.361494		11.807470		25.000000
129.000739679993		129		RTU4		1.765670		8.828349		25.000000
132.000739679993		132		RTU4		2.150545		10.752725		25.000000
135.000739679993		135		RTU4		1.755480		8.777400		25.000000
138.000739679993		138		RTU4		1.932673		9.663367		25.000000
141.000739679993		141		RTU4		1.957158		9.785792		25.000000
144.000739679993		144		RTU4		1.955853		9.779263		25.000000
147.000739679993		147		RTU4		1.888217		9.441084		25.000000
150.000739679993		150		RTU4		2.455295		12.276474		25.000000
153.000711679994		153		RTU4		2.015161		10.075805		25.000000
156.000908879989		156		RTU4		2.024865		10.124325		25.000000
159.000739679993		159		RTU4		1.854511		9.272557		25.000000
162.000739679993		162		RTU4		1.511609		7.558045		25.000000
165.000739679993		165		RTU4		2.107866		10.539328		25.000000
168.000739679993		168		RTU4		2.025133		10.125665		25.000000
171.000739679993		171		RTU4		2.459363		12.296814		25.000000
174.000739679993		174		RTU4		1.734630		8.673150		25.000000
177.000739679993		177		RTU4		1.967952		9.839760		25.000000
180.000739679993		180		RTU4		2.208991		11.044956		25.000000
183.000975359987		183		RTU4		2.449498		12.247492		25.000000
186.000732159993		186		RTU4		2.200798		11.003990		25.000000
189.000741759995		189		RTU4		1.859228		9.296138		25.000000
192.000739679993		192		RTU4		2.093710		10.468551		25.000000
195.000739679993		195		RTU4		2.193174		10.965871		25.000000
198.000739679993		198		RTU4		2.229775		11.148877		25.000000
201.000739679993		201		RTU4		1.615923		8.079616		25.000000
204.000739679993		204		RTU4		1.889992		9.449958		25.000000
207.000739679993		207		RTU4		2.175241		10.876207		25.000000
210.000739679993		210		RTU4		2.163237		10.816187		25.000000
213.000739679993		213		RTU4		1.746826		8.734131		25.000000
216.001197759987		216		RTU4		1.884803		9.424013		25.000000
219.000798319993		219		RTU4		2.113111		10.565553		25.000000
222.000739679993		222		RTU4		2.106634		10.533170		25.000000
225.000739679993		225		RTU4		2.059745		10.298725		25.000000
228.000739679993		228		RTU4		2.139776		10.698881		25.000000
231.000739679993		231		RTU4		2.150944		10.754718		25.000000
234.000739679993		234		RTU4		2.309224		11.546118		25.000000
237.000739679993		237		RTU4		2.413537		12.067686		25.000000
240.000753119991		240		RTU4		2.144705		10.723527		25.000000
243.000790399992		243		RTU4		1.582669		7.913343		25.000000
246.000975439987		246		RTU4		2.119485		10.597427		25.000000
249.000984959987		249		RTU4		1.743708		8.718538		25.000000
252.000670079995		252		RTU4		1.859768		9.298838		25.000000
255.000739679993		255		RTU4		1.827911		9.139553		25.000000
258.000739679993		258		RTU4		2.296703		11.483516		25.000000
261.000739679993		261		RTU4		2.277308		11.386538		25.000000
264.000739679993		264		RTU4		1.888305		9.441525		25.000000
267.000739679993		267		RTU4		2.335753		11.678765		25.000000
270.000739679993		270		RTU4		1.829717		9.148585		25.000000
273.000739679993		273		RTU4		2.311198		11.555989		25.000000
276.000739679993		276		RTU4		1.986754		9.933772		25.000000
279.001134639985		279		RTU4		2.195717		10.978583		25.000000
282.000670079995		282		RTU4		1.896723		9.483617		25.000000
285.000739679993		285		RTU4		2.203524		11.017621		25.000000
288.000739679993		288		RTU4		2.297471		11.487354		25.000000
291.000739679993		291		RTU4		2.065104		10.325519		25.000000
294.000739679993		294		RTU4		2.104373		10.521866		25.000000
297.000739679993		297		RTU4		2.203874		11.019371		25.000000
300.000739679993		300		RTU4		1.992184		9.960921		25.000000
