3.000600479997		3		RTU3		2.192140		10.960698		25.000000
6.000600479997		6		RTU3		2.168224		10.841118		25.000000
9.000600479997		9		RTU3		2.241564		11.207818		25.000000
12.000600479997		12		RTU3		2.140767		10.703835		25.000000
15.000600479997		15		RTU3		1.992131		9.960653		25.000000
18.000600479997		18		RTU3		2.016672		10.083359		25.000000
21.000600479997		21		RTU3		1.737998		8.689992		25.000000
24.000600479997		24		RTU3		1.976987		9.884937		25.000000
27.000600479997		27		RTU3		1.896101		9.480507		25.000000
30.00090127999		30		RTU3		1.924584		9.622922		25.000000
33.000600479997		33		RTU3		2.032027		10.160136		25.000000
36.000600479997		36		RTU3		2.019354		10.096772		25.000000
39.000600479997		39		RTU3		1.944422		9.722109		25.000000
42.000600479997		42		RTU3		1.862745		9.313726		25.000000
45.000600479997		45		RTU3		2.139775		10.698876		25.000000
48.000600479997		48		RTU3		1.837385		9.186924		25.000000
51.000600479997		51		RTU3		1.948705		9.743527		25.000000
54.000600479997		54		RTU3		2.237317		11.186586		25.000000
57.000600479997		57		RTU3		1.790160		8.950802		25.000000
60.000769679993		60		RTU3		1.659073		8.295365		25.000000
63.000822239994		63		RTU3		2.159165		10.795825		25.000000
66.000600479997		66		RTU3		2.186229		10.931146		25.000000
69.000600479997		69		RTU3		1.636586		8.182932		25.000000
72.000600479997		72		RTU3		1.640571		8.202857		25.000000
75.000600479997		75		RTU3		2.431149		12.155744		25.000000
78.000600479997		78		RTU3		2.277609		11.388043		25.000000
81.000600479997		81		RTU3		2.117473		10.587366		25.000000
84.000600479997		84		RTU3		2.087197		10.435984		25.000000
87.000600479997		87		RTU3		2.041005		10.205025		25.000000
90.000698399995		90		RTU3		2.247991		11.239954		25.000000
93.00091271999		93		RTU3		2.064064		10.320320		25.000000
96.000600479997		96		RTU3		2.139622		10.698109		25.000000
99.000600479997		99		RTU3		1.651331		8.256656		25.000000
102.000600479997		102		RTU3		1.904405		9.522024		25.000000
105.000600479997		105		RTU3		2.005492		10.027460		25.000000
108.000600479997		108		RTU3		2.020712		10.103562		25.000000
111.000600479997		111		RTU3		2.179990		10.899950		25.000000
114.000600479997		114		RTU3		2.236281		11.181407		25.000000
117.000600479997		117		RTU3		2.022162		10.110808		25.000000
120.000949599984		120		RTU3		1.855936		9.279682		25.000000
123.000769679993		123		RTU3		2.069914		10.349572		25.000000
126.000822239994		126		RTU3		2.287478		11.437388		25.000000
129.000600479997		129		RTU3		1.661155		8.305773		25.000000
132.000600479997		132		RTU3		2.132774		10.663870		25.000000
135.000600479997		135		RTU3		1.753996		8.769981		25.000000
138.000600479997		138		RTU3		1.508231		7.541153		25.000000
141.000600479997		141		RTU3		1.662832		8.314161		25.000000
144.000600479997		144		RTU3		1.977202		9.886012		25.000000
147.000600479997		147		RTU3		2.104312		10.521560		25.000000
150.000600479997		150		RTU3		2.203112		11.015559		25.000000
153.000921999992		153		RTU3		2.405662		12.028310		25.000000
156.000749199994		156		RTU3		1.855378		9.276891		25.000000
159.000600479997		159		RTU3		1.971092		9.855462		25.000000
162.000600479997		162		RTU3		2.134644		10.673220		25.000000
165.000600479997		165		RTU3		1.483503		7.417513		25.000000
168.000600479997		168		RTU3		2.117980		10.589901		25.000000
171.000600479997		171		RTU3		1.879833		9.399167		25.000000
174.000600479997		174		RTU3		2.131237		10.656187		25.000000
177.000600479997		177		RTU3		2.243887		11.219433		25.000000
180.000600479997		180		RTU3		1.635619		8.178096		25.000000
183.000822159993		183		RTU3		2.263854		11.319270		25.000000
186.000851279991		186		RTU3		1.751374		8.756871		25.000000
189.000530879999		189		RTU3		2.107455		10.537274		25.000000
192.000600479997		192		RTU3		2.330352		11.651760		25.000000
195.000600479997		195		RTU3		1.861831		9.309155		25.000000
198.000600479997		198		RTU3		2.333822		11.669110		25.000000
201.000600479997		201		RTU3		1.869591		9.347955		25.000000
204.000600479997		204		RTU3		2.435729		12.178647		25.000000
207.000600479997		207		RTU3		2.031208		10.156041		25.000000
210.000600479997		210		RTU3		2.271255		11.356273		25.000000
213.000600479997		213		RTU3		1.213723		6.068614		25.000000
216.00110767999		216		RTU3		1.691479		8.457394		25.000000
219.000530879999		219		RTU3		2.080872		10.404359		25.000000
222.000600479997		222		RTU3		1.864648		9.323241		25.000000
225.000600479997		225		RTU3		1.819025		9.095127		25.000000
228.000600479997		228		RTU3		2.181681		10.908405		25.000000
231.000600479997		231		RTU3		1.548533		7.742666		25.000000
234.000600479997		234		RTU3		2.223640		11.118200		25.000000
237.000600479997		237		RTU3		1.725973		8.629867		25.000000
240.000600479997		240		RTU3		2.265357		11.326785		25.000000
243.000651199996		243		RTU3		1.961094		9.805471		25.000000
246.000822239993		246		RTU3		1.808460		9.042301		25.000000
249.000845759991		249		RTU3		1.852530		9.262650		25.000000
252.000530879999		252		RTU3		1.860048		9.300241		25.000000
255.000600479997		255		RTU3		1.830850		9.154252		25.000000
258.000600479997		258		RTU3		2.444867		12.224333		25.000000
261.000600479997		261		RTU3		1.858726		9.293630		25.000000
264.000600479997		264		RTU3		1.560541		7.802706		25.000000
267.000600479997		267		RTU3		2.193462		10.967312		25.000000
270.000600479997		270		RTU3		2.126472		10.632358		25.000000
273.000600479997		273		RTU3		1.941044		9.705221		25.000000
276.000600479997		276		RTU3		2.176790		10.883950		25.000000
279.001114159986		279		RTU3		1.932894		9.664472		25.000000
282.000530879999		282		RTU3		1.984294		9.921469		25.000000
285.000600479997		285		RTU3		2.336477		11.682383		25.000000
288.000600479997		288		RTU3		2.127602		10.638010		25.000000
291.000600479997		291		RTU3		1.921582		9.607909		25.000000
294.000600479997		294		RTU3		2.335450		11.677251		25.000000
297.000600479997		297		RTU3		2.151842		10.759211		25.000000
300.000600479997		300		RTU3		1.540461		7.702305		25.000000
