3.000670079995		3		RTU2		2.081610		10.408051		25.000000
6.000670079995		6		RTU2		1.404226		7.021132		25.000000
9.000670079995		9		RTU2		2.118022		10.590109		25.000000
12.000670079995		12		RTU2		1.842959		9.214793		25.000000
15.000670079995		15		RTU2		1.482748		7.413742		25.000000
18.000670079995		18		RTU2		2.273418		11.367088		25.000000
21.000670079995		21		RTU2		2.022137		10.110687		25.000000
24.000670079995		24		RTU2		1.779176		8.895878		25.000000
27.000670079995		27		RTU2		1.692789		8.463947		25.000000
30.000970879988		30		RTU2		2.003584		10.017918		25.000000
33.000670079995		33		RTU2		2.035187		10.175937		25.000000
36.000670079995		36		RTU2		1.809472		9.047360		25.000000
39.000670079995		39		RTU2		1.842951		9.214754		25.000000
42.000670079995		42		RTU2		1.853413		9.267065		25.000000
45.000670079995		45		RTU2		1.526866		7.634329		25.000000
48.000670079995		48		RTU2		2.226607		11.133037		25.000000
51.000670079995		51		RTU2		2.058252		10.291262		25.000000
54.000670079995		54		RTU2		1.924131		9.620655		25.000000
57.000670079995		57		RTU2		1.860392		9.301961		25.000000
60.001027999989		60		RTU2		2.180605		10.903027		25.000000
63.000891839992		63		RTU2		1.778109		8.890543		25.000000
66.000670079995		66		RTU2		1.877822		9.389109		25.000000
69.000670079995		69		RTU2		2.223216		11.116079		25.000000
72.000670079995		72		RTU2		2.036990		10.184949		25.000000
75.000670079995		75		RTU2		2.122168		10.610840		25.000000
78.000670079995		78		RTU2		2.278059		11.390297		25.000000
81.000670079995		81		RTU2		2.107032		10.535162		25.000000
84.000670079995		84		RTU2		2.001082		10.005411		25.000000
87.000670079995		87		RTU2		2.001695		10.008473		25.000000
90.000790959991		90		RTU2		1.709642		8.548208		25.000000
93.000982319988		93		RTU2		1.816731		9.083657		25.000000
96.000670079995		96		RTU2		1.865785		9.328924		25.000000
99.000670079995		99		RTU2		1.979739		9.898696		25.000000
102.000670079995		102		RTU2		2.094537		10.472686		25.000000
105.000670079995		105		RTU2		1.793102		8.965508		25.000000
108.000670079995		108		RTU2		1.951930		9.759652		25.000000
111.000670079995		111		RTU2		2.154906		10.774528		25.000000
114.000670079995		114		RTU2		1.804816		9.024082		25.000000
117.000670079995		117		RTU2		1.982039		9.910196		25.000000
120.000970079983		120		RTU2		2.519346		12.596731		25.000000
123.000839279991		123		RTU2		2.622747		13.113737		25.000000
126.000891839992		126		RTU2		1.897946		9.489728		25.000000
129.000670079995		129		RTU2		1.943770		9.718850		25.000000
132.000670079995		132		RTU2		2.074266		10.371328		25.000000
135.000670079995		135		RTU2		1.891657		9.458286		25.000000
138.000670079995		138		RTU2		1.902932		9.514659		25.000000
141.000670079995		141		RTU2		1.993317		9.966586		25.000000
144.000670079995		144		RTU2		2.498516		12.492582		25.000000
147.000670079995		147		RTU2		2.166042		10.830208		25.000000
150.000670079995		150		RTU2		2.034714		10.173572		25.000000
153.001096319988		153		RTU2		2.013484		10.067422		25.000000
156.000769679993		156		RTU2		1.769189		8.845945		25.000000
159.000670079995		159		RTU2		1.887382		9.436910		25.000000
162.000670079995		162		RTU2		1.754397		8.771987		25.000000
165.000670079995		165		RTU2		2.040740		10.203702		25.000000
168.000670079995		168		RTU2		2.175348		10.876740		25.000000
171.000670079995		171		RTU2		2.059807		10.299035		25.000000
174.000670079995		174		RTU2		1.962099		9.810496		25.000000
177.000670079995		177		RTU2		1.860661		9.303307		25.000000
180.000670079995		180		RTU2		1.783178		8.915891		25.000000
183.000891759991		183		RTU2		1.737807		8.689033		25.000000
186.000920879989		186		RTU2		1.872485		9.362426		25.000000
189.000600479997		189		RTU2		1.775712		8.878560		25.000000
192.000670079995		192		RTU2		1.780187		8.900935		25.000000
195.000670079995		195		RTU2		1.889166		9.445828		25.000000
198.000670079995		198		RTU2		1.820084		9.100418		25.000000
201.000670079995		201		RTU2		1.968511		9.842557		25.000000
204.000670079995		204		RTU2		2.481857		12.409285		25.000000
207.000670079995		207		RTU2		2.355194		11.775971		25.000000
210.000670079995		210		RTU2		1.897446		9.487229		25.000000
213.000670079995		213		RTU2		1.753540		8.767700		25.000000
216.001128159989		216		RTU2		1.853642		9.268211		25.000000
219.000600479997		219		RTU2		1.971003		9.855015		25.000000
222.000670079995		222		RTU2		1.958319		9.791593		25.000000
225.000670079995		225		RTU2		2.073330		10.366648		25.000000
228.000670079995		228		RTU2		1.747647		8.738237		25.000000
231.000670079995		231		RTU2		1.767162		8.835809		25.000000
234.000670079995		234		RTU2		1.873632		9.368160		25.000000
237.000670079995		237		RTU2		2.407235		12.036175		25.000000
240.000676799994		240		RTU2		1.626160		8.130800		25.000000
243.000720799994		243		RTU2		1.830922		9.154610		25.000000
246.000891839991		246		RTU2		1.798880		8.994401		25.000000
249.000776159993		249		RTU2		2.294569		11.472845		25.000000
252.000600479997		252		RTU2		1.801513		9.007565		25.000000
255.000670079995		255		RTU2		2.161305		10.806527		25.000000
258.000670079995		258		RTU2		1.845464		9.227319		25.000000
261.000670079995		261		RTU2		2.200016		11.000078		25.000000
264.000670079995		264		RTU2		1.808904		9.044522		25.000000
267.000670079995		267		RTU2		1.691041		8.455204		25.000000
270.000670079995		270		RTU2		2.243708		11.218540		25.000000
273.000670079995		273		RTU2		2.094974		10.474870		25.000000
276.000670079995		276		RTU2		1.961373		9.806866		25.000000
279.00088735999		279		RTU2		1.870887		9.354434		25.000000
282.000600479997		282		RTU2		1.775731		8.878655		25.000000
285.000670079995		285		RTU2		1.763299		8.816494		25.000000
288.000670079995		288		RTU2		1.388542		6.942709		25.000000
291.000670079995		291		RTU2		1.810671		9.053354		25.000000
294.000670079995		294		RTU2		2.165568		10.827841		25.000000
297.000670079995		297		RTU2		2.186458		10.932292		25.000000
300.000670079995		300		RTU2		2.294487		11.472434		25.000000
