3.000530879999		3		RTU1		2.111132		10.555662		25.000000
6.000530879999		6		RTU1		1.703728		8.518641		25.000000
9.000530879999		9		RTU1		1.900248		9.501239		25.000000
12.000530879999		12		RTU1		1.856462		9.282310		25.000000
15.000530879999		15		RTU1		2.224124		11.120621		25.000000
18.000530879999		18		RTU1		1.987688		9.938442		25.000000
21.000530879999		21		RTU1		2.413097		12.065485		25.000000
24.000530879999		24		RTU1		2.136898		10.684492		25.000000
27.000530879999		27		RTU1		1.998727		9.993636		25.000000
30.000831679992		30		RTU1		1.925328		9.626638		25.000000
33.000530879999		33		RTU1		1.915211		9.576054		25.000000
36.000530879999		36		RTU1		2.357081		11.785407		25.000000
39.000530879999		39		RTU1		1.487419		7.437093		25.000000
42.000530879999		42		RTU1		1.636055		8.180275		25.000000
45.000530879999		45		RTU1		2.644341		13.221703		25.000000
48.000530879999		48		RTU1		1.827974		9.139871		25.000000
51.000530879999		51		RTU1		2.228534		11.142672		25.000000
54.000530879999		54		RTU1		1.982524		9.912619		25.000000
57.000530879999		57		RTU1		1.853296		9.266478		25.000000
60.000700079995		60		RTU1		1.805678		9.028392		25.000000
63.000752639996		63		RTU1		1.721003		8.605017		25.000000
66.000530879999		66		RTU1		1.752126		8.760632		25.000000
69.000530879999		69		RTU1		1.722796		8.613979		25.000000
72.000530879999		72		RTU1		1.751910		8.759552		25.000000
75.000530879999		75		RTU1		1.805046		9.025231		25.000000
78.000530879999		78		RTU1		1.769511		8.847555		25.000000
81.000530879999		81		RTU1		1.804131		9.020653		25.000000
84.000530879999		84		RTU1		1.704356		8.521781		25.000000
87.000530879999		87		RTU1		1.768519		8.842593		25.000000
90.000530879999		90		RTU1		1.772153		8.860763		25.000000
93.000843119992		93		RTU1		1.745428		8.727138		25.000000
96.000530879999		96		RTU1		1.769657		8.848286		25.000000
99.000530879999		99		RTU1		1.711324		8.556620		25.000000
102.000530879999		102		RTU1		1.756950		8.784749		25.000000
105.000530879999		105		RTU1		1.798382		8.991910		25.000000
108.000530879999		108		RTU1		1.748314		8.741569		25.000000
111.000530879999		111		RTU1		1.765399		8.826995		25.000000
114.000530879999		114		RTU1		1.793592		8.967961		25.000000
117.000530879999		117		RTU1		1.699171		8.495856		25.000000
120.000791519992		120		RTU1		1.774732		8.873660		25.000000
123.000749199994		123		RTU1		1.759108		8.795539		25.000000
126.000752639996		126		RTU1		1.733727		8.668635		25.000000
129.000530879999		129		RTU1		1.787960		8.939800		25.000000
132.000530879999		132		RTU1		1.796236		8.981181		25.000000
135.000530879999		135		RTU1		1.788296		8.941479		25.000000
138.000530879999		138		RTU1		1.704624		8.523119		25.000000
141.000530879999		141		RTU1		1.781364		8.906822		25.000000
144.000530879999		144		RTU1		1.789203		8.946016		25.000000
147.000530879999		147		RTU1		1.803842		9.019212		25.000000
150.000530879999		150		RTU1		1.781513		8.907565		25.000000
153.000581279994		153		RTU1		1.768426		8.842129		25.000000
156.00088839999		156		RTU1		1.745910		8.729552		25.000000
159.000530879999		159		RTU1		1.796582		8.982910		25.000000
162.000530879999		162		RTU1		1.814349		9.071744		25.000000
165.000530879999		165		RTU1		1.789570		8.947851		25.000000
168.000530879999		168		RTU1		1.780053		8.900267		25.000000
171.000530879999		171		RTU1		1.699225		8.496126		25.000000
174.000530879999		174		RTU1		1.742296		8.711481		25.000000
177.000530879999		177		RTU1		1.787320		8.936600		25.000000
180.000530879999		180		RTU1		1.704097		8.520487		25.000000
183.000530879999		183		RTU1		1.833744		9.168720		25.000000
186.000662559995		186		RTU1		1.753377		8.766886		25.000000
189.000672159997		189		RTU1		1.704351		8.521756		25.000000
192.000530879999		192		RTU1		1.762661		8.813305		25.000000
195.000530879999		195		RTU1		1.842602		9.213012		25.000000
198.000530879999		198		RTU1		1.773224		8.866120		25.000000
201.000530879999		201		RTU1		1.796829		8.984143		25.000000
204.000530879999		204		RTU1		1.825876		9.129381		25.000000
207.000530879999		207		RTU1		1.716739		8.583693		25.000000
210.000530879999		210		RTU1		1.761823		8.809117		25.000000
213.000530879999		213		RTU1		1.731518		8.657591		25.000000
216.000678239996		216		RTU1		1.750920		8.754601		25.000000
219.000867919991		219		RTU1		1.740803		8.704014		25.000000
222.000530879999		222		RTU1		1.770624		8.853119		25.000000
225.000530879999		225		RTU1		1.763895		8.819474		25.000000
228.000530879999		228		RTU1		1.729624		8.648119		25.000000
231.000530879999		231		RTU1		1.695157		8.475783		25.000000
234.000530879999		234		RTU1		1.806517		9.032584		25.000000
237.000530879999		237		RTU1		1.741372		8.706860		25.000000
240.000530879999		240		RTU1		1.827594		9.137971		25.000000
243.000581599998		243		RTU1		1.735692		8.678459		25.000000
246.000530879999		246		RTU1		1.819838		9.099189		25.000000
249.000915359989		249		RTU1		1.825587		9.127937		25.000000
252.000739679993		252		RTU1		1.727063		8.635315		25.000000
255.000530879999		255		RTU1		1.796495		8.982477		25.000000
258.000530879999		258		RTU1		1.762372		8.811859		25.000000
261.000530879999		261		RTU1		1.766995		8.834973		25.000000
264.000530879999		264		RTU1		1.798189		8.990947		25.000000
267.000530879999		267		RTU1		1.798131		8.990654		25.000000
270.000530879999		270		RTU1		1.770992		8.854959		25.000000
273.000530879999		273		RTU1		1.772625		8.863125		25.000000
276.000530879999		276		RTU1		1.778720		8.893600		25.000000
279.000655919996		279		RTU1		1.756798		8.783989		25.000000
282.000847439992		282		RTU1		1.729205		8.646024		25.000000
285.000530879999		285		RTU1		1.748648		8.743240		25.000000
288.000530879999		288		RTU1		1.751083		8.755414		25.000000
291.000530879999		291		RTU1		1.797897		8.989487		25.000000
294.000530879999		294		RTU1		1.699910		8.499550		25.000000
297.000530879999		297		RTU1		1.700609		8.503043		25.000000
300.000530879999		300		RTU1		1.751894		8.759470		25.000000
