	time	rtu record sum	avg	DSO rec sum	avg	thrshold	AF sum	avg
RTU1	3	10.5556618908	3.00053088	10.555662	2.111132	25	10.320091	2.064018
RTU1	6	8.5186411208	6.00053088	8.518641	1.703728	25	9.18972	1.837944
RTU1	9	9.5012390856	9.00053088	9.501239	1.900248	25	10.45695	2.09139
RTU1	12	9.2823096714	12.00053088	9.28231	1.856462	25	9.116979	1.823396
RTU1	15	11.1206213466	15.00053088	11.120621	2.224124	25	9.055073	1.811015
RTU1	18	9.9384424735	18.00053088	9.938442	1.987688	25	11.988283	2.397657
RTU1	21	12.0654852774	21.00053088	12.065485	2.413097	25	11.299497	2.259899
RTU1	24	10.6844921219	24.00053088	10.684492	2.136898	25	9.075681	1.815136
RTU1	27	9.9936359796	27.00053088	9.993636	1.998727	25	10.313802	2.06276
RTU1	30	9.6266377476	30.00083168	9.626638	1.925328	25	8.71717	1.743434
RTU1	33	9.5760541874	33.00053088	9.576054	1.915211	25	9.268931	1.853786
RTU1	36	11.785407409	36.00053088	11.785407	2.357081	25	12.313526	2.462705
RTU1	39	7.4370925421	39.00053088	7.437093	1.487419	25	10.549354	2.109871
RTU1	42	8.1802752897	42.00053088	8.180275	1.636055	25	11.442902	2.28858
RTU1	45	13.2217030976	45.00053088	13.221703	2.644341	25	10.582384	2.116477
RTU1	48	9.1398705584	48.00053088	9.139871	1.827974	25	9.068634	1.813727
RTU1	51	11.1426721919	51.00053088	11.142672	2.228534	25	9.141069	1.828214
RTU1	54	9.9126185824	54.00053088	9.912619	1.982524	25	10.235045	2.047009
RTU1	57	9.2664780632	57.00053088	9.266478	1.853296	25	10.470747	2.094149
RTU1	60	44.175882505	60.00070008	9.028392	1.805678	25	42.701378	8.540276
RTU1	63	37.8252498946	63.00075264	8.605017	1.721003	25	9.230124	1.846025
RTU1	66	40.1594751499	66.00053088	8.760632	1.752126	25	9.677593	1.935519
RTU1	69	37.9596833833	69.00053088	8.613979	1.722796	25	8.527698	1.70554
RTU1	72	40.1432746297	72.00053088	8.759552	1.75191	25	10.046412	2.009282
RTU1	75	44.1284592157	75.00053088	9.025231	1.805046	25	8.141057	1.628211
RTU1	78	41.4633222247	78.00053088	8.847555	1.769511	25	9.430073	1.886015
RTU1	81	44.0597949795	81.00053088	9.020653	1.804131	25	9.194044	1.838809
RTU1	84	36.5767112846	84.00053088	8.521781	1.704356	25	9.692339	1.938468
RTU1	87	41.3889000525	87.00053088	8.842593	1.768519	25	8.537716	1.707543
RTU1	90	41.6614398321	90.00053088	8.860763	1.772153	25	8.854469	1.770894
RTU1	93	39.6570761974	93.00084312	8.727138	1.745428	25	9.265846	1.853169
RTU1	96	41.4742930412	96.00053088	8.848286	1.769657	25	8.834328	1.766866
RTU1	99	37.0992948984	99.00053088	8.55662	1.711324	25	8.000737	1.600147
RTU1	102	40.521231087	102.00053088	8.784749	1.75695	25	7.268774	1.453755
RTU1	105	43.62864676	105.00053088	8.99191	1.798382	25	9.431935	1.886387
RTU1	108	39.8735327381	108.00053088	8.741569	1.748314	25	10.910446	2.182089
RTU1	111	41.1549250251	111.00053088	8.826995	1.765399	25	8.357433	1.671487
RTU1	114	43.2694133374	114.00053088	8.967961	1.793592	25	9.796565	1.959313
RTU1	117	36.1878375294	117.00053088	8.495856	1.699171	25	10.325099	2.06502
RTU1	120	41.8548930118	120.00079152	8.87366	1.774732	25	9.561579	1.912316
RTU1	123	40.6830810905	123.0007492	8.795539	1.759108	25	9.577083	1.915417
RTU1	126	38.7795275989	126.00075264	8.668635	1.733727	25	10.03616	2.007232
RTU1	129	42.8470006024	129.00053088	8.9398	1.78796	25	7.242652	1.44853
RTU1	132	43.4677136433	132.00053088	8.981181	1.796236	25	8.07908	1.615816
RTU1	135	42.8721792177	135.00053088	8.941479	1.788296	25	9.621667	1.924333
RTU1	138	36.5967840032	138.00053088	8.523119	1.704624	25	8.649399	1.72988
RTU1	141	42.3523307761	141.00053088	8.906822	1.781364	25	7.984943	1.596989
RTU1	144	42.9402393352	144.00053088	8.946016	1.789203	25	7.787334	1.557467
RTU1	147	44.0381756116	147.00053088	9.019212	1.803842	25	9.108818	1.821764
RTU1	150	42.3634801232	150.00053088	8.907565	1.781513	25	6.609027	1.321805
RTU1	153	41.3819424037	153.00058128	8.842129	1.768426	25	8.375213	1.675043
RTU1	156	39.6932844257	156.0008884	8.729552	1.74591	25	9.692091	1.938418
RTU1	159	43.4936562998	159.00053088	8.98291	1.796582	25	9.314304	1.862861
RTU1	162	44.8261608659	162.00053088	9.071744	1.814349	25	8.025996	1.605199
RTU1	165	42.9677596851	165.00053088	8.947851	1.78957	25	7.627059	1.525412
RTU1	168	42.25400277	168.00053088	8.900267	1.780053	25	7.912792	1.582558
RTU1	171	36.1918863816	171.00053088	8.496126	1.699225	25	9.505457	1.901091
RTU1	174	39.4222192235	174.00053088	8.711481	1.742296	25	8.647593	1.729519
RTU1	177	42.7989943089	177.00053088	8.9366	1.78732	25	9.326934	1.865387
RTU1	180	36.5572993526	180.00053088	8.520487	1.704097	25	9.107304	1.821461
RTU1	183	46.2808039922	183.00053088	9.16872	1.833744	25	9.523221	1.904644
RTU1	186	40.2532910435	186.00066256	8.766886	1.753377	25	7.630332	1.526066
RTU1	189	36.5763436923	189.00067216	8.521756	1.704351	25	9.144307	1.828861
RTU1	192	40.9495770567	192.00053088	8.813305	1.762661	25	10.448546	2.089709
RTU1	195	46.9451825426	195.00053088	9.213012	1.842602	25	9.92996	1.985992
RTU1	198	41.7418020885	198.00053088	8.86612	1.773224	25	9.76381	1.952762
RTU1	201	43.512147426	201.00053088	8.984143	1.796829	25	8.615826	1.723165
RTU1	204	45.6907100885	204.00053088	9.129381	1.825876	25	8.084234	1.616847
RTU1	207	37.5053889562	207.00053088	8.583693	1.716739	25	9.009598	1.80192
RTU1	210	40.886749663	210.00053088	8.809117	1.761823	25	9.556273	1.911255
RTU1	213	38.6138639677	213.00053088	8.657591	1.731518	25	8.663506	1.732701
RTU1	216	40.0690136411	216.00067824	8.754601	1.75092	25	8.697373	1.739475
RTU1	219	39.3102062312	219.00086792	8.704014	1.740803	25	9.462199	1.89244
RTU1	222	41.5467908141	222.00053088	8.853119	1.770624	25	10.257187	2.051437
RTU1	225	41.0421144868	225.00053088	8.819474	1.763895	25	8.687008	1.737402
RTU1	228	38.4717795131	228.00053088	8.648119	1.729624	25	6.881989	1.376398
RTU1	231	35.8867415503	231.00053088	8.475783	1.695157	25	9.901902	1.98038
RTU1	234	44.2387598126	234.00053088	9.032584	1.806517	25	9.817506	1.963501
RTU1	237	39.3528974866	237.00053088	8.70686	1.741372	25	9.974953	1.994991
RTU1	240	45.819567308	240.00053088	9.137971	1.827594	25	10.322643	2.064529
RTU1	243	38.9268913772	243.0005816	8.678459	1.735692	25	10.867855	2.173571
RTU1	246	45.2378376488	246.00053088	9.099189	1.819838	25	9.087482	1.817496
RTU1	249	45.6690607355	249.00091536	9.127937	1.825587	25	9.18803	1.837606
RTU1	252	38.2797196	252.00073968	8.635315	1.727063	25	9.080117	1.816023
RTU1	255	43.4871509001	255.00053088	8.982477	1.796495	25	10.243988	2.048798
RTU1	258	40.9278785182	258.00053088	8.811859	1.762372	25	7.675608	1.535122
RTU1	261	41.274594043	261.00053088	8.834973	1.766995	25	8.817664	1.763533
RTU1	264	43.6142099046	264.00053088	8.990947	1.798189	25	7.947691	1.589538
RTU1	267	43.6098141069	267.00053088	8.990654	1.798131	25	10.209847	2.041969
RTU1	270	41.574384153	270.00053088	8.854959	1.770992	25	10.190205	2.038041
RTU1	273	41.6968753007	273.00053088	8.863125	1.772625	25	9.801746	1.960349
RTU1	276	42.1540009545	276.00053088	8.8936	1.77872	25	10.202342	2.040468
RTU1	279	40.509842325	279.00065592	8.783989	1.756798	25	10.449007	2.089801
RTU1	282	38.4403643002	282.00084744	8.646024	1.729205	25	10.951921	2.190384
RTU1	285	39.8985963265	285.00053088	8.74324	1.748648	25	10.106681	2.021336
RTU1	288	40.0812155145	288.00053088	8.755414	1.751083	25	9.065323	1.813065
RTU1	291	43.5923017636	291.00053088	8.989487	1.797897	25	8.715387	1.743077
RTU1	294	36.243248584	294.00053088	8.49955	1.69991	25	8.393171	1.678634
RTU1	297	36.2956485196	297.00053088	8.503043	1.700609	25	7.356318	1.471264
RTU1	300	40.1420570234	300.00053088	8.75947	1.751894	25	8.553347	1.710669
