544	3830	3	10.555661890772
544	5124	6	8.5186411207849
544	6418	9	9.5012390856287
544	7712	12	9.2823096713959
544	9006	15	11.120621346628
544	10300	18	9.9384424735373
544	11594	21	12.065485277444
544	12888	24	10.684492121878
544	14182	27	9.993635979623
544	15476	30	9.6266377475895
544	20512	33	9.5760541873659
544	21806	36	11.785407409032
544	23100	39	7.4370925420821
544	24394	42	8.1802752897143
544	25688	45	13.22170309755
544	26982	48	9.1398705583568
544	28276	51	11.142672191874
544	29570	54	9.9126185824106
544	30864	57	9.2664780632207
544	32161	60	44.175882504955
544	36964	63	37.825249894635
544	39008	66	40.159475149921
544	40302	69	37.959683383323
544	41596	72	40.143274629704
544	42890	75	44.128459215747
544	44184	78	41.463322224748
544	45478	81	44.05979497953
544	46772	84	36.576711284553
544	48066	87	41.388900052532
544	49361	90	41.661439832065
544	52823	93	39.657076197447
544	56717	96	41.474293041174
544	58011	99	37.099294898397
544	59305	102	40.521231086987
544	60599	105	43.628646759975
544	61893	108	39.873532738064
544	63187	111	41.154925025068
544	64481	114	43.269413337418
544	65775	117	36.187837529387
544	67069	120	41.85489301184
544	69972	123	40.683081090524
544	73711	126	38.779527598918
544	75755	129	42.847000602415
544	77049	132	43.467713643256
544	78343	135	42.872179217708
544	79637	138	36.596784003167
544	80931	141	42.352330776108
544	82225	144	42.940239335187
544	83519	147	44.038175611576
544	84813	150	42.363480123218
544	86299	153	41.381942403726
544	90097	156	39.693284425745
544	93564	159	43.493656299785
544	94858	162	44.826160865905
544	96152	165	42.96775968509
544	97446	168	42.254002770041
544	98740	171	36.191886381629
544	100034	174	39.422219223528
544	101328	177	42.798994308854
544	102622	180	36.557299352572
544	103916	183	46.280803992197
544	106749	186	40.253291043521
544	110682	189	36.576343692324
544	112443	192	40.949577056739
544	113737	195	46.945182542613
544	115031	198	41.741802088484
544	116325	201	43.51214742599
544	117619	204	45.690710088487
544	118913	207	37.505388956176
544	120207	210	40.886749663041
544	121501	213	38.613863967684
544	123147	216	40.069013641119
544	127113	219	39.310206231225
544	129406	222	41.54679081412
544	130700	225	41.042114486786
544	131994	228	38.471779513078
544	133288	231	35.886741550257
544	134582	234	44.238759812592
544	135876	237	39.352897486646
544	137170	240	45.819567308043
544	138818	243	38.926891377218
544	140484	246	45.237837648826
544	143853	249	45.669060735503
544	146987	252	38.279719600021
544	148513	255	43.48715090006
544	149807	258	40.927878518235
544	151101	261	41.274594042969
544	152395	264	43.61420990459
544	153689	267	43.609814106911
544	154983	270	41.574384152971
544	156277	273	41.696875300692
544	157571	276	42.15400095446
544	159345	279	40.509842325045
544	163723	282	38.440364300151
544	165617	285	39.898596326543
544	166911	288	40.081215514529
544	168205	291	43.592301763633
544	169499	294	36.243248584042
544	170793	297	36.295648519581
544	172087	300	40.142057023368
