495	4631	3.000545879999	0.000545879999
495	4792	3.000615479997	0.000615479997
495	4931	3.000685079995	0.000685079995
495	5053	3.000754679993	0.000754679993
495	5925	6.000545879999	0.000545879999
495	6086	6.000615479997	0.000615479997
495	6225	6.000685079995	0.000685079995
495	6347	6.000754679993	0.000754679993
495	7219	9.000545879999	0.000545879999
495	7380	9.000615479997	0.000615479997
495	7519	9.000685079995	0.000685079995
495	7641	9.000754679993	0.000754679993
495	8513	12.000545879999	0.000545879999
495	8674	12.000615479997	0.000615479997
495	8813	12.000685079995	0.000685079995
495	8935	12.000754679993	0.000754679993
495	9807	15.000545879999	0.000545879999
495	9968	15.000615479997	0.000615479997
495	10107	15.000685079995	0.000685079995
495	10229	15.000754679993	0.000754679993
495	11101	18.000545879999	0.000545879999
495	11262	18.000615479997	0.000615479997
495	11401	18.000685079995	0.000685079995
495	11523	18.000754679993	0.000754679993
495	12395	21.000545879999	0.000545879999
495	12556	21.000615479997	0.000615479997
495	12695	21.000685079995	0.000685079995
495	12817	21.000754679993	0.000754679993
495	13689	24.000545879999	0.000545879999
495	13850	24.000615479997	0.000615479997
495	13989	24.000685079995	0.000685079995
495	14111	24.000754679993	0.000754679993
495	14983	27.000545879999	0.000545879999
495	15144	27.000615479997	0.000615479997
495	15283	27.000685079995	0.000685079995
495	15405	27.000754679993	0.000754679993
495	18343	30.000617719993	0.000617719993
495	19323	30.000716199995	0.000716199995
495	19666	30.00090819999	0.00090819999
495	19797	30.000977799988	0.000977799988
495	20669	33.000545879999	0.000545879999
495	20830	33.000615479997	0.000615479997
495	20969	33.000685079995	0.000685079995
495	21091	33.000754679993	0.000754679993
495	21963	36.000545879999	0.000545879999
495	22124	36.000615479997	0.000615479997
495	22263	36.000685079995	0.000685079995
495	22385	36.000754679993	0.000754679993
495	23257	39.000545879999	0.000545879999
495	23418	39.000615479997	0.000615479997
495	23557	39.000685079995	0.000685079995
495	23679	39.000754679993	0.000754679993
495	24551	42.000545879999	0.000545879999
495	24712	42.000615479997	0.000615479997
495	24851	42.000685079995	0.000685079995
495	24973	42.000754679993	0.000754679993
495	25845	45.000545879999	0.000545879999
495	26006	45.000615479997	0.000615479997
495	26145	45.000685079995	0.000685079995
495	26267	45.000754679993	0.000754679993
495	27139	48.000545879999	0.000545879999
495	27300	48.000615479997	0.000615479997
495	27439	48.000685079995	0.000685079995
495	27561	48.000754679993	0.000754679993
495	28433	51.000545879999	0.000545879999
495	28594	51.000615479997	0.000615479997
495	28733	51.000685079995	0.000685079995
495	28855	51.000754679993	0.000754679993
495	29727	54.000545879999	0.000545879999
495	29888	54.000615479997	0.000615479997
495	30027	54.000685079995	0.000685079995
495	30149	54.000754679993	0.000754679993
495	31021	57.000545879999	0.000545879999
495	31182	57.000615479997	0.000615479997
495	31321	57.000685079995	0.000685079995
495	31443	57.000754679993	0.000754679993
495	31517	59	0
495	31520	59.0001	0
495	31523	59.0002	0
495	31526	59.0003	0
495	31529	59.0004	0
495	31532	59.0005	0
495	31535	59.0006	0
495	31538	59.0007	0
495	31541	59.0008	0
495	31544	59.0009	0
495	31547	59.001	0
495	31550	59.0011	0
495	31553	59.0012	0
495	31556	59.0013	0
495	31559	59.0014	0
495	31562	59.0015	0
495	31565	59.0016	0
495	31568	59.0017	0
495	31571	59.0018	0
495	31574	59.0019	0
495	31577	59.002	0
495	31580	59.0021	0
495	31583	59.0022	0
495	31586	59.0023	0
495	31589	59.0024	0
495	31592	59.0025	0
495	31595	59.0026	0
495	31598	59.0027	0
495	31601	59.0028	0
495	31604	59.0029	0
495	31607	59.003	0
495	31610	59.0031	0
495	31613	59.0032	0
495	31616	59.0033	0
495	31619	59.0034	0
495	31622	59.0035	0
495	31625	59.0036	0
495	31628	59.0037	0
495	31631	59.0038	0
495	31634	59.0039	0
495	31637	59.004	0
495	31640	59.0041	0
495	31643	59.0042	0
495	31646	59.0043	0
495	31649	59.0044	0
495	31652	59.0045	0
495	31655	59.0046	0
495	31658	59.0047	0
495	31661	59.0048	0
495	31664	59.0049	0
495	31667	59.005	0
495	31670	59.0051	0
495	31673	59.0052	0
495	31676	59.0053	0
495	31679	59.0054	0
495	31682	59.0055	0
495	31685	59.0056	0
495	31688	59.0057	0
495	31691	59.0058	0
495	31694	59.0059	0
495	31697	59.006	0
495	31700	59.0061	0
495	31703	59.0062	0
495	31706	59.0063	0
495	31709	59.0064	0
495	31712	59.0065	0
495	31715	59.0066	0
495	31718	59.0067	0
495	31721	59.0068	0
495	31724	59.0069	0
495	31727	59.007	0
495	31730	59.0071	0
495	31733	59.0072	0
495	31736	59.0073	0
495	31739	59.0074	0
495	31742	59.0075	0
495	31745	59.0076	0
495	31748	59.0077	0
495	31751	59.0078	0
495	31754	59.0079	0
495	31757	59.008	0
495	31760	59.0081	0
495	31763	59.0082	0
495	31766	59.0083	0
495	31769	59.0084	0
495	31772	59.0085	0
495	31775	59.0086	0
495	31778	59.0087	0
495	31781	59.0088	0
495	31784	59.0089	0
495	31787	59.009	0
495	31790	59.0091	0
495	31793	59.0092	0
495	31796	59.0093	0
495	31799	59.0094	0
495	31802	59.0095	0
495	31805	59.0096	0
495	31808	59.0097	0
495	31811	59.0098	0
495	31814	59.0099	0
495	31817	59.01	0
495	31820	59.0101	0
495	31823	59.0102	0
495	31826	59.0103	0
495	31829	59.0104	0
495	31832	59.0105	0
495	31835	59.0106	0
495	31838	59.0107	0
495	31841	59.0108	0
495	31844	59.0109	0
495	31847	59.011	0
495	31850	59.0111	0
495	31853	59.0112	0
495	31856	59.0113	0
495	31859	59.0114	0
495	31862	59.0115	0
495	31865	59.0116	0
495	31868	59.0117	0
495	31871	59.0118	0
495	31874	59.0119	0
495	31877	59.012	0
495	31880	59.0121	0
495	31883	59.0122	0
495	31886	59.0123	0
495	31889	59.0124	0
495	31892	59.0125	0
495	31895	59.0126	0
495	31898	59.0127	0
495	31901	59.0128	0
495	31904	59.0129	0
495	31907	59.013	0
495	31910	59.0131	0
495	31913	59.0132	0
495	31916	59.0133	0
495	31919	59.0134	0
495	31922	59.0135	0
495	31925	59.0136	0
495	31928	59.0137	0
495	31931	59.0138	0
495	31934	59.0139	0
495	31937	59.014	0
495	31940	59.0141	0
495	31943	59.0142	0
495	31946	59.0143	0
495	31949	59.0144	0
495	31952	59.0145	0
495	31955	59.0146	0
495	31958	59.0147	0
495	31961	59.0148	0
495	31964	59.0149	0
495	31967	59.015	0
495	31970	59.0151	0
495	31973	59.0152	0
495	31976	59.0153	0
495	31979	59.0154	0
495	31982	59.0155	0
495	31985	59.0156	0
495	31988	59.0157	0
495	31991	59.0158	0
495	31994	59.0159	0
495	31997	59.016	0
495	32000	59.0161	0
495	32003	59.0162	0
495	32006	59.0163	0
495	32009	59.0164	0
495	32012	59.0165	0
495	32015	59.0166	0
495	32018	59.0167	0
495	32021	59.0168	0
495	32024	59.0169	0
495	32027	59.017	0
495	32030	59.0171	0
495	32033	59.0172	0
495	32036	59.0173	0
495	32039	59.0174	0
495	32042	59.0175	0
495	32045	59.0176	0
495	32048	59.0177	0
495	32051	59.0178	0
495	32054	59.0179	0
495	32057	59.018	0
495	32060	59.0181	0
495	32063	59.0182	0
495	32066	59.0183	0
495	32069	59.0184	0
495	32072	59.0185	0
495	32075	59.0186	0
495	32078	59.0187	0
495	32081	59.0188	0
495	32084	59.0189	0
495	32087	59.019	0
495	32090	59.0191	0
495	32093	59.0192	0
495	32096	59.0193	0
495	32099	59.0194	0
495	32102	59.0195	0
495	32105	59.0196	0
495	32108	59.0197	0
495	32111	59.0198	0
495	32114	59.0199	0
495	32117	59.02	0
495	32120	59.0201	0
495	32123	59.0202	0
495	32126	59.0203	0
495	32129	59.0204	0
495	32132	59.0205	0
495	32135	59.0206	0
495	32138	59.0207	0
495	32141	59.0208	0
495	32144	59.0209	0
495	32147	59.021	0
495	32150	59.0211	0
495	32153	59.0212	0
495	32156	59.0213	0
495	32159	59.0214	0
495	32162	59.0215	0
495	32165	59.0216	0
495	32168	59.0217	0
495	32171	59.0218	0
495	32174	59.0219	0
495	32177	59.022	0
495	32180	59.0221	0
495	32183	59.0222	0
495	32186	59.0223	0
495	32189	59.0224	0
495	32192	59.0225	0
495	32195	59.0226	0
495	32198	59.0227	0
495	32201	59.0228	0
495	32204	59.0229	0
495	32207	59.023	0
495	32210	59.0231	0
495	32213	59.0232	0
495	32216	59.0233	0
495	32219	59.0234	0
495	32222	59.0235	0
495	32225	59.0236	0
495	32228	59.0237	0
495	32231	59.0238	0
495	32234	59.0239	0
495	32237	59.024	0
495	32240	59.0241	0
495	32243	59.0242	0
495	32246	59.0243	0
495	32249	59.0244	0
495	32252	59.0245	0
495	32255	59.0246	0
495	32258	59.0247	0
495	32261	59.0248	0
495	32264	59.0249	0
495	32267	59.025	0
495	32270	59.0251	0
495	32273	59.0252	0
495	32276	59.0253	0
495	32279	59.0254	0
495	32282	59.0255	0
495	32285	59.0256	0
495	32288	59.0257	0
495	32291	59.0258	0
495	32294	59.0259	0
495	32297	59.026	0
495	32300	59.0261	0
495	32303	59.0262	0
495	32306	59.0263	0
495	32309	59.0264	0
495	32312	59.0265	0
495	32315	59.0266	0
495	32318	59.0267	0
495	32321	59.0268	0
495	32324	59.0269	0
495	32327	59.027	0
495	32330	59.0271	0
495	32333	59.0272	0
495	32336	59.0273	0
495	32339	59.0274	0
495	32342	59.0275	0
495	32345	59.0276	0
495	32348	59.0277	0
495	32351	59.0278	0
495	32354	59.0279	0
495	32357	59.028	0
495	32360	59.0281	0
495	32363	59.0282	0
495	32366	59.0283	0
495	32369	59.0284	0
495	32372	59.0285	0
495	32375	59.0286	0
495	32378	59.0287	0
495	32381	59.0288	0
495	32384	59.0289	0
495	32387	59.029	0
495	32390	59.0291	0
495	32393	59.0292	0
495	32396	59.0293	0
495	32399	59.0294	0
495	32402	59.0295	0
495	32405	59.0296	0
495	32408	59.0297	0
495	32411	59.0298	0
495	32414	59.0299	0
495	32417	59.03	0
495	32420	59.0301	0
495	32423	59.0302	0
495	32426	59.0303	0
495	32429	59.0304	0
495	32432	59.0305	0
495	32435	59.0306	0
495	32438	59.0307	0
495	32441	59.0308	0
495	32444	59.0309	0
495	32447	59.031	0
495	32450	59.0311	0
495	32453	59.0312	0
495	32456	59.0313	0
495	32459	59.0314	0
495	32462	59.0315	0
495	32465	59.0316	0
495	32468	59.0317	0
495	32471	59.0318	0
495	32474	59.0319	0
495	32477	59.032	0
495	32480	59.0321	0
495	32483	59.0322	0
495	32486	59.0323	0
495	32489	59.0324	0
495	32492	59.0325	0
495	32495	59.0326	0
495	32498	59.0327	0
495	32501	59.0328	0
495	32504	59.0329	0
495	32507	59.033	0
495	32510	59.0331	0
495	32513	59.0332	0
495	32516	59.0333	0
495	32519	59.0334	0
495	32522	59.0335	0
495	32525	59.0336	0
495	32528	59.0337	0
495	32531	59.0338	0
495	32534	59.0339	0
495	32537	59.034	0
495	32540	59.0341	0
495	32543	59.0342	0
495	32546	59.0343	0
495	32549	59.0344	0
495	32552	59.0345	0
495	32555	59.0346	0
495	32558	59.0347	0
495	32561	59.0348	0
495	32564	59.0349	0
495	32567	59.035	0
495	32570	59.0351	0
495	32573	59.0352	0
495	32576	59.0353	0
495	32579	59.0354	0
495	32582	59.0355	0
495	32585	59.0356	0
495	32588	59.0357	0
495	32591	59.0358	0
495	32594	59.0359	0
495	32597	59.036	0
495	32600	59.0361	0
495	32603	59.0362	0
495	32606	59.0363	0
495	32609	59.0364	0
495	32612	59.0365	0
495	32615	59.0366	0
495	32618	59.0367	0
495	32621	59.0368	0
495	32624	59.0369	0
495	32627	59.037	0
495	32630	59.0371	0
495	32633	59.0372	0
495	32636	59.0373	0
495	32639	59.0374	0
495	32642	59.0375	0
495	32645	59.0376	0
495	32648	59.0377	0
495	32651	59.0378	0
495	32654	59.0379	0
495	32657	59.038	0
495	32660	59.0381	0
495	32663	59.0382	0
495	32666	59.0383	0
495	32669	59.0384	0
495	32672	59.0385	0
495	32675	59.0386	0
495	32678	59.0387	0
495	32681	59.0388	0
495	32684	59.0389	0
495	32687	59.039	0
495	32690	59.0391	0
495	32693	59.0392	0
495	32696	59.0393	0
495	32699	59.0394	0
495	32702	59.0395	0
495	32705	59.0396	0
495	32708	59.0397	0
495	32711	59.0398	0
495	32714	59.0399	0
495	32717	59.04	0
495	32720	59.0401	0
495	32723	59.0402	0
495	32726	59.0403	0
495	32729	59.0404	0
495	32732	59.0405	0
495	32735	59.0406	0
495	32738	59.0407	0
495	32741	59.0408	0
495	32744	59.0409	0
495	32747	59.041	0
495	32750	59.0411	0
495	32753	59.0412	0
495	32756	59.0413	0
495	32759	59.0414	0
495	32762	59.0415	0
495	32765	59.0416	0
495	32768	59.0417	0
495	32771	59.0418	0
495	32774	59.0419	0
495	32777	59.042	0
495	32780	59.0421	0
495	32783	59.0422	0
495	32786	59.0423	0
495	32789	59.0424	0
495	32792	59.0425	0
495	32795	59.0426	0
495	32798	59.0427	0
495	32801	59.0428	0
495	32804	59.0429	0
495	32807	59.043	0
495	32810	59.0431	0
495	32813	59.0432	0
495	32816	59.0433	0
495	32819	59.0434	0
495	32822	59.0435	0
495	32825	59.0436	0
495	32828	59.0437	0
495	32831	59.0438	0
495	32834	59.0439	0
495	32837	59.044	0
495	32840	59.0441	0
495	32843	59.0442	0
495	32846	59.0443	0
495	32849	59.0444	0
495	32852	59.0445	0
495	32855	59.0446	0
495	32858	59.0447	0
495	32861	59.0448	0
495	32864	59.0449	0
495	32867	59.045	0
495	32870	59.0451	0
495	32873	59.0452	0
495	32876	59.0453	0
495	32879	59.0454	0
495	32882	59.0455	0
495	32885	59.0456	0
495	32888	59.0457	0
495	32891	59.0458	0
495	32894	59.0459	0
495	32897	59.046	0
495	32900	59.0461	0
495	32903	59.0462	0
495	32906	59.0463	0
495	32909	59.0464	0
495	32912	59.0465	0
495	32915	59.0466	0
495	32918	59.0467	0
495	32921	59.0468	0
495	32924	59.0469	0
495	32927	59.047	0
495	32930	59.0471	0
495	32933	59.0472	0
495	32936	59.0473	0
495	32939	59.0474	0
495	32942	59.0475	0
495	32945	59.0476	0
495	32948	59.0477	0
495	32951	59.0478	0
495	32954	59.0479	0
495	32957	59.048	0
495	32960	59.0481	0
495	32963	59.0482	0
495	32966	59.0483	0
495	32969	59.0484	0
495	32972	59.0485	0
495	32975	59.0486	0
495	32978	59.0487	0
495	32981	59.0488	0
495	32984	59.0489	0
495	32987	59.049	0
495	32990	59.0491	0
495	32993	59.0492	0
495	32996	59.0493	0
495	32999	59.0494	0
495	33002	59.0495	0
495	33005	59.0496	0
495	33008	59.0497	0
495	33011	59.0498	0
495	33014	59.0499	0
495	33017	59.05	0
495	33020	59.0501	0
495	33023	59.0502	0
495	33026	59.0503	0
495	33029	59.0504	0
495	33032	59.0505	0
495	33035	59.0506	0
495	33038	59.0507	0
495	33041	59.0508	0
495	33044	59.0509	0
495	33047	59.051	0
495	33050	59.0511	0
495	33053	59.0512	0
495	33056	59.0513	0
495	33059	59.0514	0
495	33062	59.0515	0
495	33065	59.0516	0
495	33068	59.0517	0
495	33071	59.0518	0
495	33074	59.0519	0
495	33077	59.052	0
495	33080	59.0521	0
495	33083	59.0522	0
495	33086	59.0523	0
495	33089	59.0524	0
495	33092	59.0525	0
495	33095	59.0526	0
495	33098	59.0527	0
495	33101	59.0528	0
495	33104	59.0529	0
495	33107	59.053	0
495	33110	59.0531	0
495	33113	59.0532	0
495	33116	59.0533	0
495	33119	59.0534	0
495	33122	59.0535	0
495	33125	59.0536	0
495	33128	59.0537	0
495	33131	59.0538	0
495	33134	59.0539	0
495	33137	59.054	0
495	33140	59.0541	0
495	33143	59.0542	0
495	33146	59.0543	0
495	33149	59.0544	0
495	33152	59.0545	0
495	33155	59.0546	0
495	33158	59.0547	0
495	33161	59.0548	0
495	33164	59.0549	0
495	33167	59.055	0
495	33170	59.0551	0
495	33173	59.0552	0
495	33176	59.0553	0
495	33179	59.0554	0
495	33182	59.0555	0
495	33185	59.0556	0
495	33188	59.0557	0
495	33191	59.0558	0
495	33194	59.0559	0
495	33197	59.056	0
495	33200	59.0561	0
495	33203	59.0562	0
495	33206	59.0563	0
495	33209	59.0564	0
495	33212	59.0565	0
495	33215	59.0566	0
495	33218	59.0567	0
495	33221	59.0568	0
495	33224	59.0569	0
495	33227	59.057	0
495	33230	59.0571	0
495	33233	59.0572	0
495	33236	59.0573	0
495	33239	59.0574	0
495	33242	59.0575	0
495	33245	59.0576	0
495	33248	59.0577	0
495	33251	59.0578	0
495	33254	59.0579	0
495	33257	59.058	0
495	33260	59.0581	0
495	33263	59.0582	0
495	33266	59.0583	0
495	33269	59.0584	0
495	33272	59.0585	0
495	33275	59.0586	0
495	33278	59.0587	0
495	33281	59.0588	0
495	33284	59.0589	0
495	33287	59.059	0
495	33290	59.0591	0
495	33293	59.0592	0
495	33296	59.0593	0
495	33299	59.0594	0
495	33302	59.0595	0
495	33305	59.0596	0
495	33308	59.0597	0
495	33311	59.0598	0
495	33314	59.0599	0
495	33317	59.06	0
495	33320	59.0601	0
495	33323	59.0602	0
495	33326	59.0603	0
495	33329	59.0604	0
495	33332	59.0605	0
495	33335	59.0606	0
495	33338	59.0607	0
495	33341	59.0608	0
495	33344	59.0609	0
495	33347	59.061	0
495	33350	59.0611	0
495	33353	59.0612	0
495	33356	59.0613	0
495	33359	59.0614	0
495	33362	59.0615	0
495	33365	59.0616	0
495	33368	59.0617	0
495	33371	59.0618	0
495	33374	59.0619	0
495	33377	59.062	0
495	33380	59.0621	0
495	33383	59.0622	0
495	33386	59.0623	0
495	33389	59.0624	0
495	33392	59.0625	0
495	33395	59.0626	0
495	33398	59.0627	0
495	33401	59.0628	0
495	33404	59.0629	0
495	33407	59.063	0
495	33410	59.0631	0
495	33413	59.0632	0
495	33416	59.0633	0
495	33419	59.0634	0
495	33422	59.0635	0
495	33425	59.0636	0
495	33428	59.0637	0
495	33431	59.0638	0
495	33434	59.0639	0
495	33437	59.064	0
495	33440	59.0641	0
495	33443	59.0642	0
495	33446	59.0643	0
495	33449	59.0644	0
495	33452	59.0645	0
495	33455	59.0646	0
495	33458	59.0647	0
495	33461	59.0648	0
495	33464	59.0649	0
495	33467	59.065	0
495	33470	59.0651	0
495	33473	59.0652	0
495	33476	59.0653	0
495	33479	59.0654	0
495	33482	59.0655	0
495	33485	59.0656	0
495	33488	59.0657	0
495	33491	59.0658	0
495	33494	59.0659	0
495	33497	59.066	0
495	33500	59.0661	0
495	33503	59.0662	0
495	33506	59.0663	0
495	33509	59.0664	0
495	33512	59.0665	0
495	33515	59.0666	0
495	33518	59.0667	0
495	33521	59.0668	0
495	33524	59.0669	0
495	33527	59.067	0
495	33530	59.0671	0
495	33533	59.0672	0
495	33536	59.0673	0
495	33539	59.0674	0
495	33542	59.0675	0
495	33545	59.0676	0
495	33548	59.0677	0
495	33551	59.0678	0
495	33554	59.0679	0
495	33557	59.068	0
495	33560	59.0681	0
495	33563	59.0682	0
495	33566	59.0683	0
495	33569	59.0684	0
495	33572	59.0685	0
495	33575	59.0686	0
495	33578	59.0687	0
495	33581	59.0688	0
495	33584	59.0689	0
495	33587	59.069	0
495	33590	59.0691	0
495	33593	59.0692	0
495	33596	59.0693	0
495	33599	59.0694	0
495	33602	59.0695	0
495	33605	59.0696	0
495	33608	59.0697	0
495	33611	59.0698	0
495	33614	59.0699	0
495	33617	59.07	0
495	33620	59.0701	0
495	33623	59.0702	0
495	33626	59.0703	0
495	33629	59.0704	0
495	33632	59.0705	0
495	33635	59.0706	0
495	33638	59.0707	0
495	33641	59.0708	0
495	33644	59.0709	0
495	33647	59.071	0
495	33650	59.0711	0
495	33653	59.0712	0
495	33656	59.0713	0
495	33659	59.0714	0
495	33662	59.0715	0
495	33665	59.0716	0
495	33668	59.0717	0
495	33671	59.0718	0
495	33674	59.0719	0
495	33677	59.072	0
495	33680	59.0721	0
495	33683	59.0722	0
495	33686	59.0723	0
495	33689	59.0724	0
495	33692	59.0725	0
495	33695	59.0726	0
495	33698	59.0727	0
495	33701	59.0728	0
495	33704	59.0729	0
495	33707	59.073	0
495	33710	59.0731	0
495	33713	59.0732	0
495	33716	59.0733	0
495	33719	59.0734	0
495	33722	59.0735	0
495	33725	59.0736	0
495	33728	59.0737	0
495	33731	59.0738	0
495	33734	59.0739	0
495	33737	59.074	0
495	33740	59.0741	0
495	33743	59.0742	0
495	33746	59.0743	0
495	33749	59.0744	0
495	33752	59.0745	0
495	33755	59.0746	0
495	33758	59.0747	0
495	33761	59.0748	0
495	33764	59.0749	0
495	33767	59.075	0
495	33770	59.0751	0
495	33773	59.0752	0
495	33776	59.0753	0
495	33779	59.0754	0
495	33782	59.0755	0
495	33785	59.0756	0
495	33788	59.0757	0
495	33791	59.0758	0
495	33794	59.0759	0
495	33797	59.076	0
495	33800	59.0761	0
495	33803	59.0762	0
495	33806	59.0763	0
495	33809	59.0764	0
495	33812	59.0765	0
495	33815	59.0766	0
495	33818	59.0767	0
495	33821	59.0768	0
495	33824	59.0769	0
495	33827	59.077	0
495	33830	59.0771	0
495	33833	59.0772	0
495	33836	59.0773	0
495	33839	59.0774	0
495	33842	59.0775	0
495	33845	59.0776	0
495	33848	59.0777	0
495	33851	59.0778	0
495	33854	59.0779	0
495	33857	59.078	0
495	33860	59.0781	0
495	33863	59.0782	0
495	33866	59.0783	0
495	33869	59.0784	0
495	33872	59.0785	0
495	33875	59.0786	0
495	33878	59.0787	0
495	33881	59.0788	0
495	33884	59.0789	0
495	33887	59.079	0
495	33890	59.0791	0
495	33893	59.0792	0
495	33896	59.0793	0
495	33899	59.0794	0
495	33902	59.0795	0
495	33905	59.0796	0
495	33908	59.0797	0
495	33911	59.0798	0
495	33914	59.0799	0
495	33917	59.08	0
495	33920	59.0801	0
495	33923	59.0802	0
495	33926	59.0803	0
495	33929	59.0804	0
495	33932	59.0805	0
495	33935	59.0806	0
495	33938	59.0807	0
495	33941	59.0808	0
495	33944	59.0809	0
495	33947	59.081	0
495	33950	59.0811	0
495	33953	59.0812	0
495	33956	59.0813	0
495	33959	59.0814	0
495	33962	59.0815	0
495	33965	59.0816	0
495	33968	59.0817	0
495	33971	59.0818	0
495	33974	59.0819	0
495	33977	59.082	0
495	33980	59.0821	0
495	33983	59.0822	0
495	33986	59.0823	0
495	33989	59.0824	0
495	33992	59.0825	0
495	33995	59.0826	0
495	33998	59.0827	0
495	34001	59.0828	0
495	34004	59.0829	0
495	34007	59.083	0
495	34010	59.0831	0
495	34013	59.0832	0
495	34016	59.0833	0
495	34019	59.0834	0
495	34022	59.0835	0
495	34025	59.0836	0
495	34028	59.0837	0
495	34031	59.0838	0
495	34034	59.0839	0
495	34037	59.084	0
495	34040	59.0841	0
495	34043	59.0842	0
495	34046	59.0843	0
495	34049	59.0844	0
495	34052	59.0845	0
495	34055	59.0846	0
495	34058	59.0847	0
495	34061	59.0848	0
495	34064	59.0849	0
495	34067	59.085	0
495	34070	59.0851	0
495	34073	59.0852	0
495	34076	59.0853	0
495	34079	59.0854	0
495	34082	59.0855	0
495	34085	59.0856	0
495	34088	59.0857	0
495	34091	59.0858	0
495	34094	59.0859	0
495	34097	59.086	0
495	34100	59.0861	0
495	34103	59.0862	0
495	34106	59.0863	0
495	34109	59.0864	0
495	34112	59.0865	0
495	34115	59.0866	0
495	34118	59.0867	0
495	34121	59.0868	0
495	34124	59.0869	0
495	34127	59.087	0
495	34130	59.0871	0
495	34133	59.0872	0
495	34136	59.0873	0
495	34139	59.0874	0
495	34142	59.0875	0
495	34145	59.0876	0
495	34148	59.0877	0
495	34151	59.0878	0
495	34154	59.0879	0
495	34157	59.088	0
495	34160	59.0881	0
495	34163	59.0882	0
495	34166	59.0883	0
495	34169	59.0884	0
495	34172	59.0885	0
495	34175	59.0886	0
495	34178	59.0887	0
495	34181	59.0888	0
495	34184	59.0889	0
495	34187	59.089	0
495	34190	59.0891	0
495	34193	59.0892	0
495	34196	59.0893	0
495	34199	59.0894	0
495	34202	59.0895	0
495	34205	59.0896	0
495	34208	59.0897	0
495	34211	59.0898	0
495	34214	59.0899	0
495	34217	59.09	0
495	34220	59.0901	0
495	34223	59.0902	0
495	34226	59.0903	0
495	34229	59.0904	0
495	34232	59.0905	0
495	34235	59.0906	0
495	34238	59.0907	0
495	34241	59.0908	0
495	34244	59.0909	0
495	34247	59.091	0
495	34250	59.0911	0
495	34253	59.0912	0
495	34256	59.0913	0
495	34259	59.0914	0
495	34262	59.0915	0
495	34265	59.0916	0
495	34268	59.0917	0
495	34271	59.0918	0
495	34274	59.0919	0
495	34277	59.092	0
495	34280	59.0921	0
495	34283	59.0922	0
495	34286	59.0923	0
495	34289	59.0924	0
495	34292	59.0925	0
495	34295	59.0926	0
495	34298	59.0927	0
495	34301	59.0928	0
495	34304	59.0929	0
495	34307	59.093	0
495	34310	59.0931	0
495	34313	59.0932	0
495	34316	59.0933	0
495	34319	59.0934	0
495	34322	59.0935	0
495	34325	59.0936	0
495	34328	59.0937	0
495	34331	59.0938	0
495	34334	59.0939	0
495	34337	59.094	0
495	34340	59.0941	0
495	34343	59.0942	0
495	34346	59.0943	0
495	34349	59.0944	0
495	34352	59.0945	0
495	34355	59.0946	0
495	34358	59.0947	0
495	34361	59.0948	0
495	34364	59.0949	0
495	34367	59.095	0
495	34370	59.0951	0
495	34373	59.0952	0
495	34376	59.0953	0
495	34379	59.0954	0
495	34382	59.0955	0
495	34385	59.0956	0
495	34388	59.0957	0
495	34391	59.0958	0
495	34394	59.0959	0
495	34397	59.096	0
495	34400	59.0961	0
495	34403	59.0962	0
495	34406	59.0963	0
495	34409	59.0964	0
495	34412	59.0965	0
495	34415	59.0966	0
495	34418	59.0967	0
495	34421	59.0968	0
495	34424	59.0969	0
495	34427	59.097	0
495	34430	59.0971	0
495	34433	59.0972	0
495	34436	59.0973	0
495	34439	59.0974	0
495	34442	59.0975	0
495	34445	59.0976	0
495	34448	59.0977	0
495	34451	59.0978	0
495	34454	59.0979	0
495	34457	59.098	0
495	34460	59.0981	0
495	34463	59.0982	0
495	34466	59.0983	0
495	34469	59.0984	0
495	34472	59.0985	0
495	34475	59.0986	0
495	34478	59.0987	0
495	34481	59.0988	0
495	34484	59.0989	0
495	34487	59.099	0
495	34490	59.0991	0
495	34493	59.0992	0
495	34496	59.0993	0
495	34499	59.0994	0
495	34502	59.0995	0
495	34505	59.0996	0
495	34508	59.0997	0
495	34511	59.0998	0
495	34514	59.0999	0
495	34517	59.1	0
495	34520	59.1001	0
495	34523	59.1002	0
495	34526	59.1003	0
495	34529	59.1004	0
495	34532	59.1005	0
495	34535	59.1006	0
495	34538	59.1007	0
495	34541	59.1008	0
495	34544	59.1009	0
495	34547	59.101	0
495	34550	59.1011	0
495	34553	59.1012	0
495	34556	59.1013	0
495	34559	59.1014	0
495	34562	59.1015	0
495	34565	59.1016	0
495	34568	59.1017	0
495	34571	59.1018	0
495	34574	59.1019	0
495	34577	59.102	0
495	34580	59.1021	0
495	34583	59.1022	0
495	34586	59.1023	0
495	34589	59.1024	0
495	34592	59.1025	0
495	34595	59.1026	0
495	34598	59.1027	0
495	34601	59.1028	0
495	34604	59.1029	0
495	34607	59.103	0
495	34610	59.1031	0
495	34613	59.1032	0
495	34616	59.1033	0
495	34619	59.1034	0
495	34622	59.1035	0
495	34625	59.1036	0
495	34628	59.1037	0
495	34631	59.1038	0
495	34634	59.1039	0
495	34637	59.104	0
495	34640	59.1041	0
495	34643	59.1042	0
495	34646	59.1043	0
495	34649	59.1044	0
495	34652	59.1045	0
495	34655	59.1046	0
495	34658	59.1047	0
495	34661	59.1048	0
495	34664	59.1049	0
495	34667	59.105	0
495	34670	59.1051	0
495	34673	59.1052	0
495	34676	59.1053	0
495	34679	59.1054	0
495	34682	59.1055	0
495	34685	59.1056	0
495	34688	59.1057	0
495	34691	59.1058	0
495	34694	59.1059	0
495	34697	59.106	0
495	34700	59.1061	0
495	34703	59.1062	0
495	34706	59.1063	0
495	34709	59.1064	0
495	34712	59.1065	0
495	34715	59.1066	0
495	34718	59.1067	0
495	34721	59.1068	0
495	34724	59.1069	0
495	34727	59.107	0
495	34730	59.1071	0
495	34733	59.1072	0
495	34736	59.1073	0
495	34739	59.1074	0
495	34742	59.1075	0
495	34745	59.1076	0
495	34748	59.1077	0
495	34751	59.1078	0
495	34754	59.1079	0
495	34757	59.108	0
495	34760	59.1081	0
495	34763	59.1082	0
495	34766	59.1083	0
495	34769	59.1084	0
495	34772	59.1085	0
495	34775	59.1086	0
495	34778	59.1087	0
495	34781	59.1088	0
495	34784	59.1089	0
495	34787	59.109	0
495	34790	59.1091	0
495	34793	59.1092	0
495	34796	59.1093	0
495	34799	59.1094	0
495	34802	59.1095	0
495	34805	59.1096	0
495	34808	59.1097	0
495	34811	59.1098	0
495	34814	59.1099	0
495	34817	59.11	0
495	34820	59.1101	0
495	34823	59.1102	0
495	34826	59.1103	0
495	34829	59.1104	0
495	34832	59.1105	0
495	34835	59.1106	0
495	34838	59.1107	0
495	34841	59.1108	0
495	34844	59.1109	0
495	34847	59.111	0
495	34850	59.1111	0
495	34853	59.1112	0
495	34856	59.1113	0
495	34859	59.1114	0
495	34862	59.1115	0
495	34865	59.1116	0
495	34868	59.1117	0
495	34871	59.1118	0
495	34874	59.1119	0
495	34877	59.112	0
495	34880	59.1121	0
495	34883	59.1122	0
495	34886	59.1123	0
495	34889	59.1124	0
495	34892	59.1125	0
495	34895	59.1126	0
495	34898	59.1127	0
495	34901	59.1128	0
495	34904	59.1129	0
495	34907	59.113	0
495	34910	59.1131	0
495	34913	59.1132	0
495	34916	59.1133	0
495	34919	59.1134	0
495	34922	59.1135	0
495	34925	59.1136	0
495	34928	59.1137	0
495	34931	59.1138	0
495	34934	59.1139	0
495	34937	59.114	0
495	34940	59.1141	0
495	34943	59.1142	0
495	34946	59.1143	0
495	34949	59.1144	0
495	34952	59.1145	0
495	34955	59.1146	0
495	34958	59.1147	0
495	34961	59.1148	0
495	34964	59.1149	0
495	34967	59.115	0
495	34970	59.1151	0
495	34973	59.1152	0
495	34976	59.1153	0
495	34979	59.1154	0
495	34982	59.1155	0
495	34985	59.1156	0
495	34988	59.1157	0
495	34991	59.1158	0
495	34994	59.1159	0
495	34997	59.116	0
495	35000	59.1161	0
495	35003	59.1162	0
495	35006	59.1163	0
495	35009	59.1164	0
495	35012	59.1165	0
495	35015	59.1166	0
495	35018	59.1167	0
495	35021	59.1168	0
495	35024	59.1169	0
495	35027	59.117	0
495	35030	59.1171	0
495	35033	59.1172	0
495	35036	59.1173	0
495	35039	59.1174	0
495	35042	59.1175	0
495	35045	59.1176	0
495	35048	59.1177	0
495	35051	59.1178	0
495	35054	59.1179	0
495	35057	59.118	0
495	35060	59.1181	0
495	35063	59.1182	0
495	35066	59.1183	0
495	35069	59.1184	0
495	35072	59.1185	0
495	35075	59.1186	0
495	35078	59.1187	0
495	35081	59.1188	0
495	35084	59.1189	0
495	35087	59.119	0
495	35090	59.1191	0
495	35093	59.1192	0
495	35096	59.1193	0
495	35099	59.1194	0
495	35102	59.1195	0
495	35105	59.1196	0
495	35108	59.1197	0
495	35111	59.1198	0
495	35114	59.1199	0
495	35117	59.12	0
495	35120	59.1201	0
495	35123	59.1202	0
495	35126	59.1203	0
495	35129	59.1204	0
495	35132	59.1205	0
495	35135	59.1206	0
495	35138	59.1207	0
495	35141	59.1208	0
495	35144	59.1209	0
495	35147	59.121	0
495	35150	59.1211	0
495	35153	59.1212	0
495	35156	59.1213	0
495	35159	59.1214	0
495	35162	59.1215	0
495	35165	59.1216	0
495	35168	59.1217	0
495	35171	59.1218	0
495	35174	59.1219	0
495	35177	59.122	0
495	35180	59.1221	0
495	35183	59.1222	0
495	35186	59.1223	0
495	35189	59.1224	0
495	35192	59.1225	0
495	35195	59.1226	0
495	35198	59.1227	0
495	35201	59.1228	0
495	35204	59.1229	0
495	35207	59.123	0
495	35210	59.1231	0
495	35213	59.1232	0
495	35216	59.1233	0
495	35219	59.1234	0
495	35222	59.1235	0
495	35225	59.1236	0
495	35228	59.1237	0
495	35231	59.1238	0
495	35234	59.1239	0
495	35237	59.124	0
495	35240	59.1241	0
495	35243	59.1242	0
495	35246	59.1243	0
495	35249	59.1244	0
495	35252	59.1245	0
495	35255	59.1246	0
495	35258	59.1247	0
495	35261	59.1248	0
495	35264	59.1249	0
495	35267	59.125	0
495	35270	59.1251	0
495	35273	59.1252	0
495	35276	59.1253	0
495	35279	59.1254	0
495	35282	59.1255	0
495	35285	59.1256	0
495	35288	59.1257	0
495	35291	59.1258	0
495	35294	59.1259	0
495	35297	59.126	0
495	35300	59.1261	0
495	35303	59.1262	0
495	35306	59.1263	0
495	35309	59.1264	0
495	35312	59.1265	0
495	35315	59.1266	0
495	35318	59.1267	0
495	35321	59.1268	0
495	35324	59.1269	0
495	35327	59.127	0
495	35330	59.1271	0
495	35333	59.1272	0
495	35336	59.1273	0
495	35339	59.1274	0
495	35342	59.1275	0
495	35345	59.1276	0
495	35348	59.1277	0
495	35351	59.1278	0
495	35354	59.1279	0
495	35357	59.128	0
495	35360	59.1281	0
495	35363	59.1282	0
495	35366	59.1283	0
495	35369	59.1284	0
495	35372	59.1285	0
495	35375	59.1286	0
495	35378	59.1287	0
495	35381	59.1288	0
495	35384	59.1289	0
495	35387	59.129	0
495	35390	59.1291	0
495	35393	59.1292	0
495	35396	59.1293	0
495	35399	59.1294	0
495	35402	59.1295	0
495	35405	59.1296	0
495	35408	59.1297	0
495	35411	59.1298	0
495	35414	59.1299	0
495	35417	59.13	0
495	35420	59.1301	0
495	35423	59.1302	0
495	35426	59.1303	0
495	35429	59.1304	0
495	35432	59.1305	0
495	35435	59.1306	0
495	35438	59.1307	0
495	35441	59.1308	0
495	35444	59.1309	0
495	35447	59.131	0
495	35450	59.1311	0
495	35453	59.1312	0
495	35456	59.1313	0
495	35459	59.1314	0
495	35462	59.1315	0
495	35465	59.1316	0
495	35468	59.1317	0
495	35471	59.1318	0
495	35474	59.1319	0
495	35477	59.132	0
495	35480	59.1321	0
495	35483	59.1322	0
495	35486	59.1323	0
495	35489	59.1324	0
495	35492	59.1325	0
495	35495	59.1326	0
495	35498	59.1327	0
495	35501	59.1328	0
495	35504	59.1329	0
495	35507	59.133	0
495	35510	59.1331	0
495	35513	59.1332	0
495	35516	59.1333	0
495	35519	59.1334	0
495	35522	59.1335	0
495	35525	59.1336	0
495	35528	59.1337	0
495	35531	59.1338	0
495	35534	59.1339	0
495	35537	59.134	0
495	35540	59.1341	0
495	35543	59.1342	0
495	35546	59.1343	0
495	35549	59.1344	0
495	35552	59.1345	0
495	35555	59.1346	0
495	35558	59.1347	0
495	35561	59.1348	0
495	35564	59.1349	0
495	35567	59.135	0
495	35570	59.1351	0
495	35573	59.1352	0
495	35576	59.1353	0
495	35579	59.1354	0
495	35582	59.1355	0
495	35585	59.1356	0
495	35588	59.1357	0
495	35591	59.1358	0
495	35594	59.1359	0
495	35597	59.136	0
495	35600	59.1361	0
495	35603	59.1362	0
495	35606	59.1363	0
495	35609	59.1364	0
495	35612	59.1365	0
495	35615	59.1366	0
495	35618	59.1367	0
495	35621	59.1368	0
495	35624	59.1369	0
495	35627	59.137	0
495	35630	59.1371	0
495	35633	59.1372	0
495	35636	59.1373	0
495	35639	59.1374	0
495	35642	59.1375	0
495	35645	59.1376	0
495	35648	59.1377	0
495	35651	59.1378	0
495	35654	59.1379	0
495	35657	59.138	0
495	35660	59.1381	0
495	35663	59.1382	0
495	35666	59.1383	0
495	35669	59.1384	0
495	35672	59.1385	0
495	35675	59.1386	0
495	35678	59.1387	0
495	35681	59.1388	0
495	35684	59.1389	0
495	35687	59.139	0
495	35690	59.1391	0
495	35693	59.1392	0
495	35696	59.1393	0
495	35699	59.1394	0
495	35702	59.1395	0
495	35705	59.1396	0
495	35708	59.1397	0
495	35711	59.1398	0
495	35714	59.1399	0
495	35717	59.14	0
495	35720	59.1401	0
495	35723	59.1402	0
495	35726	59.1403	0
495	35729	59.1404	0
495	35732	59.1405	0
495	35735	59.1406	0
495	35738	59.1407	0
495	35741	59.1408	0
495	35744	59.1409	0
495	35747	59.141	0
495	35750	59.1411	0
495	35753	59.1412	0
495	35756	59.1413	0
495	35759	59.1414	0
495	35762	59.1415	0
495	35765	59.1416	0
495	35768	59.1417	0
495	35771	59.1418	0
495	35774	59.1419	0
495	35777	59.142	0
495	35780	59.1421	0
495	35783	59.1422	0
495	35786	59.1423	0
495	35789	59.1424	0
495	35792	59.1425	0
495	35795	59.1426	0
495	35798	59.1427	0
495	35801	59.1428	0
495	35804	59.1429	0
495	35807	59.143	0
495	35810	59.1431	0
495	35813	59.1432	0
495	35816	59.1433	0
495	35819	59.1434	0
495	35822	59.1435	0
495	35825	59.1436	0
495	35828	59.1437	0
495	35831	59.1438	0
495	35834	59.1439	0
495	35837	59.144	0
495	35840	59.1441	0
495	35843	59.1442	0
495	35846	59.1443	0
495	35849	59.1444	0
495	35852	59.1445	0
495	35855	59.1446	0
495	35858	59.1447	0
495	35861	59.1448	0
495	35864	59.1449	0
495	35867	59.145	0
495	35870	59.1451	0
495	35873	59.1452	0
495	35876	59.1453	0
495	35879	59.1454	0
495	35882	59.1455	0
495	35885	59.1456	0
495	35888	59.1457	0
495	35891	59.1458	0
495	35894	59.1459	0
495	35897	59.146	0
495	35900	59.1461	0
495	35903	59.1462	0
495	35906	59.1463	0
495	35909	59.1464	0
495	35912	59.1465	0
495	35915	59.1466	0
495	35918	59.1467	0
495	35921	59.1468	0
495	35924	59.1469	0
495	35927	59.147	0
495	35930	59.1471	0
495	35933	59.1472	0
495	35936	59.1473	0
495	35939	59.1474	0
495	35942	59.1475	0
495	35945	59.1476	0
495	35948	59.1477	0
495	35951	59.1478	0
495	35954	59.1479	0
495	35957	59.148	0
495	35960	59.1481	0
495	35963	59.1482	0
495	35966	59.1483	0
495	35969	59.1484	0
495	35972	59.1485	0
495	35975	59.1486	0
495	35978	59.1487	0
495	35981	59.1488	0
495	35984	59.1489	0
495	35987	59.149	0
495	35990	59.1491	0
495	35993	59.1492	0
495	35996	59.1493	0
495	35999	59.1494	0
495	36002	59.1495	0
495	36005	59.1496	0
495	36008	59.1497	0
495	36011	59.1498	0
495	36014	59.1499	0
495	36017	59.15	0
495	36020	59.1501	0
495	36023	59.1502	0
495	36026	59.1503	0
495	36029	59.1504	0
495	36032	59.1505	0
495	36035	59.1506	0
495	36038	59.1507	0
495	36041	59.1508	0
495	36044	59.1509	0
495	36047	59.151	0
495	36050	59.1511	0
495	36053	59.1512	0
495	36056	59.1513	0
495	36059	59.1514	0
495	36062	59.1515	0
495	36065	59.1516	0
495	36068	59.1517	0
495	36071	59.1518	0
495	36074	59.1519	0
495	36077	59.152	0
495	36080	59.1521	0
495	36083	59.1522	0
495	36086	59.1523	0
495	36089	59.1524	0
495	36092	59.1525	0
495	36095	59.1526	0
495	36098	59.1527	0
495	36101	59.1528	0
495	36104	59.1529	0
495	36107	59.153	0
495	36110	59.1531	0
495	36113	59.1532	0
495	36116	59.1533	0
495	36119	59.1534	0
495	36122	59.1535	0
495	36125	59.1536	0
495	36128	59.1537	0
495	36131	59.1538	0
495	36134	59.1539	0
495	36137	59.154	0
495	36140	59.1541	0
495	36143	59.1542	0
495	36146	59.1543	0
495	36149	59.1544	0
495	36152	59.1545	0
495	36155	59.1546	0
495	36158	59.1547	0
495	36161	59.1548	0
495	36164	59.1549	0
495	36167	59.155	0
495	36170	59.1551	0
495	36173	59.1552	0
495	36176	59.1553	0
495	36179	59.1554	0
495	36182	59.1555	0
495	36185	59.1556	0
495	36188	59.1557	0
495	36191	59.1558	0
495	36194	59.1559	0
495	36197	59.156	0
495	36200	59.1561	0
495	36203	59.1562	0
495	36206	59.1563	0
495	36209	59.1564	0
495	36212	59.1565	0
495	36215	59.1566	0
495	36218	59.1567	0
495	36221	59.1568	0
495	36224	59.1569	0
495	36227	59.157	0
495	36230	59.1571	0
495	36233	59.1572	0
495	36236	59.1573	0
495	36239	59.1574	0
495	36242	59.1575	0
495	36245	59.1576	0
495	36248	59.1577	0
495	36251	59.1578	0
495	36254	59.1579	0
495	36257	59.158	0
495	36260	59.1581	0
495	36263	59.1582	0
495	36266	59.1583	0
495	36269	59.1584	0
495	36272	59.1585	0
495	36275	59.1586	0
495	36278	59.1587	0
495	36281	59.1588	0
495	36284	59.1589	0
495	36287	59.159	0
495	36290	59.1591	0
495	36293	59.1592	0
495	36296	59.1593	0
495	36299	59.1594	0
495	36302	59.1595	0
495	36305	59.1596	0
495	36308	59.1597	0
495	36311	59.1598	0
495	36314	59.1599	0
495	36317	59.16	0
495	36320	59.1601	0
495	36323	59.1602	0
495	36326	59.1603	0
495	36329	59.1604	0
495	36332	59.1605	0
495	36335	59.1606	0
495	36338	59.1607	0
495	36341	59.1608	0
495	36344	59.1609	0
495	36347	59.161	0
495	36350	59.1611	0
495	36353	59.1612	0
495	36356	59.1613	0
495	36359	59.1614	0
495	36362	59.1615	0
495	36365	59.1616	0
495	36368	59.1617	0
495	36371	59.1618	0
495	36374	59.1619	0
495	36377	59.162	0
495	36380	59.1621	0
495	36383	59.1622	0
495	36386	59.1623	0
495	36389	59.1624	0
495	36392	59.1625	0
495	36395	59.1626	0
495	36398	59.1627	0
495	36401	59.1628	0
495	36404	59.1629	0
495	36407	59.163	0
495	36410	59.1631	0
495	36413	59.1632	0
495	36416	59.1633	0
495	36419	59.1634	0
495	36422	59.1635	0
495	36425	59.1636	0
495	36428	59.1637	0
495	36431	59.1638	0
495	36434	59.1639	0
495	36437	59.164	0
495	36440	59.1641	0
495	36443	59.1642	0
495	36446	59.1643	0
495	36449	59.1644	0
495	36452	59.1645	0
495	36455	59.1646	0
495	36458	59.1647	0
495	36461	59.1648	0
495	36464	59.1649	0
495	36467	59.165	0
495	36470	59.1651	0
495	36473	59.1652	0
495	36476	59.1653	0
495	36479	59.1654	0
495	36482	59.1655	0
495	36485	59.1656	0
495	36488	59.1657	0
495	36491	59.1658	0
495	36494	59.1659	0
495	36497	59.166	0
495	36500	59.1661	0
495	36503	59.1662	0
495	36506	59.1663	0
495	36509	59.1664	0
495	36512	59.1665	0
495	36515	59.1666	0
495	36518	59.1667	0
495	36521	59.1668	0
495	36524	59.1669	0
495	36527	59.167	0
495	36530	59.1671	0
495	36533	59.1672	0
495	36536	59.1673	0
495	36539	59.1674	0
495	36542	59.1675	0
495	36545	59.1676	0
495	36548	59.1677	0
495	36551	59.1678	0
495	36554	59.1679	0
495	36557	59.168	0
495	36560	59.1681	0
495	36563	59.1682	0
495	36566	59.1683	0
495	36569	59.1684	0
495	36572	59.1685	0
495	36575	59.1686	0
495	36578	59.1687	0
495	36581	59.1688	0
495	36584	59.1689	0
495	36587	59.169	0
495	36590	59.1691	0
495	36593	59.1692	0
495	36596	59.1693	0
495	36599	59.1694	0
495	36602	59.1695	0
495	36605	59.1696	0
495	36608	59.1697	0
495	36611	59.1698	0
495	36614	59.1699	0
495	36617	59.17	0
495	36620	59.1701	0
495	36623	59.1702	0
495	36626	59.1703	0
495	36629	59.1704	0
495	36632	59.1705	0
495	36635	59.1706	0
495	36638	59.1707	0
495	36641	59.1708	0
495	36644	59.1709	0
495	36647	59.171	0
495	36650	59.1711	0
495	36653	59.1712	0
495	36656	59.1713	0
495	36659	59.1714	0
495	36662	59.1715	0
495	36665	59.1716	0
495	36668	59.1717	0
495	36671	59.1718	0
495	36674	59.1719	0
495	36677	59.172	0
495	36680	59.1721	0
495	36683	59.1722	0
495	36686	59.1723	0
495	36689	59.1724	0
495	36692	59.1725	0
495	36695	59.1726	0
495	36698	59.1727	0
495	36701	59.1728	0
495	36704	59.1729	0
495	36707	59.173	0
495	36710	59.1731	0
495	36713	59.1732	0
495	36716	59.1733	0
495	36719	59.1734	0
495	36722	59.1735	0
495	36725	59.1736	0
495	36728	59.1737	0
495	36731	59.1738	0
495	36734	59.1739	0
495	36737	59.174	0
495	36740	59.1741	0
495	36743	59.1742	0
495	36746	59.1743	0
495	36749	59.1744	0
495	36752	59.1745	0
495	36755	59.1746	0
495	36758	59.1747	0
495	36761	59.1748	0
495	36764	59.1749	0
495	36767	59.175	0
495	36770	59.1751	0
495	36773	59.1752	0
495	36776	59.1753	0
495	36779	59.1754	0
495	36782	59.1755	0
495	36785	59.1756	0
495	36788	59.1757	0
495	36791	59.1758	0
495	36794	59.1759	0
495	36797	59.176	0
495	36800	59.1761	0
495	36803	59.1762	0
495	36806	59.1763	0
495	36809	59.1764	0
495	36812	59.1765	0
495	36815	59.1766	0
495	36818	59.1767	0
495	36821	59.1768	0
495	36824	59.1769	0
495	36827	59.177	0
495	36830	59.1771	0
495	36833	59.1772	0
495	36836	59.1773	0
495	36839	59.1774	0
495	36842	59.1775	0
495	36845	59.1776	0
495	36848	59.1777	0
495	36851	59.1778	0
495	36854	59.1779	0
495	36857	59.178	0
495	36860	59.1781	0
495	36863	59.1782	0
495	36866	59.1783	0
495	36869	59.1784	0
495	36872	59.1785	0
495	36875	59.1786	0
495	36878	59.1787	0
495	36881	59.1788	0
495	36884	59.1789	0
495	36887	59.179	0
495	36890	59.1791	0
495	36893	59.1792	0
495	36896	59.1793	0
495	36899	59.1794	0
495	36902	59.1795	0
495	36905	59.1796	0
495	36908	59.1797	0
495	36911	59.1798	0
495	36914	59.1799	0
495	36917	59.18	0
495	36920	59.1801	0
495	36923	59.1802	0
495	36926	59.1803	0
495	36929	59.1804	0
495	36932	59.1805	0
495	36935	59.1806	0
495	36938	59.1807	0
495	36941	59.1808	0
495	36944	59.1809	0
495	36947	59.181	0
495	36950	59.1811	0
495	36953	59.1812	0
495	36956	59.1813	0
495	36959	59.1814	0
495	36962	59.1815	0
495	36965	59.1816	0
495	36968	59.1817	0
495	36971	59.1818	0
495	36974	59.1819	0
495	36977	59.182	0
495	36980	59.1821	0
495	36983	59.1822	0
495	36986	59.1823	0
495	36989	59.1824	0
495	36992	59.1825	0
495	36995	59.1826	0
495	36998	59.1827	0
495	37001	59.1828	0
495	37004	59.1829	0
495	37007	59.183	0
495	37010	59.1831	0
495	37013	59.1832	0
495	37016	59.1833	0
495	37019	59.1834	0
495	37022	59.1835	0
495	37025	59.1836	0
495	37028	59.1837	0
495	37031	59.1838	0
495	37034	59.1839	0
495	37037	59.184	0
495	37040	59.1841	0
495	37043	59.1842	0
495	37046	59.1843	0
495	37049	59.1844	0
495	37052	59.1845	0
495	37055	59.1846	0
495	37058	59.1847	0
495	37061	59.1848	0
495	37064	59.1849	0
495	37067	59.185	0
495	37070	59.1851	0
495	37073	59.1852	0
495	37076	59.1853	0
495	37079	59.1854	0
495	37082	59.1855	0
495	37085	59.1856	0
495	37088	59.1857	0
495	37091	59.1858	0
495	37094	59.1859	0
495	37097	59.186	0
495	37100	59.1861	0
495	37103	59.1862	0
495	37106	59.1863	0
495	37109	59.1864	0
495	37112	59.1865	0
495	37115	59.1866	0
495	37118	59.1867	0
495	37121	59.1868	0
495	37124	59.1869	0
495	37127	59.187	0
495	37130	59.1871	0
495	37133	59.1872	0
495	37136	59.1873	0
495	37139	59.1874	0
495	37142	59.1875	0
495	37145	59.1876	0
495	37148	59.1877	0
495	37151	59.1878	0
495	37154	59.1879	0
495	37157	59.188	0
495	37160	59.1881	0
495	37163	59.1882	0
495	37166	59.1883	0
495	37169	59.1884	0
495	37172	59.1885	0
495	37175	59.1886	0
495	37178	59.1887	0
495	37181	59.1888	0
495	37184	59.1889	0
495	37187	59.189	0
495	37190	59.1891	0
495	37193	59.1892	0
495	37196	59.1893	0
495	37199	59.1894	0
495	37202	59.1895	0
495	37205	59.1896	0
495	37208	59.1897	0
495	37211	59.1898	0
495	37214	59.1899	0
495	37217	59.19	0
495	37220	59.1901	0
495	37223	59.1902	0
495	37226	59.1903	0
495	37229	59.1904	0
495	37232	59.1905	0
495	37235	59.1906	0
495	37238	59.1907	0
495	37241	59.1908	0
495	37244	59.1909	0
495	37247	59.191	0
495	37250	59.1911	0
495	37253	59.1912	0
495	37256	59.1913	0
495	37259	59.1914	0
495	37262	59.1915	0
495	37265	59.1916	0
495	37268	59.1917	0
495	37271	59.1918	0
495	37274	59.1919	0
495	37277	59.192	0
495	37280	59.1921	0
495	37283	59.1922	0
495	37286	59.1923	0
495	37289	59.1924	0
495	37292	59.1925	0
495	37295	59.1926	0
495	37298	59.1927	0
495	37301	59.1928	0
495	37304	59.1929	0
495	37307	59.193	0
495	37310	59.1931	0
495	37313	59.1932	0
495	37316	59.1933	0
495	37319	59.1934	0
495	37322	59.1935	0
495	37325	59.1936	0
495	37328	59.1937	0
495	37331	59.1938	0
495	37334	59.1939	0
495	37337	59.194	0
495	37340	59.1941	0
495	37343	59.1942	0
495	37346	59.1943	0
495	37349	59.1944	0
495	37352	59.1945	0
495	37355	59.1946	0
495	37358	59.1947	0
495	37361	59.1948	0
495	37364	59.1949	0
495	37367	59.195	0
495	37370	59.1951	0
495	37373	59.1952	0
495	37376	59.1953	0
495	37379	59.1954	0
495	37382	59.1955	0
495	37385	59.1956	0
495	37388	59.1957	0
495	37391	59.1958	0
495	37394	59.1959	0
495	37397	59.196	0
495	37400	59.1961	0
495	37403	59.1962	0
495	37406	59.1963	0
495	37409	59.1964	0
495	37412	59.1965	0
495	37415	59.1966	0
495	37418	59.1967	0
495	37421	59.1968	0
495	37424	59.1969	0
495	37427	59.197	0
495	37430	59.1971	0
495	37433	59.1972	0
495	37436	59.1973	0
495	37439	59.1974	0
495	37442	59.1975	0
495	37445	59.1976	0
495	37448	59.1977	0
495	37451	59.1978	0
495	37454	59.1979	0
495	37457	59.198	0
495	37460	59.1981	0
495	37463	59.1982	0
495	37466	59.1983	0
495	37469	59.1984	0
495	37472	59.1985	0
495	37475	59.1986	0
495	37478	59.1987	0
495	37481	59.1988	0
495	37484	59.1989	0
495	37487	59.199	0
495	37490	59.1991	0
495	37493	59.1992	0
495	37496	59.1993	0
495	37499	59.1994	0
495	37502	59.1995	0
495	37505	59.1996	0
495	37508	59.1997	0
495	37511	59.1998	0
495	37514	59.1999	0
495	37517	59.2	0
495	37520	59.2001	0
495	37523	59.2002	0
495	37526	59.2003	0
495	37529	59.2004	0
495	37532	59.2005	0
495	37535	59.2006	0
495	37538	59.2007	0
495	37541	59.2008	0
495	37544	59.2009	0
495	37547	59.201	0
495	37550	59.2011	0
495	37553	59.2012	0
495	37556	59.2013	0
495	37559	59.2014	0
495	37562	59.2015	0
495	37565	59.2016	0
495	37568	59.2017	0
495	37571	59.2018	0
495	37574	59.2019	0
495	37577	59.202	0
495	37580	59.2021	0
495	37583	59.2022	0
495	37586	59.2023	0
495	37589	59.2024	0
495	37592	59.2025	0
495	37595	59.2026	0
495	37598	59.2027	0
495	37601	59.2028	0
495	37604	59.2029	0
495	37607	59.203	0
495	37610	59.2031	0
495	37613	59.2032	0
495	37616	59.2033	0
495	37619	59.2034	0
495	37622	59.2035	0
495	37625	59.2036	0
495	37628	59.2037	0
495	37631	59.2038	0
495	37634	59.2039	0
495	37637	59.204	0
495	37640	59.2041	0
495	37643	59.2042	0
495	37646	59.2043	0
495	37649	59.2044	0
495	37652	59.2045	0
495	37655	59.2046	0
495	37658	59.2047	0
495	37661	59.2048	0
495	37664	59.2049	0
495	37667	59.205	0
495	37670	59.2051	0
495	37673	59.2052	0
495	37676	59.2053	0
495	37679	59.2054	0
495	37682	59.2055	0
495	37685	59.2056	0
495	37688	59.2057	0
495	37691	59.2058	0
495	37694	59.2059	0
495	37697	59.206	0
495	37700	59.2061	0
495	37703	59.2062	0
495	37706	59.2063	0
495	37709	59.2064	0
495	37712	59.2065	0
495	37715	59.2066	0
495	37718	59.2067	0
495	37721	59.2068	0
495	37724	59.2069	0
495	37727	59.207	0
495	37730	59.2071	0
495	37733	59.2072	0
495	37736	59.2073	0
495	37739	59.2074	0
495	37742	59.2075	0
495	37745	59.2076	0
495	37748	59.2077	0
495	37751	59.2078	0
495	37754	59.2079	0
495	37757	59.208	0
495	37760	59.2081	0
495	37763	59.2082	0
495	37766	59.2083	0
495	37769	59.2084	0
495	37772	59.2085	0
495	37775	59.2086	0
495	37778	59.2087	0
495	37781	59.2088	0
495	37784	59.2089	0
495	37787	59.209	0
495	37790	59.2091	0
495	37793	59.2092	0
495	37796	59.2093	0
495	37799	59.2094	0
495	37802	59.2095	0
495	37805	59.2096	0
495	37808	59.2097	0
495	37811	59.2098	0
495	37814	59.2099	0
495	37817	59.21	0
495	37820	59.2101	0
495	37823	59.2102	0
495	37826	59.2103	0
495	37829	59.2104	0
495	37832	59.2105	0
495	37835	59.2106	0
495	37838	59.2107	0
495	37841	59.2108	0
495	37844	59.2109	0
495	37847	59.211	0
495	37850	59.2111	0
495	37853	59.2112	0
495	37856	59.2113	0
495	37859	59.2114	0
495	37862	59.2115	0
495	37865	59.2116	0
495	37868	59.2117	0
495	37871	59.2118	0
495	37874	59.2119	0
495	37877	59.212	0
495	37880	59.2121	0
495	37883	59.2122	0
495	37886	59.2123	0
495	37889	59.2124	0
495	37892	59.2125	0
495	37895	59.2126	0
495	37898	59.2127	0
495	37901	59.2128	0
495	37904	59.2129	0
495	37907	59.213	0
495	37910	59.2131	0
495	37913	59.2132	0
495	37916	59.2133	0
495	37919	59.2134	0
495	37922	59.2135	0
495	37925	59.2136	0
495	37928	59.2137	0
495	37931	59.2138	0
495	37934	59.2139	0
495	37937	59.214	0
495	37940	59.2141	0
495	37943	59.2142	0
495	37946	59.2143	0
495	37949	59.2144	0
495	37952	59.2145	0
495	37955	59.2146	0
495	37958	59.2147	0
495	37961	59.2148	0
495	37964	59.2149	0
495	37967	59.215	0
495	37970	59.2151	0
495	37973	59.2152	0
495	37976	59.2153	0
495	37979	59.2154	0
495	37982	59.2155	0
495	37985	59.2156	0
495	37988	59.2157	0
495	37991	59.2158	0
495	37994	59.2159	0
495	37997	59.216	0
495	38000	59.2161	0
495	38003	59.2162	0
495	38006	59.2163	0
495	38009	59.2164	0
495	38012	59.2165	0
495	38015	59.2166	0
495	38018	59.2167	0
495	38021	59.2168	0
495	38024	59.2169	0
495	38027	59.217	0
495	38030	59.2171	0
495	38033	59.2172	0
495	38036	59.2173	0
495	38039	59.2174	0
495	38042	59.2175	0
495	38045	59.2176	0
495	38048	59.2177	0
495	38051	59.2178	0
495	38054	59.2179	0
495	38057	59.218	0
495	38060	59.2181	0
495	38063	59.2182	0
495	38066	59.2183	0
495	38069	59.2184	0
495	38072	59.2185	0
495	38075	59.2186	0
495	38078	59.2187	0
495	38081	59.2188	0
495	38084	59.2189	0
495	38087	59.219	0
495	38090	59.2191	0
495	38093	59.2192	0
495	38096	59.2193	0
495	38099	59.2194	0
495	38102	59.2195	0
495	38105	59.2196	0
495	38108	59.2197	0
495	38111	59.2198	0
495	38114	59.2199	0
495	38117	59.22	0
495	38120	59.2201	0
495	38123	59.2202	0
495	38126	59.2203	0
495	38129	59.2204	0
495	38132	59.2205	0
495	38135	59.2206	0
495	38138	59.2207	0
495	38141	59.2208	0
495	38144	59.2209	0
495	38147	59.221	0
495	38150	59.2211	0
495	38153	59.2212	0
495	38156	59.2213	0
495	38159	59.2214	0
495	38162	59.2215	0
495	38165	59.2216	0
495	38168	59.2217	0
495	38171	59.2218	0
495	38174	59.2219	0
495	38177	59.222	0
495	38180	59.2221	0
495	38183	59.2222	0
495	38186	59.2223	0
495	38189	59.2224	0
495	38192	59.2225	0
495	38195	59.2226	0
495	38198	59.2227	0
495	38201	59.2228	0
495	38204	59.2229	0
495	38207	59.223	0
495	38210	59.2231	0
495	38213	59.2232	0
495	38216	59.2233	0
495	38219	59.2234	0
495	38222	59.2235	0
495	38225	59.2236	0
495	38228	59.2237	0
495	38231	59.2238	0
495	38234	59.2239	0
495	38237	59.224	0
495	38240	59.2241	0
495	38243	59.2242	0
495	38246	59.2243	0
495	38249	59.2244	0
495	38252	59.2245	0
495	38255	59.2246	0
495	38258	59.2247	0
495	38261	59.2248	0
495	38264	59.2249	0
495	38267	59.225	0
495	38270	59.2251	0
495	38273	59.2252	0
495	38276	59.2253	0
495	38279	59.2254	0
495	38282	59.2255	0
495	38285	59.2256	0
495	38288	59.2257	0
495	38291	59.2258	0
495	38294	59.2259	0
495	38297	59.226	0
495	38300	59.2261	0
495	38303	59.2262	0
495	38306	59.2263	0
495	38309	59.2264	0
495	38312	59.2265	0
495	38315	59.2266	0
495	38318	59.2267	0
495	38321	59.2268	0
495	38324	59.2269	0
495	38327	59.227	0
495	38330	59.2271	0
495	38333	59.2272	0
495	38336	59.2273	0
495	38339	59.2274	0
495	38342	59.2275	0
495	38345	59.2276	0
495	38348	59.2277	0
495	38351	59.2278	0
495	38354	59.2279	0
495	38357	59.228	0
495	38360	59.2281	0
495	38363	59.2282	0
495	38366	59.2283	0
495	38369	59.2284	0
495	38372	59.2285	0
495	38375	59.2286	0
495	38378	59.2287	0
495	38381	59.2288	0
495	38384	59.2289	0
495	38387	59.229	0
495	38390	59.2291	0
495	38393	59.2292	0
495	38396	59.2293	0
495	38399	59.2294	0
495	38402	59.2295	0
495	38405	59.2296	0
495	38408	59.2297	0
495	38411	59.2298	0
495	38414	59.2299	0
495	38417	59.23	0
495	38420	59.2301	0
495	38423	59.2302	0
495	38426	59.2303	0
495	38429	59.2304	0
495	38432	59.2305	0
495	38435	59.2306	0
495	38438	59.2307	0
495	38441	59.2308	0
495	38444	59.2309	0
495	38447	59.231	0
495	38450	59.2311	0
495	38453	59.2312	0
495	38456	59.2313	0
495	38459	59.2314	0
495	38462	59.2315	0
495	38465	59.2316	0
495	38468	59.2317	0
495	38471	59.2318	0
495	38474	59.2319	0
495	38477	59.232	0
495	38480	59.2321	0
495	38483	59.2322	0
495	38486	59.2323	0
495	38489	59.2324	0
495	38492	59.2325	0
495	38495	59.2326	0
495	38498	59.2327	0
495	38501	59.2328	0
495	38504	59.2329	0
495	38507	59.233	0
495	38510	59.2331	0
495	38513	59.2332	0
495	38516	59.2333	0
495	38519	59.2334	0
495	38522	59.2335	0
495	38525	59.2336	0
495	38528	59.2337	0
495	38531	59.2338	0
495	38534	59.2339	0
495	38537	59.234	0
495	38540	59.2341	0
495	38543	59.2342	0
495	38546	59.2343	0
495	38549	59.2344	0
495	38552	59.2345	0
495	38555	59.2346	0
495	38558	59.2347	0
495	38561	59.2348	0
495	38564	59.2349	0
495	38567	59.235	0
495	38570	59.2351	0
495	38573	59.2352	0
495	38576	59.2353	0
495	38579	59.2354	0
495	38582	59.2355	0
495	38585	59.2356	0
495	38588	59.2357	0
495	38591	59.2358	0
495	38594	59.2359	0
495	38597	59.236	0
495	38600	59.2361	0
495	38603	59.2362	0
495	38606	59.2363	0
495	38609	59.2364	0
495	38612	59.2365	0
495	38615	59.2366	0
495	38618	59.2367	0
495	38621	59.2368	0
495	38624	59.2369	0
495	38627	59.237	0
495	38630	59.2371	0
495	38633	59.2372	0
495	38636	59.2373	0
495	38639	59.2374	0
495	38642	59.2375	0
495	38645	59.2376	0
495	38648	59.2377	0
495	38651	59.2378	0
495	38654	59.2379	0
495	38657	59.238	0
495	38660	59.2381	0
495	38663	59.2382	0
495	38666	59.2383	0
495	38669	59.2384	0
495	38672	59.2385	0
495	38675	59.2386	0
495	38678	59.2387	0
495	38681	59.2388	0
495	38684	59.2389	0
495	38687	59.239	0
495	38690	59.2391	0
495	38693	59.2392	0
495	38696	59.2393	0
495	38699	59.2394	0
495	38702	59.2395	0
495	38705	59.2396	0
495	38708	59.2397	0
495	38711	59.2398	0
495	38714	59.2399	0
495	38717	59.24	0
495	38720	59.2401	0
495	38723	59.2402	0
495	38726	59.2403	0
495	38729	59.2404	0
495	38732	59.2405	0
495	38735	59.2406	0
495	38738	59.2407	0
495	38741	59.2408	0
495	38744	59.2409	0
495	38747	59.241	0
495	38750	59.2411	0
495	38753	59.2412	0
495	38756	59.2413	0
495	38759	59.2414	0
495	38762	59.2415	0
495	38765	59.2416	0
495	38768	59.2417	0
495	38771	59.2418	0
495	38774	59.2419	0
495	38777	59.242	0
495	38780	59.2421	0
495	38783	59.2422	0
495	38786	59.2423	0
495	38789	59.2424	0
495	38792	59.2425	0
495	38795	59.2426	0
495	38798	59.2427	0
495	38801	59.2428	0
495	38804	59.2429	0
495	38807	59.243	0
495	38810	59.2431	0
495	38813	59.2432	0
495	38816	59.2433	0
495	38819	59.2434	0
495	38822	59.2435	0
495	38825	59.2436	0
495	38828	59.2437	0
495	38831	59.2438	0
495	38834	59.2439	0
495	38837	59.244	0
495	38840	59.2441	0
495	38843	59.2442	0
495	38846	59.2443	0
495	38849	59.2444	0
495	38852	59.2445	0
495	38855	59.2446	0
495	38858	59.2447	0
495	38861	59.2448	0
495	38864	59.2449	0
495	38867	59.245	0
495	38870	59.2451	0
495	38873	59.2452	0
495	38876	59.2453	0
495	38879	59.2454	0
495	38882	59.2455	0
495	38885	59.2456	0
495	38888	59.2457	0
495	38891	59.2458	0
495	38894	59.2459	0
495	38897	59.246	0
495	38900	59.2461	0
495	38903	59.2462	0
495	38906	59.2463	0
495	38909	59.2464	0
495	38912	59.2465	0
495	38915	59.2466	0
495	38918	59.2467	0
495	38921	59.2468	0
495	38924	59.2469	0
495	38927	59.247	0
495	38930	59.2471	0
495	38933	59.2472	0
495	38936	59.2473	0
495	38939	59.2474	0
495	38942	59.2475	0
495	38945	59.2476	0
495	38948	59.2477	0
495	38951	59.2478	0
495	38954	59.2479	0
495	38957	59.248	0
495	38960	59.2481	0
495	38963	59.2482	0
495	38966	59.2483	0
495	38969	59.2484	0
495	38972	59.2485	0
495	38975	59.2486	0
495	38978	59.2487	0
495	38981	59.2488	0
495	38984	59.2489	0
495	38987	59.249	0
495	38990	59.2491	0
495	38993	59.2492	0
495	38996	59.2493	0
495	38999	59.2494	0
495	39002	59.2495	0
495	39005	59.2496	0
495	39008	59.2497	0
495	39011	59.2498	0
495	39014	59.2499	0
495	39017	59.25	0
495	39020	59.2501	0
495	39023	59.2502	0
495	39026	59.2503	0
495	39029	59.2504	0
495	39032	59.2505	0
495	39035	59.2506	0
495	39038	59.2507	0
495	39041	59.2508	0
495	39044	59.2509	0
495	39047	59.251	0
495	39050	59.2511	0
495	39053	59.2512	0
495	39056	59.2513	0
495	39059	59.2514	0
495	39062	59.2515	0
495	39065	59.2516	0
495	39068	59.2517	0
495	39071	59.2518	0
495	39074	59.2519	0
495	39077	59.252	0
495	39080	59.2521	0
495	39083	59.2522	0
495	39086	59.2523	0
495	39089	59.2524	0
495	39092	59.2525	0
495	39095	59.2526	0
495	39098	59.2527	0
495	39101	59.2528	0
495	39104	59.2529	0
495	39107	59.253	0
495	39110	59.2531	0
495	39113	59.2532	0
495	39116	59.2533	0
495	39119	59.2534	0
495	39122	59.2535	0
495	39125	59.2536	0
495	39128	59.2537	0
495	39131	59.2538	0
495	39134	59.2539	0
495	39137	59.254	0
495	39140	59.2541	0
495	39143	59.2542	0
495	39146	59.2543	0
495	39149	59.2544	0
495	39152	59.2545	0
495	39155	59.2546	0
495	39158	59.2547	0
495	39161	59.2548	0
495	39164	59.2549	0
495	39167	59.255	0
495	39170	59.2551	0
495	39173	59.2552	0
495	39176	59.2553	0
495	39179	59.2554	0
495	39182	59.2555	0
495	39185	59.2556	0
495	39188	59.2557	0
495	39191	59.2558	0
495	39194	59.2559	0
495	39197	59.256	0
495	39200	59.2561	0
495	39203	59.2562	0
495	39206	59.2563	0
495	39209	59.2564	0
495	39212	59.2565	0
495	39215	59.2566	0
495	39218	59.2567	0
495	39221	59.2568	0
495	39224	59.2569	0
495	39227	59.257	0
495	39230	59.2571	0
495	39233	59.2572	0
495	39236	59.2573	0
495	39239	59.2574	0
495	39242	59.2575	0
495	39245	59.2576	0
495	39248	59.2577	0
495	39251	59.2578	0
495	39254	59.2579	0
495	39257	59.258	0
495	39260	59.2581	0
495	39263	59.2582	0
495	39266	59.2583	0
495	39269	59.2584	0
495	39272	59.2585	0
495	39275	59.2586	0
495	39278	59.2587	0
495	39281	59.2588	0
495	39284	59.2589	0
495	39287	59.259	0
495	39290	59.2591	0
495	39293	59.2592	0
495	39296	59.2593	0
495	39299	59.2594	0
495	39302	59.2595	0
495	39305	59.2596	0
495	39308	59.2597	0
495	39311	59.2598	0
495	39314	59.2599	0
495	39317	59.26	0
495	39320	59.2601	0
495	39323	59.2602	0
495	39326	59.2603	0
495	39329	59.2604	0
495	39332	59.2605	0
495	39335	59.2606	0
495	39338	59.2607	0
495	39341	59.2608	0
495	39344	59.2609	0
495	39347	59.261	0
495	39350	59.2611	0
495	39353	59.2612	0
495	39356	59.2613	0
495	39359	59.2614	0
495	39362	59.2615	0
495	39365	59.2616	0
495	39368	59.2617	0
495	39371	59.2618	0
495	39374	59.2619	0
495	39377	59.262	0
495	39380	59.2621	0
495	39383	59.2622	0
495	39386	59.2623	0
495	39389	59.2624	0
495	39392	59.2625	0
495	39395	59.2626	0
495	39398	59.2627	0
495	39401	59.2628	0
495	39404	59.2629	0
495	39407	59.263	0
495	39410	59.2631	0
495	39413	59.2632	0
495	39416	59.2633	0
495	39419	59.2634	0
495	39422	59.2635	0
495	39425	59.2636	0
495	39428	59.2637	0
495	39431	59.2638	0
495	39434	59.2639	0
495	39437	59.264	0
495	39440	59.2641	0
495	39443	59.2642	0
495	39446	59.2643	0
495	39449	59.2644	0
495	39452	59.2645	0
495	39455	59.2646	0
495	39458	59.2647	0
495	39461	59.2648	0
495	39464	59.2649	0
495	39467	59.265	0
495	39470	59.2651	0
495	39473	59.2652	0
495	39476	59.2653	0
495	39479	59.2654	0
495	39482	59.2655	0
495	39485	59.2656	0
495	39488	59.2657	0
495	39491	59.2658	0
495	39494	59.2659	0
495	39497	59.266	0
495	39500	59.2661	0
495	39503	59.2662	0
495	39506	59.2663	0
495	39509	59.2664	0
495	39512	59.2665	0
495	39515	59.2666	0
495	39518	59.2667	0
495	39521	59.2668	0
495	39524	59.2669	0
495	39527	59.267	0
495	39530	59.2671	0
495	39533	59.2672	0
495	39536	59.2673	0
495	39539	59.2674	0
495	39542	59.2675	0
495	39545	59.2676	0
495	39548	59.2677	0
495	39551	59.2678	0
495	39554	59.2679	0
495	39557	59.268	0
495	39560	59.2681	0
495	39563	59.2682	0
495	39566	59.2683	0
495	39569	59.2684	0
495	39572	59.2685	0
495	39575	59.2686	0
495	39578	59.2687	0
495	39581	59.2688	0
495	39584	59.2689	0
495	39587	59.269	0
495	39590	59.2691	0
495	39593	59.2692	0
495	39596	59.2693	0
495	39599	59.2694	0
495	39602	59.2695	0
495	39605	59.2696	0
495	39608	59.2697	0
495	39611	59.2698	0
495	39614	59.2699	0
495	39617	59.27	0
495	39620	59.2701	0
495	39623	59.2702	0
495	39626	59.2703	0
495	39629	59.2704	0
495	39632	59.2705	0
495	39635	59.2706	0
495	39638	59.2707	0
495	39641	59.2708	0
495	39644	59.2709	0
495	39647	59.271	0
495	39650	59.2711	0
495	39653	59.2712	0
495	39656	59.2713	0
495	39659	59.2714	0
495	39662	59.2715	0
495	39665	59.2716	0
495	39668	59.2717	0
495	39671	59.2718	0
495	39674	59.2719	0
495	39677	59.272	0
495	39680	59.2721	0
495	39683	59.2722	0
495	39686	59.2723	0
495	39689	59.2724	0
495	39692	59.2725	0
495	39695	59.2726	0
495	39698	59.2727	0
495	39701	59.2728	0
495	39704	59.2729	0
495	39707	59.273	0
495	39710	59.2731	0
495	39713	59.2732	0
495	39716	59.2733	0
495	39719	59.2734	0
495	39722	59.2735	0
495	39725	59.2736	0
495	39728	59.2737	0
495	39731	59.2738	0
495	39734	59.2739	0
495	39737	59.274	0
495	39740	59.2741	0
495	39743	59.2742	0
495	39746	59.2743	0
495	39749	59.2744	0
495	39752	59.2745	0
495	39755	59.2746	0
495	39758	59.2747	0
495	39761	59.2748	0
495	39764	59.2749	0
495	39767	59.275	0
495	39770	59.2751	0
495	39773	59.2752	0
495	39776	59.2753	0
495	39779	59.2754	0
495	39782	59.2755	0
495	39785	59.2756	0
495	39788	59.2757	0
495	39791	59.2758	0
495	39794	59.2759	0
495	39797	59.276	0
495	39800	59.2761	0
495	39803	59.2762	0
495	39806	59.2763	0
495	39809	59.2764	0
495	39812	59.2765	0
495	39815	59.2766	0
495	39818	59.2767	0
495	39821	59.2768	0
495	39824	59.2769	0
495	39827	59.277	0
495	39830	59.2771	0
495	39833	59.2772	0
495	39836	59.2773	0
495	39839	59.2774	0
495	39842	59.2775	0
495	39845	59.2776	0
495	39848	59.2777	0
495	39851	59.2778	0
495	39854	59.2779	0
495	39857	59.278	0
495	39860	59.2781	0
495	39863	59.2782	0
495	39866	59.2783	0
495	39869	59.2784	0
495	39872	59.2785	0
495	39875	59.2786	0
495	39878	59.2787	0
495	39881	59.2788	0
495	39884	59.2789	0
495	39887	59.279	0
495	39890	59.2791	0
495	39893	59.2792	0
495	39896	59.2793	0
495	39899	59.2794	0
495	39902	59.2795	0
495	39905	59.2796	0
495	39908	59.2797	0
495	39911	59.2798	0
495	39914	59.2799	0
495	39917	59.28	0
495	39920	59.2801	0
495	39923	59.2802	0
495	39926	59.2803	0
495	39929	59.2804	0
495	39932	59.2805	0
495	39935	59.2806	0
495	39938	59.2807	0
495	39941	59.2808	0
495	39944	59.2809	0
495	39947	59.281	0
495	39950	59.2811	0
495	39953	59.2812	0
495	39956	59.2813	0
495	39959	59.2814	0
495	39962	59.2815	0
495	39965	59.2816	0
495	39968	59.2817	0
495	39971	59.2818	0
495	39974	59.2819	0
495	39977	59.282	0
495	39980	59.2821	0
495	39983	59.2822	0
495	39986	59.2823	0
495	39989	59.2824	0
495	39992	59.2825	0
495	39995	59.2826	0
495	39998	59.2827	0
495	40001	59.2828	0
495	40004	59.2829	0
495	40007	59.283	0
495	40010	59.2831	0
495	40013	59.2832	0
495	40016	59.2833	0
495	40019	59.2834	0
495	40022	59.2835	0
495	40025	59.2836	0
495	40028	59.2837	0
495	40031	59.2838	0
495	40034	59.2839	0
495	40037	59.284	0
495	40040	59.2841	0
495	40043	59.2842	0
495	40046	59.2843	0
495	40049	59.2844	0
495	40052	59.2845	0
495	40055	59.2846	0
495	40058	59.2847	0
495	40061	59.2848	0
495	40064	59.2849	0
495	40067	59.285	0
495	40070	59.2851	0
495	40073	59.2852	0
495	40076	59.2853	0
495	40079	59.2854	0
495	40082	59.2855	0
495	40085	59.2856	0
495	40088	59.2857	0
495	40091	59.2858	0
495	40094	59.2859	0
495	40097	59.286	0
495	40100	59.2861	0
495	40103	59.2862	0
495	40106	59.2863	0
495	40109	59.2864	0
495	40112	59.2865	0
495	40115	59.2866	0
495	40118	59.2867	0
495	40121	59.2868	0
495	40124	59.2869	0
495	40127	59.287	0
495	40130	59.2871	0
495	40133	59.2872	0
495	40136	59.2873	0
495	40139	59.2874	0
495	40142	59.2875	0
495	40145	59.2876	0
495	40148	59.2877	0
495	40151	59.2878	0
495	40154	59.2879	0
495	40157	59.288	0
495	40160	59.2881	0
495	40163	59.2882	0
495	40166	59.2883	0
495	40169	59.2884	0
495	40172	59.2885	0
495	40175	59.2886	0
495	40178	59.2887	0
495	40181	59.2888	0
495	40184	59.2889	0
495	40187	59.289	0
495	40190	59.2891	0
495	40193	59.2892	0
495	40196	59.2893	0
495	40199	59.2894	0
495	40202	59.2895	0
495	40205	59.2896	0
495	40208	59.2897	0
495	40211	59.2898	0
495	40214	59.2899	0
495	40217	59.29	0
495	40220	59.2901	0
495	40223	59.2902	0
495	40226	59.2903	0
495	40229	59.2904	0
495	40232	59.2905	0
495	40235	59.2906	0
495	40238	59.2907	0
495	40241	59.2908	0
495	40244	59.2909	0
495	40247	59.291	0
495	40250	59.2911	0
495	40253	59.2912	0
495	40256	59.2913	0
495	40259	59.2914	0
495	40262	59.2915	0
495	40265	59.2916	0
495	40268	59.2917	0
495	40271	59.2918	0
495	40274	59.2919	0
495	40277	59.292	0
495	40280	59.2921	0
495	40283	59.2922	0
495	40286	59.2923	0
495	40289	59.2924	0
495	40292	59.2925	0
495	40295	59.2926	0
495	40298	59.2927	0
495	40301	59.2928	0
495	40304	59.2929	0
495	40307	59.293	0
495	40310	59.2931	0
495	40313	59.2932	0
495	40316	59.2933	0
495	40319	59.2934	0
495	40322	59.2935	0
495	40325	59.2936	0
495	40328	59.2937	0
495	40331	59.2938	0
495	40334	59.2939	0
495	40337	59.294	0
495	40340	59.2941	0
495	40343	59.2942	0
495	40346	59.2943	0
495	40349	59.2944	0
495	40352	59.2945	0
495	40355	59.2946	0
495	40358	59.2947	0
495	40361	59.2948	0
495	40364	59.2949	0
495	40367	59.295	0
495	40370	59.2951	0
495	40373	59.2952	0
495	40376	59.2953	0
495	40379	59.2954	0
495	40382	59.2955	0
495	40385	59.2956	0
495	40388	59.2957	0
495	40391	59.2958	0
495	40394	59.2959	0
495	40397	59.296	0
495	40400	59.2961	0
495	40403	59.2962	0
495	40406	59.2963	0
495	40409	59.2964	0
495	40412	59.2965	0
495	40415	59.2966	0
495	40418	59.2967	0
495	40421	59.2968	0
495	40424	59.2969	0
495	40427	59.297	0
495	40430	59.2971	0
495	40433	59.2972	0
495	40436	59.2973	0
495	40439	59.2974	0
495	40442	59.2975	0
495	40445	59.2976	0
495	40448	59.2977	0
495	40451	59.2978	0
495	40454	59.2979	0
495	40457	59.298	0
495	40460	59.2981	0
495	40463	59.2982	0
495	40466	59.2983	0
495	40469	59.2984	0
495	40472	59.2985	0
495	40475	59.2986	0
495	40478	59.2987	0
495	40481	59.2988	0
495	40484	59.2989	0
495	40487	59.299	0
495	40490	59.2991	0
495	40493	59.2992	0
495	40496	59.2993	0
495	40499	59.2994	0
495	40502	59.2995	0
495	40505	59.2996	0
495	40508	59.2997	0
495	40511	59.2998	0
495	40514	59.2999	0
495	40517	59.3	0
495	40520	59.3001	0
495	40523	59.3002	0
495	40526	59.3003	0
495	40529	59.3004	0
495	40532	59.3005	0
495	40535	59.3006	0
495	40538	59.3007	0
495	40541	59.3008	0
495	40544	59.3009	0
495	40547	59.301	0
495	40550	59.3011	0
495	40553	59.3012	0
495	40556	59.3013	0
495	40559	59.3014	0
495	40562	59.3015	0
495	40565	59.3016	0
495	40568	59.3017	0
495	40571	59.3018	0
495	40574	59.3019	0
495	40577	59.302	0
495	40580	59.3021	0
495	40583	59.3022	0
495	40586	59.3023	0
495	40589	59.3024	0
495	40592	59.3025	0
495	40595	59.3026	0
495	40598	59.3027	0
495	40601	59.3028	0
495	40604	59.3029	0
495	40607	59.303	0
495	40610	59.3031	0
495	40613	59.3032	0
495	40616	59.3033	0
495	40619	59.3034	0
495	40622	59.3035	0
495	40625	59.3036	0
495	40628	59.3037	0
495	40631	59.3038	0
495	40634	59.3039	0
495	40637	59.304	0
495	40640	59.3041	0
495	40643	59.3042	0
495	40646	59.3043	0
495	40649	59.3044	0
495	40652	59.3045	0
495	40655	59.3046	0
495	40658	59.3047	0
495	40661	59.3048	0
495	40664	59.3049	0
495	40667	59.305	0
495	40670	59.3051	0
495	40673	59.3052	0
495	40676	59.3053	0
495	40679	59.3054	0
495	40682	59.3055	0
495	40685	59.3056	0
495	40688	59.3057	0
495	40691	59.3058	0
495	40694	59.3059	0
495	40697	59.306	0
495	40700	59.3061	0
495	40703	59.3062	0
495	40706	59.3063	0
495	40709	59.3064	0
495	40712	59.3065	0
495	40715	59.3066	0
495	40718	59.3067	0
495	40721	59.3068	0
495	40724	59.3069	0
495	40727	59.307	0
495	40730	59.3071	0
495	40733	59.3072	0
495	40736	59.3073	0
495	40739	59.3074	0
495	40742	59.3075	0
495	40745	59.3076	0
495	40748	59.3077	0
495	40751	59.3078	0
495	40754	59.3079	0
495	40757	59.308	0
495	40760	59.3081	0
495	40763	59.3082	0
495	40766	59.3083	0
495	40769	59.3084	0
495	40772	59.3085	0
495	40775	59.3086	0
495	40778	59.3087	0
495	40781	59.3088	0
495	40784	59.3089	0
495	40787	59.309	0
495	40790	59.3091	0
495	40793	59.3092	0
495	40796	59.3093	0
495	40799	59.3094	0
495	40802	59.3095	0
495	40805	59.3096	0
495	40808	59.3097	0
495	40811	59.3098	0
495	40814	59.3099	0
495	40817	59.31	0
495	40820	59.3101	0
495	40823	59.3102	0
495	40826	59.3103	0
495	40829	59.3104	0
495	40832	59.3105	0
495	40835	59.3106	0
495	40838	59.3107	0
495	40841	59.3108	0
495	40844	59.3109	0
495	40847	59.311	0
495	40850	59.3111	0
495	40853	59.3112	0
495	40856	59.3113	0
495	40859	59.3114	0
495	40862	59.3115	0
495	40865	59.3116	0
495	40868	59.3117	0
495	40871	59.3118	0
495	40874	59.3119	0
495	40877	59.312	0
495	40880	59.3121	0
495	40883	59.3122	0
495	40886	59.3123	0
495	40889	59.3124	0
495	40892	59.3125	0
495	40895	59.3126	0
495	40898	59.3127	0
495	40901	59.3128	0
495	40904	59.3129	0
495	40907	59.313	0
495	40910	59.3131	0
495	40913	59.3132	0
495	40916	59.3133	0
495	40919	59.3134	0
495	40922	59.3135	0
495	40925	59.3136	0
495	40928	59.3137	0
495	40931	59.3138	0
495	40934	59.3139	0
495	40937	59.314	0
495	40940	59.3141	0
495	40943	59.3142	0
495	40946	59.3143	0
495	40949	59.3144	0
495	40952	59.3145	0
495	40955	59.3146	0
495	40958	59.3147	0
495	40961	59.3148	0
495	40964	59.3149	0
495	40967	59.315	0
495	40970	59.3151	0
495	40973	59.3152	0
495	40976	59.3153	0
495	40979	59.3154	0
495	40982	59.3155	0
495	40985	59.3156	0
495	40988	59.3157	0
495	40991	59.3158	0
495	40994	59.3159	0
495	40997	59.316	0
495	41000	59.3161	0
495	41003	59.3162	0
495	41006	59.3163	0
495	41009	59.3164	0
495	41012	59.3165	0
495	41015	59.3166	0
495	41018	59.3167	0
495	41021	59.3168	0
495	41024	59.3169	0
495	41027	59.317	0
495	41030	59.3171	0
495	41033	59.3172	0
495	41036	59.3173	0
495	41039	59.3174	0
495	41042	59.3175	0
495	41045	59.3176	0
495	41048	59.3177	0
495	41051	59.3178	0
495	41054	59.3179	0
495	41057	59.318	0
495	41060	59.3181	0
495	41063	59.3182	0
495	41066	59.3183	0
495	41069	59.3184	0
495	41072	59.3185	0
495	41075	59.3186	0
495	41078	59.3187	0
495	41081	59.3188	0
495	41084	59.3189	0
495	41087	59.319	0
495	41090	59.3191	0
495	41093	59.3192	0
495	41096	59.3193	0
495	41099	59.3194	0
495	41102	59.3195	0
495	41105	59.3196	0
495	41108	59.3197	0
495	41111	59.3198	0
495	41114	59.3199	0
495	41117	59.32	0
495	41120	59.3201	0
495	41123	59.3202	0
495	41126	59.3203	0
495	41129	59.3204	0
495	41132	59.3205	0
495	41135	59.3206	0
495	41138	59.3207	0
495	41141	59.3208	0
495	41144	59.3209	0
495	41147	59.321	0
495	41150	59.3211	0
495	41153	59.3212	0
495	41156	59.3213	0
495	41159	59.3214	0
495	41162	59.3215	0
495	41165	59.3216	0
495	41168	59.3217	0
495	41171	59.3218	0
495	41174	59.3219	0
495	41177	59.322	0
495	41180	59.3221	0
495	41183	59.3222	0
495	41186	59.3223	0
495	41189	59.3224	0
495	41192	59.3225	0
495	41195	59.3226	0
495	41198	59.3227	0
495	41201	59.3228	0
495	41204	59.3229	0
495	41207	59.323	0
495	41210	59.3231	0
495	41213	59.3232	0
495	41216	59.3233	0
495	41219	59.3234	0
495	41222	59.3235	0
495	41225	59.3236	0
495	41228	59.3237	0
495	41231	59.3238	0
495	41234	59.3239	0
495	41237	59.324	0
495	41240	59.3241	0
495	41243	59.3242	0
495	41246	59.3243	0
495	41249	59.3244	0
495	41252	59.3245	0
495	41255	59.3246	0
495	41258	59.3247	0
495	41261	59.3248	0
495	41264	59.3249	0
495	41267	59.325	0
495	41270	59.3251	0
495	41273	59.3252	0
495	41276	59.3253	0
495	41279	59.3254	0
495	41282	59.3255	0
495	41285	59.3256	0
495	41288	59.3257	0
495	41291	59.3258	0
495	41294	59.3259	0
495	41297	59.326	0
495	41300	59.3261	0
495	41303	59.3262	0
495	41306	59.3263	0
495	41309	59.3264	0
495	41312	59.3265	0
495	41315	59.3266	0
495	41318	59.3267	0
495	41321	59.3268	0
495	41324	59.3269	0
495	41327	59.327	0
495	41330	59.3271	0
495	41333	59.3272	0
495	41336	59.3273	0
495	41339	59.3274	0
495	41342	59.3275	0
495	41345	59.3276	0
495	41348	59.3277	0
495	41351	59.3278	0
495	41354	59.3279	0
495	41357	59.328	0
495	41360	59.3281	0
495	41363	59.3282	0
495	41366	59.3283	0
495	41369	59.3284	0
495	41372	59.3285	0
495	41375	59.3286	0
495	41378	59.3287	0
495	41381	59.3288	0
495	41384	59.3289	0
495	41387	59.329	0
495	41390	59.3291	0
495	41393	59.3292	0
495	41396	59.3293	0
495	41399	59.3294	0
495	41402	59.3295	0
495	41405	59.3296	0
495	41408	59.3297	0
495	41411	59.3298	0
495	41414	59.3299	0
495	41417	59.33	0
495	41420	59.3301	0
495	41423	59.3302	0
495	41426	59.3303	0
495	41429	59.3304	0
495	41432	59.3305	0
495	41435	59.3306	0
495	41438	59.3307	0
495	41441	59.3308	0
495	41444	59.3309	0
495	41447	59.331	0
495	41450	59.3311	0
495	41453	59.3312	0
495	41456	59.3313	0
495	41459	59.3314	0
495	41462	59.3315	0
495	41465	59.3316	0
495	41468	59.3317	0
495	41471	59.3318	0
495	41474	59.3319	0
495	41477	59.332	0
495	41480	59.3321	0
495	41483	59.3322	0
495	41486	59.3323	0
495	41489	59.3324	0
495	41492	59.3325	0
495	41495	59.3326	0
495	41498	59.3327	0
495	41501	59.3328	0
495	41504	59.3329	0
495	41507	59.333	0
495	41510	59.3331	0
495	41513	59.3332	0
495	41516	59.3333	0
495	41519	59.3334	0
495	41522	59.3335	0
495	41525	59.3336	0
495	41528	59.3337	0
495	41531	59.3338	0
495	41534	59.3339	0
495	41537	59.334	0
495	41540	59.3341	0
495	41543	59.3342	0
495	41546	59.3343	0
495	41549	59.3344	0
495	41552	59.3345	0
495	41555	59.3346	0
495	41558	59.3347	0
495	41561	59.3348	0
495	41564	59.3349	0
495	41567	59.335	0
495	41570	59.3351	0
495	41573	59.3352	0
495	41576	59.3353	0
495	41579	59.3354	0
495	41582	59.3355	0
495	41585	59.3356	0
495	41588	59.3357	0
495	41591	59.3358	0
495	41594	59.3359	0
495	41597	59.336	0
495	41600	59.3361	0
495	41603	59.3362	0
495	41606	59.3363	0
495	41609	59.3364	0
495	41612	59.3365	0
495	41615	59.3366	0
495	41618	59.3367	0
495	41621	59.3368	0
495	41624	59.3369	0
495	41627	59.337	0
495	41630	59.3371	0
495	41633	59.3372	0
495	41636	59.3373	0
495	41639	59.3374	0
495	41642	59.3375	0
495	41645	59.3376	0
495	41648	59.3377	0
495	41651	59.3378	0
495	41654	59.3379	0
495	41657	59.338	0
495	41660	59.3381	0
495	41663	59.3382	0
495	41666	59.3383	0
495	41669	59.3384	0
495	41672	59.3385	0
495	41675	59.3386	0
495	41678	59.3387	0
495	41681	59.3388	0
495	41684	59.3389	0
495	41687	59.339	0
495	41690	59.3391	0
495	41693	59.3392	0
495	41696	59.3393	0
495	41699	59.3394	0
495	41702	59.3395	0
495	41705	59.3396	0
495	41708	59.3397	0
495	41711	59.3398	0
495	41714	59.3399	0
495	41717	59.34	0
495	41720	59.3401	0
495	41723	59.3402	0
495	41726	59.3403	0
495	41729	59.3404	0
495	41732	59.3405	0
495	41735	59.3406	0
495	41738	59.3407	0
495	41741	59.3408	0
495	41744	59.3409	0
495	41747	59.341	0
495	41750	59.3411	0
495	41753	59.3412	0
495	41756	59.3413	0
495	41759	59.3414	0
495	41762	59.3415	0
495	41765	59.3416	0
495	41768	59.3417	0
495	41771	59.3418	0
495	41774	59.3419	0
495	41777	59.342	0
495	41780	59.3421	0
495	41783	59.3422	0
495	41786	59.3423	0
495	41789	59.3424	0
495	41792	59.3425	0
495	41795	59.3426	0
495	41798	59.3427	0
495	41801	59.3428	0
495	41804	59.3429	0
495	41807	59.343	0
495	41810	59.3431	0
495	41813	59.3432	0
495	41816	59.3433	0
495	41819	59.3434	0
495	41822	59.3435	0
495	41825	59.3436	0
495	41828	59.3437	0
495	41831	59.3438	0
495	41834	59.3439	0
495	41837	59.344	0
495	41840	59.3441	0
495	41843	59.3442	0
495	41846	59.3443	0
495	41849	59.3444	0
495	41852	59.3445	0
495	41855	59.3446	0
495	41858	59.3447	0
495	41861	59.3448	0
495	41864	59.3449	0
495	41867	59.345	0
495	41870	59.3451	0
495	41873	59.3452	0
495	41876	59.3453	0
495	41879	59.3454	0
495	41882	59.3455	0
495	41885	59.3456	0
495	41888	59.3457	0
495	41891	59.3458	0
495	41894	59.3459	0
495	41897	59.346	0
495	41900	59.3461	0
495	41903	59.3462	0
495	41906	59.3463	0
495	41909	59.3464	0
495	41912	59.3465	0
495	41915	59.3466	0
495	41918	59.3467	0
495	41921	59.3468	0
495	41924	59.3469	0
495	41927	59.347	0
495	41930	59.3471	0
495	41933	59.3472	0
495	41936	59.3473	0
495	41939	59.3474	0
495	41942	59.3475	0
495	41945	59.3476	0
495	41948	59.3477	0
495	41951	59.3478	0
495	41954	59.3479	0
495	41957	59.348	0
495	41960	59.3481	0
495	41963	59.3482	0
495	41966	59.3483	0
495	41969	59.3484	0
495	41972	59.3485	0
495	41975	59.3486	0
495	41978	59.3487	0
495	41981	59.3488	0
495	41984	59.3489	0
495	41987	59.349	0
495	41990	59.3491	0
495	41993	59.3492	0
495	41996	59.3493	0
495	41999	59.3494	0
495	42002	59.3495	0
495	42005	59.3496	0
495	42008	59.3497	0
495	42011	59.3498	0
495	42014	59.3499	0
495	42017	59.35	0
495	42020	59.3501	0
495	42023	59.3502	0
495	42026	59.3503	0
495	42029	59.3504	0
495	42032	59.3505	0
495	42035	59.3506	0
495	42038	59.3507	0
495	42041	59.3508	0
495	42044	59.3509	0
495	42047	59.351	0
495	42050	59.3511	0
495	42053	59.3512	0
495	42056	59.3513	0
495	42059	59.3514	0
495	42062	59.3515	0
495	42065	59.3516	0
495	42068	59.3517	0
495	42071	59.3518	0
495	42074	59.3519	0
495	42077	59.352	0
495	42080	59.3521	0
495	42083	59.3522	0
495	42086	59.3523	0
495	42089	59.3524	0
495	42092	59.3525	0
495	42095	59.3526	0
495	42098	59.3527	0
495	42101	59.3528	0
495	42104	59.3529	0
495	42107	59.353	0
495	42110	59.3531	0
495	42113	59.3532	0
495	42116	59.3533	0
495	42119	59.3534	0
495	42122	59.3535	0
495	42125	59.3536	0
495	42128	59.3537	0
495	42131	59.3538	0
495	42134	59.3539	0
495	42137	59.354	0
495	42140	59.3541	0
495	42143	59.3542	0
495	42146	59.3543	0
495	42149	59.3544	0
495	42152	59.3545	0
495	42155	59.3546	0
495	42158	59.3547	0
495	42161	59.3548	0
495	42164	59.3549	0
495	42167	59.355	0
495	42170	59.3551	0
495	42173	59.3552	0
495	42176	59.3553	0
495	42179	59.3554	0
495	42182	59.3555	0
495	42185	59.3556	0
495	42188	59.3557	0
495	42191	59.3558	0
495	42194	59.3559	0
495	42197	59.356	0
495	42200	59.3561	0
495	42203	59.3562	0
495	42206	59.3563	0
495	42209	59.3564	0
495	42212	59.3565	0
495	42215	59.3566	0
495	42218	59.3567	0
495	42221	59.3568	0
495	42224	59.3569	0
495	42227	59.357	0
495	42230	59.3571	0
495	42233	59.3572	0
495	42236	59.3573	0
495	42239	59.3574	0
495	42242	59.3575	0
495	42245	59.3576	0
495	42248	59.3577	0
495	42251	59.3578	0
495	42254	59.3579	0
495	42257	59.358	0
495	42260	59.3581	0
495	42263	59.3582	0
495	42266	59.3583	0
495	42269	59.3584	0
495	42272	59.3585	0
495	42275	59.3586	0
495	42278	59.3587	0
495	42281	59.3588	0
495	42284	59.3589	0
495	42287	59.359	0
495	42290	59.3591	0
495	42293	59.3592	0
495	42296	59.3593	0
495	42299	59.3594	0
495	42302	59.3595	0
495	42305	59.3596	0
495	42308	59.3597	0
495	42311	59.3598	0
495	42314	59.3599	0
495	42317	59.36	0
495	42320	59.3601	0
495	42323	59.3602	0
495	42326	59.3603	0
495	42329	59.3604	0
495	42332	59.3605	0
495	42335	59.3606	0
495	42338	59.3607	0
495	42341	59.3608	0
495	42344	59.3609	0
495	42347	59.361	0
495	42350	59.3611	0
495	42353	59.3612	0
495	42356	59.3613	0
495	42359	59.3614	0
495	42362	59.3615	0
495	42365	59.3616	0
495	42368	59.3617	0
495	42371	59.3618	0
495	42374	59.3619	0
495	42377	59.362	0
495	42380	59.3621	0
495	42383	59.3622	0
495	42386	59.3623	0
495	42389	59.3624	0
495	42392	59.3625	0
495	42395	59.3626	0
495	42398	59.3627	0
495	42401	59.3628	0
495	42404	59.3629	0
495	42407	59.363	0
495	42410	59.3631	0
495	42413	59.3632	0
495	42416	59.3633	0
495	42419	59.3634	0
495	42422	59.3635	0
495	42425	59.3636	0
495	42428	59.3637	0
495	42431	59.3638	0
495	42434	59.3639	0
495	42437	59.364	0
495	42440	59.3641	0
495	42443	59.3642	0
495	42446	59.3643	0
495	42449	59.3644	0
495	42452	59.3645	0
495	42455	59.3646	0
495	42458	59.3647	0
495	42461	59.3648	0
495	42464	59.3649	0
495	42467	59.365	0
495	42470	59.3651	0
495	42473	59.3652	0
495	42476	59.3653	0
495	42479	59.3654	0
495	42482	59.3655	0
495	42485	59.3656	0
495	42488	59.3657	0
495	42491	59.3658	0
495	42494	59.3659	0
495	42497	59.366	0
495	42500	59.3661	0
495	42503	59.3662	0
495	42506	59.3663	0
495	42509	59.3664	0
495	42512	59.3665	0
495	42515	59.3666	0
495	42518	59.3667	0
495	42521	59.3668	0
495	42524	59.3669	0
495	42527	59.367	0
495	42530	59.3671	0
495	42533	59.3672	0
495	42536	59.3673	0
495	42539	59.3674	0
495	42542	59.3675	0
495	42545	59.3676	0
495	42548	59.3677	0
495	42551	59.3678	0
495	42554	59.3679	0
495	42557	59.368	0
495	42560	59.3681	0
495	42563	59.3682	0
495	42566	59.3683	0
495	42569	59.3684	0
495	42572	59.3685	0
495	42575	59.3686	0
495	42578	59.3687	0
495	42581	59.3688	0
495	42584	59.3689	0
495	42587	59.369	0
495	42590	59.3691	0
495	42593	59.3692	0
495	42596	59.3693	0
495	42599	59.3694	0
495	42602	59.3695	0
495	42605	59.3696	0
495	42608	59.3697	0
495	42611	59.3698	0
495	42614	59.3699	0
495	42617	59.37	0
495	42620	59.3701	0
495	42623	59.3702	0
495	42626	59.3703	0
495	42629	59.3704	0
495	42632	59.3705	0
495	42635	59.3706	0
495	42638	59.3707	0
495	42641	59.3708	0
495	42644	59.3709	0
495	42647	59.371	0
495	42650	59.3711	0
495	42653	59.3712	0
495	42656	59.3713	0
495	42659	59.3714	0
495	42662	59.3715	0
495	42665	59.3716	0
495	42668	59.3717	0
495	42671	59.3718	0
495	42674	59.3719	0
495	42677	59.372	0
495	42680	59.3721	0
495	42683	59.3722	0
495	42686	59.3723	0
495	42689	59.3724	0
495	42692	59.3725	0
495	42695	59.3726	0
495	42698	59.3727	0
495	42701	59.3728	0
495	42704	59.3729	0
495	42707	59.373	0
495	42710	59.3731	0
495	42713	59.3732	0
495	42716	59.3733	0
495	42719	59.3734	0
495	42722	59.3735	0
495	42725	59.3736	0
495	42728	59.3737	0
495	42731	59.3738	0
495	42734	59.3739	0
495	42737	59.374	0
495	42740	59.3741	0
495	42743	59.3742	0
495	42746	59.3743	0
495	42749	59.3744	0
495	42752	59.3745	0
495	42755	59.3746	0
495	42758	59.3747	0
495	42761	59.3748	0
495	42764	59.3749	0
495	42767	59.375	0
495	42770	59.3751	0
495	42773	59.3752	0
495	42776	59.3753	0
495	42779	59.3754	0
495	42782	59.3755	0
495	42785	59.3756	0
495	42788	59.3757	0
495	42791	59.3758	0
495	42794	59.3759	0
495	42797	59.376	0
495	42800	59.3761	0
495	42803	59.3762	0
495	42806	59.3763	0
495	42809	59.3764	0
495	42812	59.3765	0
495	42815	59.3766	0
495	42818	59.3767	0
495	42821	59.3768	0
495	42824	59.3769	0
495	42827	59.377	0
495	42830	59.3771	0
495	42833	59.3772	0
495	42836	59.3773	0
495	42839	59.3774	0
495	42842	59.3775	0
495	42845	59.3776	0
495	42848	59.3777	0
495	42851	59.3778	0
495	42854	59.3779	0
495	42857	59.378	0
495	42860	59.3781	0
495	42863	59.3782	0
495	42866	59.3783	0
495	42869	59.3784	0
495	42872	59.3785	0
495	42875	59.3786	0
495	42878	59.3787	0
495	42881	59.3788	0
495	42884	59.3789	0
495	42887	59.379	0
495	42890	59.3791	0
495	42893	59.3792	0
495	42896	59.3793	0
495	42899	59.3794	0
495	42902	59.3795	0
495	42905	59.3796	0
495	42908	59.3797	0
495	42911	59.3798	0
495	42914	59.3799	0
495	42917	59.38	0
495	42920	59.3801	0
495	42923	59.3802	0
495	42926	59.3803	0
495	42929	59.3804	0
495	42932	59.3805	0
495	42935	59.3806	0
495	42938	59.3807	0
495	42941	59.3808	0
495	42944	59.3809	0
495	42947	59.381	0
495	42950	59.3811	0
495	42953	59.3812	0
495	42956	59.3813	0
495	42959	59.3814	0
495	42962	59.3815	0
495	42965	59.3816	0
495	42968	59.3817	0
495	42971	59.3818	0
495	42974	59.3819	0
495	42977	59.382	0
495	42980	59.3821	0
495	42983	59.3822	0
495	42986	59.3823	0
495	42989	59.3824	0
495	42992	59.3825	0
495	42995	59.3826	0
495	42998	59.3827	0
495	43001	59.3828	0
495	43004	59.3829	0
495	43007	59.383	0
495	43010	59.3831	0
495	43013	59.3832	0
495	43016	59.3833	0
495	43019	59.3834	0
495	43022	59.3835	0
495	43025	59.3836	0
495	43028	59.3837	0
495	43031	59.3838	0
495	43034	59.3839	0
495	43037	59.384	0
495	43040	59.3841	0
495	43043	59.3842	0
495	43046	59.3843	0
495	43049	59.3844	0
495	43052	59.3845	0
495	43055	59.3846	0
495	43058	59.3847	0
495	43061	59.3848	0
495	43064	59.3849	0
495	43067	59.385	0
495	43070	59.3851	0
495	43073	59.3852	0
495	43076	59.3853	0
495	43079	59.3854	0
495	43082	59.3855	0
495	43085	59.3856	0
495	43088	59.3857	0
495	43091	59.3858	0
495	43094	59.3859	0
495	43097	59.386	0
495	43100	59.3861	0
495	43103	59.3862	0
495	43106	59.3863	0
495	43109	59.3864	0
495	43112	59.3865	0
495	43115	59.3866	0
495	43118	59.3867	0
495	43121	59.3868	0
495	43124	59.3869	0
495	43127	59.387	0
495	43130	59.3871	0
495	43133	59.3872	0
495	43136	59.3873	0
495	43139	59.3874	0
495	43142	59.3875	0
495	43145	59.3876	0
495	43148	59.3877	0
495	43151	59.3878	0
495	43154	59.3879	0
495	43157	59.388	0
495	43160	59.3881	0
495	43163	59.3882	0
495	43166	59.3883	0
495	43169	59.3884	0
495	43172	59.3885	0
495	43175	59.3886	0
495	43178	59.3887	0
495	43181	59.3888	0
495	43184	59.3889	0
495	43187	59.389	0
495	43190	59.3891	0
495	43193	59.3892	0
495	43196	59.3893	0
495	43199	59.3894	0
495	43202	59.3895	0
495	43205	59.3896	0
495	43208	59.3897	0
495	43211	59.3898	0
495	43214	59.3899	0
495	43217	59.39	0
495	43220	59.3901	0
495	43223	59.3902	0
495	43226	59.3903	0
495	43229	59.3904	0
495	43232	59.3905	0
495	43235	59.3906	0
495	43238	59.3907	0
495	43241	59.3908	0
495	43244	59.3909	0
495	43247	59.391	0
495	43250	59.3911	0
495	43253	59.3912	0
495	43256	59.3913	0
495	43259	59.3914	0
495	43262	59.3915	0
495	43265	59.3916	0
495	43268	59.3917	0
495	43271	59.3918	0
495	43274	59.3919	0
495	43277	59.392	0
495	43280	59.3921	0
495	43283	59.3922	0
495	43286	59.3923	0
495	43289	59.3924	0
495	43292	59.3925	0
495	43295	59.3926	0
495	43298	59.3927	0
495	43301	59.3928	0
495	43304	59.3929	0
495	43307	59.393	0
495	43310	59.3931	0
495	43313	59.3932	0
495	43316	59.3933	0
495	43319	59.3934	0
495	43322	59.3935	0
495	43325	59.3936	0
495	43328	59.3937	0
495	43331	59.3938	0
495	43334	59.3939	0
495	43337	59.394	0
495	43340	59.3941	0
495	43343	59.3942	0
495	43346	59.3943	0
495	43349	59.3944	0
495	43352	59.3945	0
495	43355	59.3946	0
495	43358	59.3947	0
495	43361	59.3948	0
495	43364	59.3949	0
495	43367	59.395	0
495	43370	59.3951	0
495	43373	59.3952	0
495	43376	59.3953	0
495	43379	59.3954	0
495	43382	59.3955	0
495	43385	59.3956	0
495	43388	59.3957	0
495	43391	59.3958	0
495	43394	59.3959	0
495	43397	59.396	0
495	43400	59.3961	0
495	43403	59.3962	0
495	43406	59.3963	0
495	43409	59.3964	0
495	43412	59.3965	0
495	43415	59.3966	0
495	43418	59.3967	0
495	43421	59.3968	0
495	43424	59.3969	0
495	43427	59.397	0
495	43430	59.3971	0
495	43433	59.3972	0
495	43436	59.3973	0
495	43439	59.3974	0
495	43442	59.3975	0
495	43445	59.3976	0
495	43448	59.3977	0
495	43451	59.3978	0
495	43454	59.3979	0
495	43457	59.398	0
495	43460	59.3981	0
495	43463	59.3982	0
495	43466	59.3983	0
495	43469	59.3984	0
495	43472	59.3985	0
495	43475	59.3986	0
495	43478	59.3987	0
495	43481	59.3988	0
495	43484	59.3989	0
495	43487	59.399	0
495	43490	59.3991	0
495	43493	59.3992	0
495	43496	59.3993	0
495	43499	59.3994	0
495	43502	59.3995	0
495	43505	59.3996	0
495	43508	59.3997	0
495	43511	59.3998	0
495	43514	59.3999	0
495	43517	59.4	0
495	43520	59.4001	0
495	43523	59.4002	0
495	43526	59.4003	0
495	43529	59.4004	0
495	43532	59.4005	0
495	43535	59.4006	0
495	43538	59.4007	0
495	43541	59.4008	0
495	43544	59.4009	0
495	43547	59.401	0
495	43550	59.4011	0
495	43553	59.4012	0
495	43556	59.4013	0
495	43559	59.4014	0
495	43562	59.4015	0
495	43565	59.4016	0
495	43568	59.4017	0
495	43571	59.4018	0
495	43574	59.4019	0
495	43577	59.402	0
495	43580	59.4021	0
495	43583	59.4022	0
495	43586	59.4023	0
495	43589	59.4024	0
495	43592	59.4025	0
495	43595	59.4026	0
495	43598	59.4027	0
495	43601	59.4028	0
495	43604	59.4029	0
495	43607	59.403	0
495	43610	59.4031	0
495	43613	59.4032	0
495	43616	59.4033	0
495	43619	59.4034	0
495	43622	59.4035	0
495	43625	59.4036	0
495	43628	59.4037	0
495	43631	59.4038	0
495	43634	59.4039	0
495	43637	59.404	0
495	43640	59.4041	0
495	43643	59.4042	0
495	43646	59.4043	0
495	43649	59.4044	0
495	43652	59.4045	0
495	43655	59.4046	0
495	43658	59.4047	0
495	43661	59.4048	0
495	43664	59.4049	0
495	43667	59.405	0
495	43670	59.4051	0
495	43673	59.4052	0
495	43676	59.4053	0
495	43679	59.4054	0
495	43682	59.4055	0
495	43685	59.4056	0
495	43688	59.4057	0
495	43691	59.4058	0
495	43694	59.4059	0
495	43697	59.406	0
495	43700	59.4061	0
495	43703	59.4062	0
495	43706	59.4063	0
495	43709	59.4064	0
495	43712	59.4065	0
495	43715	59.4066	0
495	43718	59.4067	0
495	43721	59.4068	0
495	43724	59.4069	0
495	43727	59.407	0
495	43730	59.4071	0
495	43733	59.4072	0
495	43736	59.4073	0
495	43739	59.4074	0
495	43742	59.4075	0
495	43745	59.4076	0
495	43748	59.4077	0
495	43751	59.4078	0
495	43754	59.4079	0
495	43757	59.408	0
495	43760	59.4081	0
495	43763	59.4082	0
495	43766	59.4083	0
495	43769	59.4084	0
495	43772	59.4085	0
495	43775	59.4086	0
495	43778	59.4087	0
495	43781	59.4088	0
495	43784	59.4089	0
495	43787	59.409	0
495	43790	59.4091	0
495	43793	59.4092	0
495	43796	59.4093	0
495	43799	59.4094	0
495	43802	59.4095	0
495	43805	59.4096	0
495	43808	59.4097	0
495	43811	59.4098	0
495	43814	59.4099	0
495	43817	59.41	0
495	43820	59.4101	0
495	43823	59.4102	0
495	43826	59.4103	0
495	43829	59.4104	0
495	43832	59.4105	0
495	43835	59.4106	0
495	43838	59.4107	0
495	43841	59.4108	0
495	43844	59.4109	0
495	43847	59.411	0
495	43850	59.4111	0
495	43853	59.4112	0
495	43856	59.4113	0
495	43859	59.4114	0
495	43862	59.4115	0
495	43865	59.4116	0
495	43868	59.4117	0
495	43871	59.4118	0
495	43874	59.4119	0
495	43877	59.412	0
495	43880	59.4121	0
495	43883	59.4122	0
495	43886	59.4123	0
495	43889	59.4124	0
495	43892	59.4125	0
495	43895	59.4126	0
495	43898	59.4127	0
495	43901	59.4128	0
495	43904	59.4129	0
495	43907	59.413	0
495	43910	59.4131	0
495	43913	59.4132	0
495	43916	59.4133	0
495	43919	59.4134	0
495	43922	59.4135	0
495	43925	59.4136	0
495	43928	59.4137	0
495	43931	59.4138	0
495	43934	59.4139	0
495	43937	59.414	0
495	43940	59.4141	0
495	43943	59.4142	0
495	43946	59.4143	0
495	43949	59.4144	0
495	43952	59.4145	0
495	43955	59.4146	0
495	43958	59.4147	0
495	43961	59.4148	0
495	43964	59.4149	0
495	43967	59.415	0
495	43970	59.4151	0
495	43973	59.4152	0
495	43976	59.4153	0
495	43979	59.4154	0
495	43982	59.4155	0
495	43985	59.4156	0
495	43988	59.4157	0
495	43991	59.4158	0
495	43994	59.4159	0
495	43997	59.416	0
495	44000	59.4161	0
495	44003	59.4162	0
495	44006	59.4163	0
495	44009	59.4164	0
495	44012	59.4165	0
495	44015	59.4166	0
495	44018	59.4167	0
495	44021	59.4168	0
495	44024	59.4169	0
495	44027	59.417	0
495	44030	59.4171	0
495	44033	59.4172	0
495	44036	59.4173	0
495	44039	59.4174	0
495	44042	59.4175	0
495	44045	59.4176	0
495	44048	59.4177	0
495	44051	59.4178	0
495	44054	59.4179	0
495	44057	59.418	0
495	44060	59.4181	0
495	44063	59.4182	0
495	44066	59.4183	0
495	44069	59.4184	0
495	44072	59.4185	0
495	44075	59.4186	0
495	44078	59.4187	0
495	44081	59.4188	0
495	44084	59.4189	0
495	44087	59.419	0
495	44090	59.4191	0
495	44093	59.4192	0
495	44096	59.4193	0
495	44099	59.4194	0
495	44102	59.4195	0
495	44105	59.4196	0
495	44108	59.4197	0
495	44111	59.4198	0
495	44114	59.4199	0
495	44117	59.42	0
495	44120	59.4201	0
495	44123	59.4202	0
495	44126	59.4203	0
495	44129	59.4204	0
495	44132	59.4205	0
495	44135	59.4206	0
495	44138	59.4207	0
495	44141	59.4208	0
495	44144	59.4209	0
495	44147	59.421	0
495	44150	59.4211	0
495	44153	59.4212	0
495	44156	59.4213	0
495	44159	59.4214	0
495	44162	59.4215	0
495	44165	59.4216	0
495	44168	59.4217	0
495	44171	59.4218	0
495	44174	59.4219	0
495	44177	59.422	0
495	44180	59.4221	0
495	44183	59.4222	0
495	44186	59.4223	0
495	44189	59.4224	0
495	44192	59.4225	0
495	44195	59.4226	0
495	44198	59.4227	0
495	44201	59.4228	0
495	44204	59.4229	0
495	44207	59.423	0
495	44210	59.4231	0
495	44213	59.4232	0
495	44216	59.4233	0
495	44219	59.4234	0
495	44222	59.4235	0
495	44225	59.4236	0
495	44228	59.4237	0
495	44231	59.4238	0
495	44234	59.4239	0
495	44237	59.424	0
495	44240	59.4241	0
495	44243	59.4242	0
495	44246	59.4243	0
495	44249	59.4244	0
495	44252	59.4245	0
495	44255	59.4246	0
495	44258	59.4247	0
495	44261	59.4248	0
495	44264	59.4249	0
495	44267	59.425	0
495	44270	59.4251	0
495	44273	59.4252	0
495	44276	59.4253	0
495	44279	59.4254	0
495	44282	59.4255	0
495	44285	59.4256	0
495	44288	59.4257	0
495	44291	59.4258	0
495	44294	59.4259	0
495	44297	59.426	0
495	44300	59.4261	0
495	44303	59.4262	0
495	44306	59.4263	0
495	44309	59.4264	0
495	44312	59.4265	0
495	44315	59.4266	0
495	44318	59.4267	0
495	44321	59.4268	0
495	44324	59.4269	0
495	44327	59.427	0
495	44330	59.4271	0
495	44333	59.4272	0
495	44336	59.4273	0
495	44339	59.4274	0
495	44342	59.4275	0
495	44345	59.4276	0
495	44348	59.4277	0
495	44351	59.4278	0
495	44354	59.4279	0
495	44357	59.428	0
495	44360	59.4281	0
495	44363	59.4282	0
495	44366	59.4283	0
495	44369	59.4284	0
495	44372	59.4285	0
495	44375	59.4286	0
495	44378	59.4287	0
495	44381	59.4288	0
495	44384	59.4289	0
495	44387	59.429	0
495	44390	59.4291	0
495	44393	59.4292	0
495	44396	59.4293	0
495	44399	59.4294	0
495	44402	59.4295	0
495	44405	59.4296	0
495	44408	59.4297	0
495	44411	59.4298	0
495	44414	59.4299	0
495	44417	59.43	0
495	44420	59.4301	0
495	44423	59.4302	0
495	44426	59.4303	0
495	44429	59.4304	0
495	44432	59.4305	0
495	44435	59.4306	0
495	44438	59.4307	0
495	44441	59.4308	0
495	44444	59.4309	0
495	44447	59.431	0
495	44450	59.4311	0
495	44453	59.4312	0
495	44456	59.4313	0
495	44459	59.4314	0
495	44462	59.4315	0
495	44465	59.4316	0
495	44468	59.4317	0
495	44471	59.4318	0
495	44474	59.4319	0
495	44477	59.432	0
495	44480	59.4321	0
495	44483	59.4322	0
495	44486	59.4323	0
495	44489	59.4324	0
495	44492	59.4325	0
495	44495	59.4326	0
495	44498	59.4327	0
495	44501	59.4328	0
495	44504	59.4329	0
495	44507	59.433	0
495	44510	59.4331	0
495	44513	59.4332	0
495	44516	59.4333	0
495	44519	59.4334	0
495	44522	59.4335	0
495	44525	59.4336	0
495	44528	59.4337	0
495	44531	59.4338	0
495	44534	59.4339	0
495	44537	59.434	0
495	44540	59.4341	0
495	44543	59.4342	0
495	44546	59.4343	0
495	44549	59.4344	0
495	44552	59.4345	0
495	44555	59.4346	0
495	44558	59.4347	0
495	44561	59.4348	0
495	44564	59.4349	0
495	44567	59.435	0
495	44570	59.4351	0
495	44573	59.4352	0
495	44576	59.4353	0
495	44579	59.4354	0
495	44582	59.4355	0
495	44585	59.4356	0
495	44588	59.4357	0
495	44591	59.4358	0
495	44594	59.4359	0
495	44597	59.436	0
495	44600	59.4361	0
495	44603	59.4362	0
495	44606	59.4363	0
495	44609	59.4364	0
495	44612	59.4365	0
495	44615	59.4366	0
495	44618	59.4367	0
495	44621	59.4368	0
495	44624	59.4369	0
495	44627	59.437	0
495	44630	59.4371	0
495	44633	59.4372	0
495	44636	59.4373	0
495	44639	59.4374	0
495	44642	59.4375	0
495	44645	59.4376	0
495	44648	59.4377	0
495	44651	59.4378	0
495	44654	59.4379	0
495	44657	59.438	0
495	44660	59.4381	0
495	44663	59.4382	0
495	44666	59.4383	0
495	44669	59.4384	0
495	44672	59.4385	0
495	44675	59.4386	0
495	44678	59.4387	0
495	44681	59.4388	0
495	44684	59.4389	0
495	44687	59.439	0
495	44690	59.4391	0
495	44693	59.4392	0
495	44696	59.4393	0
495	44699	59.4394	0
495	44702	59.4395	0
495	44705	59.4396	0
495	44708	59.4397	0
495	44711	59.4398	0
495	44714	59.4399	0
495	44717	59.44	0
495	44720	59.4401	0
495	44723	59.4402	0
495	44726	59.4403	0
495	44729	59.4404	0
495	44732	59.4405	0
495	44735	59.4406	0
495	44738	59.4407	0
495	44741	59.4408	0
495	44744	59.4409	0
495	44747	59.441	0
495	44750	59.4411	0
495	44753	59.4412	0
495	44756	59.4413	0
495	44759	59.4414	0
495	44762	59.4415	0
495	44765	59.4416	0
495	44768	59.4417	0
495	44771	59.4418	0
495	44774	59.4419	0
495	44777	59.442	0
495	44780	59.4421	0
495	44783	59.4422	0
495	44786	59.4423	0
495	44789	59.4424	0
495	44792	59.4425	0
495	44795	59.4426	0
495	44798	59.4427	0
495	44801	59.4428	0
495	44804	59.4429	0
495	44807	59.443	0
495	44810	59.4431	0
495	44813	59.4432	0
495	44816	59.4433	0
495	44819	59.4434	0
495	44822	59.4435	0
495	44825	59.4436	0
495	44828	59.4437	0
495	44831	59.4438	0
495	44834	59.4439	0
495	44837	59.444	0
495	44840	59.4441	0
495	44843	59.4442	0
495	44846	59.4443	0
495	44849	59.4444	0
495	44852	59.4445	0
495	44855	59.4446	0
495	44858	59.4447	0
495	44861	59.4448	0
495	44864	59.4449	0
495	44867	59.445	0
495	44870	59.4451	0
495	44873	59.4452	0
495	44876	59.4453	0
495	44879	59.4454	0
495	44882	59.4455	0
495	44885	59.4456	0
495	44888	59.4457	0
495	44891	59.4458	0
495	44894	59.4459	0
495	44897	59.446	0
495	44900	59.4461	0
495	44903	59.4462	0
495	44906	59.4463	0
495	44909	59.4464	0
495	44912	59.4465	0
495	44915	59.4466	0
495	44918	59.4467	0
495	44921	59.4468	0
495	44924	59.4469	0
495	44927	59.447	0
495	44930	59.4471	0
495	44933	59.4472	0
495	44936	59.4473	0
495	44939	59.4474	0
495	44942	59.4475	0
495	44945	59.4476	0
495	44948	59.4477	0
495	44951	59.4478	0
495	44954	59.4479	0
495	44957	59.448	0
495	44960	59.4481	0
495	44963	59.4482	0
495	44966	59.4483	0
495	44969	59.4484	0
495	44972	59.4485	0
495	44975	59.4486	0
495	44978	59.4487	0
495	44981	59.4488	0
495	44984	59.4489	0
495	44987	59.449	0
495	44990	59.4491	0
495	44993	59.4492	0
495	44996	59.4493	0
495	44999	59.4494	0
495	45002	59.4495	0
495	45005	59.4496	0
495	45008	59.4497	0
495	45011	59.4498	0
495	45014	59.4499	0
495	45017	59.45	0
495	45020	59.4501	0
495	45023	59.4502	0
495	45026	59.4503	0
495	45029	59.4504	0
495	45032	59.4505	0
495	45035	59.4506	0
495	45038	59.4507	0
495	45041	59.4508	0
495	45044	59.4509	0
495	45047	59.451	0
495	45050	59.4511	0
495	45053	59.4512	0
495	45056	59.4513	0
495	45059	59.4514	0
495	45062	59.4515	0
495	45065	59.4516	0
495	45068	59.4517	0
495	45071	59.4518	0
495	45074	59.4519	0
495	45077	59.452	0
495	45080	59.4521	0
495	45083	59.4522	0
495	45086	59.4523	0
495	45089	59.4524	0
495	45092	59.4525	0
495	45095	59.4526	0
495	45098	59.4527	0
495	45101	59.4528	0
495	45104	59.4529	0
495	45107	59.453	0
495	45110	59.4531	0
495	45113	59.4532	0
495	45116	59.4533	0
495	45119	59.4534	0
495	45122	59.4535	0
495	45125	59.4536	0
495	45128	59.4537	0
495	45131	59.4538	0
495	45134	59.4539	0
495	45137	59.454	0
495	45140	59.4541	0
495	45143	59.4542	0
495	45146	59.4543	0
495	45149	59.4544	0
495	45152	59.4545	0
495	45155	59.4546	0
495	45158	59.4547	0
495	45161	59.4548	0
495	45164	59.4549	0
495	45167	59.455	0
495	45170	59.4551	0
495	45173	59.4552	0
495	45176	59.4553	0
495	45179	59.4554	0
495	45182	59.4555	0
495	45185	59.4556	0
495	45188	59.4557	0
495	45191	59.4558	0
495	45194	59.4559	0
495	45197	59.456	0
495	45200	59.4561	0
495	45203	59.4562	0
495	45206	59.4563	0
495	45209	59.4564	0
495	45212	59.4565	0
495	45215	59.4566	0
495	45218	59.4567	0
495	45221	59.4568	0
495	45224	59.4569	0
495	45227	59.457	0
495	45230	59.4571	0
495	45233	59.4572	0
495	45236	59.4573	0
495	45239	59.4574	0
495	45242	59.4575	0
495	45245	59.4576	0
495	45248	59.4577	0
495	45251	59.4578	0
495	45254	59.4579	0
495	45257	59.458	0
495	45260	59.4581	0
495	45263	59.4582	0
495	45266	59.4583	0
495	45269	59.4584	0
495	45272	59.4585	0
495	45275	59.4586	0
495	45278	59.4587	0
495	45281	59.4588	0
495	45284	59.4589	0
495	45287	59.459	0
495	45290	59.4591	0
495	45293	59.4592	0
495	45296	59.4593	0
495	45299	59.4594	0
495	45302	59.4595	0
495	45305	59.4596	0
495	45308	59.4597	0
495	45311	59.4598	0
495	45314	59.4599	0
495	45317	59.46	0
495	45320	59.4601	0
495	45323	59.4602	0
495	45326	59.4603	0
495	45329	59.4604	0
495	45332	59.4605	0
495	45335	59.4606	0
495	45338	59.4607	0
495	45341	59.4608	0
495	45344	59.4609	0
495	45347	59.461	0
495	45350	59.4611	0
495	45353	59.4612	0
495	45356	59.4613	0
495	45359	59.4614	0
495	45362	59.4615	0
495	45365	59.4616	0
495	45368	59.4617	0
495	45371	59.4618	0
495	45374	59.4619	0
