time	10s	30s	60s
3.00053088	0.00053088	0.00053088	0.00053088
3.00060048	0.00060048	0.00060048	0.00060048
3.00067008	0.00067008	0.00067008	0.00067008
3.00073968	0.00073968	0.00073968	0.00073968
6.00053088	0.00053088	0.00053088	0.00053088
6.00060048	0.00060048	0.00060048	0.00060048
6.00067008	0.00067008	0.00067008	0.00067008
6.00073968	0.00073968	0.00073968	0.00073968
9.00053088	0.00053088	0.00053088	0.00053088
9.00060048	0.00060048	0.00060048	0.00060048
9.00067008	0.00067008	0.00067008	0.00067008
9.00073968	0.00073968	0.00073968	0.00073968
12.00079184	0.00079184	0.00053088	0.00053088
12.00086144	0.00086144	0.00060048	0.00060048
12.00093104	0.00093104	0.00067008	0.00067008
12.00100064	0.00100064	0.00073968	0.00073968
15.00053088	0.00053088	0.00053088	0.00053088
15.00060048	0.00060048	0.00060048	0.00060048
15.00067008	0.00067008	0.00067008	0.00067008
15.00073968	0.00073968	0.00073968	0.00073968
18.00053088	0.00053088	0.00053088	0.00053088
18.00060048	0.00060048	0.00060048	0.00060048
18.00067008	0.00067008	0.00067008	0.00067008
18.00073968	0.00073968	0.00073968	0.00073968
21.00053088	0.00053088	0.00053088	0.00053088
21.00060048	0.00060048	0.00060048	0.00060048
21.00067008	0.00067008	0.00067008	0.00067008
21.00073968	0.00073968	0.00073968	0.00073968
24.00079184	0.00079184	0.00053088	0.00053088
24.00086144	0.00086144	0.00060048	0.00060048
24.00093104	0.00093104	0.00067008	0.00067008
24.00100064	0.00100064	0.00073968	0.00073968
27.00053088	0.00053088	0.00053088	0.00053088
27.00060048	0.00060048	0.00060048	0.00060048
27.00067008	0.00067008	0.00067008	0.00067008
27.00073968	0.00073968	0.00073968	0.00073968
30.00053088	0.00053088	0.00083168	0.00053088
30.00060048	0.00060048	0.00090128	0.00060048
30.00067008	0.00067008	0.00097088	0.00067008
30.00073968	0.00073968	0.00104048	0.00073968
33.00053088	0.00053088	0.00053088	0.00053088
33.00060048	0.00060048	0.00060048	0.00060048
33.00067008	0.00067008	0.00067008	0.00067008
33.00073968	0.00073968	0.00073968	0.00073968
36.00079184	0.00079184	0.00053088	0.00053088
36.00086144	0.00086144	0.00060048	0.00060048
36.00093104	0.00093104	0.00067008	0.00067008
36.00100064	0.00100064	0.00073968	0.00073968
39.00053088	0.00053088	0.00053088	0.00053088
39.00060048	0.00060048	0.00060048	0.00060048
39.00067008	0.00067008	0.00067008	0.00067008
39.00073968	0.00073968	0.00073968	0.00073968
42.00053088	0.00053088	0.00053088	0.00053088
42.00060048	0.00060048	0.00060048	0.00060048
42.00067008	0.00067008	0.00067008	0.00067008
42.00073968	0.00073968	0.00073968	0.00073968
45.00053088	0.00053088	0.00053088	0.00053088
45.00060048	0.00060048	0.00060048	0.00060048
45.00067008	0.00067008	0.00067008	0.00067008
45.00073968	0.00073968	0.00073968	0.00073968
48.00079184	0.00079184	0.00053088	0.00053088
48.00086144	0.00086144	0.00060048	0.00060048
48.00093104	0.00093104	0.00067008	0.00067008
48.00100064	0.00100064	0.00073968	0.00073968
51.00053088	0.00053088	0.00053088	0.00053088
51.00060048	0.00060048	0.00060048	0.00060048
51.00067008	0.00067008	0.00067008	0.00067008
51.00073968	0.00073968	0.00073968	0.00073968
54.00053088	0.00053088	0.00053088	0.00053088
54.00060048	0.00060048	0.00060048	0.00060048
54.00067008	0.00067008	0.00067008	0.00067008
54.00073968	0.00073968	0.00073968	0.00073968
57.00053088	0.00053088	0.00053088	0.00053088
57.00060048	0.00060048	0.00060048	0.00060048
57.00067008	0.00067008	0.00067008	0.00067008
57.00073968	0.00073968	0.00073968	0.00073968
60.00126728	0.00126728	0.00087584	0.00114424
60.00137968	0.00137968	0.00122848	0.00131208
60.00269	0.00269	0.00139744	0.00133256
60.00271048	0.00271048	0.00183856	0.00135304
63.00127528	0.00127528	0.00053088	0.00086144
63.00138096	0.00138096	0.0008192	0.00088192
63.00269248	0.00269248	0.0009444	0.00113584
63.00318608	0.00318608	0.00183864	0.00120544
66.0012752791	0.0012752791	0.0006647991	0.0008614391
66.0013809591	0.0013809591	0.0007924791	0.0008819191
66.0026924791	0.0026924791	0.0009443991	0.0011358391
66.0031860791	0.0031860791	0.0018385591	0.0012054391
69.0012752778	0.0012752778	0.0006647979	0.0008614378
69.0013809578	0.0013809578	0.0007924779	0.0008819178
69.0026925578	0.0026925578	0.0009443978	0.0011358379
69.0031861578	0.0031861578	0.0018385579	0.0012054379
72.0012672773	0.0012672773	0.0006647973	0.0008614373
72.0013796772	0.0013796772	0.0007924773	0.0008819173
72.0026899973	0.0026899973	0.0009443973	0.0011358373
72.0027104773	0.0027104773	0.0018385573	0.0012054373
75.0012752773	0.0012752773	0.0006647973	0.0008614373
75.0013809572	0.0013809572	0.0007924773	0.0008819173
75.0026924773	0.0026924773	0.0009443973	0.0011358373
75.0031860773	0.0031860773	0.0018385573	0.0012054373
78.0012752773	0.0012752773	0.0006647973	0.0008614373
78.0013809572	0.0013809572	0.0007924773	0.0008819173
78.0026924773	0.0026924773	0.0009443973	0.0011358373
78.0031860773	0.0031860773	0.0018385573	0.0012054373
81.0012752773	0.0012752773	0.0006647973	0.0008614373
81.0013809572	0.0013809572	0.0007924773	0.0008819173
81.0026924773	0.0026924773	0.0009443973	0.0011358373
81.0031860773	0.0031860773	0.0018385573	0.0012054373
84.0012672773	0.0012672773	0.0006647973	0.0008614373
84.0013796772	0.0013796772	0.0007924773	0.0008819173
84.0026899973	0.0026899973	0.0009443973	0.0011358373
84.0027104773	0.0027104773	0.0018385573	0.0012054373
87.0012752773	0.0012752773	0.0006647973	0.0008614373
87.0013809572	0.0013809572	0.0007924773	0.0008819173
87.0026924773	0.0026924773	0.0009443973	0.0011358373
87.0031860773	0.0031860773	0.0018385573	0.0012054373
90.0012686373	0.0012686373	0.00066184	0.0008614373
90.0013742372	0.0013742372	0.0009212	0.0008819173
90.0026924773	0.0026924773	0.0011967173	0.0011358373
90.0031860773	0.0031860773	0.0023384773	0.0012054373
93.0012752773	0.0012752773	0.0009133573	0.0008614373
93.0013809572	0.0013809572	0.0011581572	0.0008819173
93.0026924773	0.0026924773	0.0012277572	0.0011358373
93.0031860773	0.0031860773	0.0018395172	0.0012054373
96.0012672773	0.0012672773	0.0008942373	0.0008614373
96.0013796772	0.0013796772	0.0011606373	0.0008819173
96.0026899973	0.0026899973	0.0012302373	0.0011358373
96.0027104773	0.0027104773	0.0018423173	0.0012054373
99.0012752773	0.0012752773	0.0008942373	0.0008614373
99.0013809572	0.0013809572	0.0011606373	0.0008819173
99.0026924773	0.0026924773	0.0012302373	0.0011358373
99.0031860773	0.0031860773	0.0018423173	0.0012054373
102.0012752773	0.0012752773	0.0008942373	0.0008614373
102.0013809572	0.0013809572	0.0011606373	0.0008819173
102.0026924773	0.0026924773	0.0012302373	0.0011358373
102.0031860773	0.0031860773	0.0018423173	0.0012054373
105.0012752773	0.0012752773	0.0008942373	0.0008614373
105.0013809572	0.0013809572	0.0011606373	0.0008819173
105.0026924773	0.0026924773	0.0012302373	0.0011358373
105.0031860773	0.0031860773	0.0018423173	0.0012054373
108.0012672773	0.0012672773	0.0008942373	0.0008614373
108.0013796772	0.0013796772	0.0011606373	0.0008819173
108.0026899973	0.0026899973	0.0012302373	0.0011358373
108.0027104773	0.0027104773	0.0018423173	0.0012054373
111.0012752773	0.0012752773	0.0008942373	0.0008614373
111.0013809572	0.0013809572	0.0011606373	0.0008819173
111.0026924773	0.0026924773	0.0012302373	0.0011358373
111.0031860773	0.0031860773	0.0018423173	0.0012054373
114.0012752773	0.0012752773	0.0008942373	0.0008614373
114.0013809572	0.0013809572	0.0011606373	0.0008819173
114.0026924773	0.0026924773	0.0012302373	0.0011358373
114.0031860773	0.0031860773	0.0018423173	0.0012054373
117.0012752773	0.0012752773	0.0008942373	0.0008614373
117.0013809572	0.0013809572	0.0011606373	0.0008819173
117.0026924773	0.0026924773	0.0012302373	0.0011358373
117.0031860773	0.0031860773	0.0018423173	0.0012054373
120.0012942372	0.0012942372	0.0011980773	0.00122376
120.0016583972	0.0016583972	0.0012676773	0.00133136
120.0031688773	0.0031688773	0.0016540773	0.0018451173
120.0031893573	0.0031893573	0.0021851172	0.0019147173
123.0012752773	0.0012752773	0.00063712	0.0007891173
123.0013809572	0.0013809572	0.0014175973	0.0011644773
123.0026924773	0.0026924773	0.0021606373	0.0014249573
123.0031860773	0.0031860773	0.0031606373	0.0018384773
126.0012752773	0.0012752773	0.0007376773	0.000792
126.0013809572	0.0013809572	0.0012097573	0.0011579973
126.0026924773	0.0026924773	0.0016670372	0.0014184773
126.0031860773	0.0031860773	0.0021547172	0.0018384773
129.0012752758	0.0012752758	0.00063712	0.000792
129.0013809558	0.0013809558	0.00120416	0.0011579958
129.0026924758	0.0026924758	0.0021539958	0.0014184758
129.0031860758	0.0031860758	0.0022235958	0.0018384758
132.0012672715	0.0012672715	0.00063712	0.000792
132.0013796715	0.0013796715	0.00120416	0.0011579915
132.0026899915	0.0026899915	0.0021539915	0.0014184715
132.0027104715	0.0027104715	0.0022235915	0.0018384715
135.0012752672	0.0012752672	0.00063712	0.000792
135.0013809472	0.0013809472	0.00120416	0.0011579872
135.0026924672	0.0026924672	0.0021539872	0.0014184672
135.0031860672	0.0031860672	0.0022235872	0.0018384672
138.0012752629	0.0012752629	0.00063712	0.000792
138.0013809429	0.0013809429	0.00120416	0.0011579829
138.0026924629	0.0026924629	0.0021539829	0.0014184629
138.0031860629	0.0031860629	0.0022235829	0.0018384629
141.0012752588	0.0012752588	0.00063712	0.000792
141.0013809388	0.0013809388	0.00120416	0.0011579788
141.0026924588	0.0026924588	0.0021539788	0.0014184588
141.0031860588	0.0031860588	0.0022235788	0.0018384588
144.0012672559	0.0012672559	0.00063712	0.000792
144.0013796559	0.0013796559	0.00120416	0.0011579759
144.0026899759	0.0026899759	0.0021539759	0.0014184559
144.0027104559	0.0027104559	0.0022235759	0.0018384559
147.0012752528	0.0012752528	0.00063712	0.000792
147.0013809328	0.0013809328	0.00120416	0.0011579728
147.0026924528	0.0026924528	0.0021539728	0.0014184528
147.0031860528	0.0031860528	0.0022235728	0.0018384528
150.0012752496	0.0012752496	0.00063712	0.000792
150.0013809295	0.0013809295	0.00120416	0.0011579696
150.0026924496	0.0026924496	0.0021539696	0.0014184496
150.0031860496	0.0031860496	0.0022235696	0.0018384496
153.0012752463	0.0012752463	0.0013419664	0.000792
153.0013809263	0.0013809263	0.0016718063	0.0011579663
153.0026924463	0.0026924463	0.0021441263	0.0014184463
153.0031860463	0.0031860463	0.0026606063	0.0018384464
156.0012672431	0.0012672431	0.0013068431	0.000792
156.0013796431	0.0013796431	0.0013284431	0.0011579631
156.0026899631	0.0026899631	0.0021525231	0.0014184431
156.0027104431	0.0027104431	0.0026540431	0.0018384431
159.0012752399	0.0012752399	0.0012256399	0.000792
159.0013809199	0.0013809199	0.0013048399	0.0011579599
159.0026924399	0.0026924399	0.0021512399	0.0014184399
159.0031860399	0.0031860399	0.0026625999	0.0018384399
162.0012752367	0.0012752367	0.0012256367	0.000792
162.0013809167	0.0013809167	0.0013048367	0.0011579567
162.0026924367	0.0026924367	0.0021512367	0.0014184367
162.0031860367	0.0031860367	0.0026625967	0.0018384367
165.0012752335	0.0012752335	0.0012256335	0.000792
165.0013809135	0.0013809135	0.0013048335	0.0011579535
165.0026924335	0.0026924335	0.0021512335	0.0014184335
165.0031860335	0.0031860335	0.0026625934	0.0018384335
168.0012672303	0.0012672303	0.0012256303	0.000792
168.0013796303	0.0013796303	0.0013048303	0.0011579503
168.0026899503	0.0026899503	0.0021512302	0.0014184303
168.0027104303	0.0027104303	0.0026625902	0.0018384303
171.001275227	0.001275227	0.001225627	0.000792
171.001380907	0.001380907	0.001304827	0.0011579471
171.002692427	0.002692427	0.002151227	0.0014184271
171.003186027	0.003186027	0.002662587	0.0018384271
174.0012752238	0.0012752238	0.0012256238	0.000792
174.0013809038	0.0013809038	0.0013048238	0.0011579438
174.0026924238	0.0026924238	0.0021512238	0.0014184238
174.0031860238	0.0031860238	0.0026625838	0.0018384238
177.0012752206	0.0012752206	0.0012256206	0.000792
177.0013809006	0.0013809006	0.0013048206	0.0011579406
177.0026924206	0.0026924206	0.0021512206	0.0014184206
177.0031860206	0.0031860206	0.0026625806	0.0018384206
180.0012672174	0.0012672174	0.0012256174	0.000792
180.0013796174	0.0013796174	0.0013048174	0.00132256
180.0026899374	0.0026899374	0.0021512174	0.0016540174
180.0027104174	0.0027104174	0.0026625774	0.0026605774
183.0012752142	0.0012752142	0.0012428942	0.00100048
183.0013808942	0.0013808942	0.0013220942	0.00123144
183.0026924142	0.0026924142	0.0021468942	0.00166616
183.0031860142	0.0031860142	0.0026605742	0.0021539342
186.001275211	0.001275211	0.001213931	0.00086488
186.001380891	0.001380891	0.0016824109	0.001219851
186.002692411	0.002692411	0.0017617709	0.0016708109
186.003186011	0.003186011	0.002666491	0.002153931
189.0012752077	0.0012752077	0.0012256077	0.00086488
189.0013808877	0.0013808877	0.0013048077	0.0012198477
189.0026924078	0.0026924078	0.0021512077	0.0016708077
189.0031860077	0.0031860077	0.0026625677	0.0021539278
192.0012672045	0.0012672045	0.0012293645	0.00086488
192.0013796045	0.0013796045	0.0013085645	0.0012198445
192.0026899245	0.0026899245	0.0021483245	0.0016708045
192.0027104045	0.0027104045	0.0026596845	0.0021539245
195.0012752013	0.0012752013	0.0012293613	0.00086488
195.0013808813	0.0013808813	0.0013085613	0.0012198413
195.0026924013	0.0026924013	0.0021483213	0.0016708013
195.0031860013	0.0031860013	0.0026596813	0.0021539213
198.0012751981	0.0012751981	0.0012293581	0.00086488
198.0013808781	0.0013808781	0.0013085581	0.0012198381
198.0026923981	0.0026923981	0.0021483181	0.0016707981
198.0031859981	0.0031859981	0.0026596781	0.0021539181
201.0012751949	0.0012751949	0.0012293549	0.00086488
201.0013808749	0.0013808749	0.0013085549	0.0012198349
201.0026923949	0.0026923949	0.0021483148	0.0016707949
201.0031859949	0.0031859949	0.0026596748	0.0021539149
204.0012671917	0.0012671917	0.0012293516	0.00086488
204.0013795917	0.0013795917	0.0013085516	0.0012198317
204.0026899117	0.0026899117	0.0021483116	0.0016707917
204.0027103917	0.0027103917	0.0026596716	0.0021539117
207.0012751884	0.0012751884	0.0012293484	0.00086488
207.0013808684	0.0013808684	0.0013085484	0.0012198284
207.0026923885	0.0026923885	0.0021483084	0.0016707884
207.0031859884	0.0031859884	0.0026596684	0.0021539085
210.0012751852	0.0012751852	0.0012293452	0.00086488
210.0013808652	0.0013808652	0.0013085452	0.0012198252
210.0026923852	0.0026923852	0.0021483052	0.0016707852
210.0031859852	0.0031859852	0.0026596652	0.0021539052
213.001275182	0.001275182	0.001275182	0.00086488
213.001380862	0.001380862	0.001380862	0.001219822
213.002692382	0.002692382	0.002641022	0.001670782
213.003185982	0.003185982	0.003181262	0.002153902
216.0012671787	0.0012671787	0.00129664	0.00086488
216.0013795787	0.0013795787	0.0013759199	0.0012198187
216.0026898987	0.0026898987	0.0026408587	0.0016707786
216.0027103787	0.0027103787	0.0031797387	0.0021538987
219.0012751748	0.0012751748	0.0012887748	0.00086488
219.0013808548	0.0013808548	0.0013680548	0.0012198148
219.0026923748	0.0026923748	0.0026898948	0.0016707748
219.0031859748	0.0031859748	0.0027103748	0.0021538948
222.0012751709	0.0012751709	0.0012751709	0.00086488
222.0013808509	0.0013808509	0.0013808509	0.0012198109
222.0026923709	0.0026923709	0.0026923709	0.0016707709
222.0031859709	0.0031859709	0.0031859709	0.0021538909
225.0012751669	0.0012751669	0.0012751669	0.00086488
225.0013808469	0.0013808469	0.0013808469	0.0012198069
225.0026923669	0.0026923669	0.0026923669	0.0016707668
225.0031859669	0.0031859669	0.0031859669	0.0021538869
228.0012671627	0.0012671627	0.0012751627	0.00086488
228.0013795627	0.0013795627	0.0013808427	0.0012198027
228.0026898828	0.0026898828	0.0026923628	0.0016707627
228.0027103628	0.0027103628	0.0031859627	0.0021538828
231.0012751586	0.0012751586	0.0012751586	0.00086488
231.0013808386	0.0013808386	0.0013808386	0.0012197986
231.0026923586	0.0026923586	0.0026923586	0.0016707586
231.0031859586	0.0031859586	0.0031859586	0.0021538786
234.0012751545	0.0012751545	0.0012751545	0.00086488
234.0013808345	0.0013808345	0.0013808345	0.0012197945
234.0026923545	0.0026923545	0.0026923545	0.0016707544
234.0031859545	0.0031859545	0.0031859545	0.0021538745
237.0012751503	0.0012751503	0.0012751503	0.00086488
237.0013808303	0.0013808303	0.0013808303	0.0012197903
237.0026923503	0.0026923503	0.0026923503	0.0016707503
237.0031859503	0.0031859503	0.0031859503	0.0021538703
240.0012695461	0.0012695461	0.0012685062	0.0012096262
240.0013819461	0.0013819461	0.0013741062	0.0013073062
240.0026898662	0.0026898662	0.0031688262	0.0016763462
240.0027103462	0.0027103462	0.0031893062	0.0031605062
243.001282742	0.001282742	0.001282742	0.001490742
243.001362022	0.001362022	0.001362022	0.001511222
243.002689862	0.002689862	0.002689862	0.001764822
243.002710342	0.002710342	0.002710342	0.002665702
246.0012751379	0.0012751379	0.0012845779	0.00129032
246.0013808179	0.0013808179	0.0013969779	0.0013108
246.0026923379	0.0026923379	0.0026923379	0.0021600979
246.0031859379	0.0031859379	0.0031859379	0.0026604979
249.0012751337	0.0012751337	0.0012744937	0.00129032
249.0013808137	0.0013808137	0.0013936137	0.0013108
249.0026923338	0.0026923338	0.0026930537	0.0021600938
249.0031859337	0.0031859337	0.0027135337	0.0026604938
252.0012671296	0.0012671296	0.0012751296	0.00129032
252.0013795296	0.0013795296	0.0013808096	0.0013108
252.0026898496	0.0026898496	0.0026923296	0.0021600896
252.0027103296	0.0027103296	0.0031859296	0.0026604896
255.0012751255	0.0012751255	0.0012751255	0.00129032
255.0013808054	0.0013808054	0.0013808054	0.0013108
255.0026923255	0.0026923255	0.0026923255	0.0021600855
255.0031859255	0.0031859255	0.0031859255	0.0026604855
258.0012751227	0.0012751227	0.0012751227	0.00129032
258.0013808027	0.0013808027	0.0013808027	0.0013108
258.0026923227	0.0026923227	0.0026923227	0.0021600827
258.0031859227	0.0031859227	0.0031859227	0.0026604827
261.0012751206	0.0012751206	0.0012751206	0.00129032
261.0013808006	0.0013808006	0.0013808006	0.0013108
261.0026923206	0.0026923206	0.0026923206	0.0021600806
261.0031859206	0.0031859206	0.0031859206	0.0026604806
264.0012671185	0.0012671185	0.0012751185	0.00129032
264.0013795184	0.0013795184	0.0013807984	0.0013108
264.0026898385	0.0026898385	0.0026923185	0.0021600785
264.0027103185	0.0027103185	0.0031859185	0.0026604785
267.0012751163	0.0012751163	0.0012751163	0.00129032
267.0013807963	0.0013807963	0.0013807963	0.0013108
267.0026923164	0.0026923164	0.0026923164	0.0021600764
267.0031859163	0.0031859163	0.0031859163	0.0026604764
270.0012751142	0.0012751142	0.0012751142	0.00129032
270.0013807942	0.0013807942	0.0013807942	0.0013108
270.0026923142	0.0026923142	0.0026923142	0.0021600743
270.0031859142	0.0031859142	0.0031859142	0.0026604742
273.0012751121	0.0012751121	0.0012751121	0.00129032
273.0013807921	0.0013807921	0.0013807921	0.0013108
273.0026923121	0.0026923121	0.0026923121	0.0021600721
273.0031859121	0.0031859121	0.0031859121	0.0026604721
276.00126711	0.00126711	0.00127511	0.00129032
276.00137951	0.00137951	0.00138079	0.0013108
276.00268983	0.00268983	0.00264095	0.00216007
276.00271031	0.00271031	0.00318119	0.00266047
279.0012751079	0.0012751079	0.0012706279	0.00129032
279.0013807879	0.0013807879	0.0013830279	0.0013108
279.0026923079	0.0026923079	0.0026502279	0.0021600679
279.0031859079	0.0031859079	0.0031879079	0.0026604679
282.0012751058	0.0012751058	0.0012887058	0.00129032
282.0013807858	0.0013807858	0.0013679858	0.0013108
282.0026923058	0.0026923058	0.0026898258	0.0021600658
282.0031859058	0.0031859058	0.0027103058	0.0026604658
285.0012751037	0.0012751037	0.0012751037	0.00129032
285.0013807837	0.0013807837	0.0013807837	0.0013108
285.0026923037	0.0026923037	0.0026923037	0.0021600637
285.0031859037	0.0031859037	0.0031859037	0.0026604637
288.0012671016	0.0012671016	0.0012751016	0.00129032
288.0013795016	0.0013795016	0.0013807816	0.0013108
288.0026898216	0.0026898216	0.0026923016	0.0021600616
288.0027103016	0.0027103016	0.0031859016	0.0026604616
291.0012750995	0.0012750995	0.0012750995	0.00129032
291.0013807795	0.0013807795	0.0013807795	0.0013108
291.0026922995	0.0026922995	0.0026922995	0.0021600595
291.0031858995	0.0031858995	0.0031858995	0.0026604595
294.0012750974	0.0012750974	0.0012750974	0.00129032
294.0013807774	0.0013807774	0.0013807774	0.0013108
294.0026922974	0.0026922974	0.0026922974	0.0021600574
294.0031858974	0.0031858974	0.0031858974	0.0026604574
297.0012750953	0.0012750953	0.0012750953	0.00129032
297.0013807753	0.0013807753	0.0013807753	0.0013108
297.0026922953	0.0026922953	0.0026922953	0.0021600553
297.0031858953	0.0031858953	0.0031858953	0.0026604553
300.0012670932	0.0012670932	0.0012750932	0.0012254932
300.0013794932	0.0013794932	0.0013807732	0.0013046932
300.0026898132	0.0026898132	0.0026922932	0.0021406132
300.0027102932	0.0027102932	0.0031858932	0.0026625331

