166	2407	1.00021064	5
166	3005	2.00021064	5
166	3619	3.00021064	5
166	4227	4.00021064	5
166	4825	5.00021064	5
166	5439	6.00021064	5
166	6047	7.00021064	5
166	6645	8.00021064	5
166	7259	9.00021064	5
166	7867	10.00021064	5
166	8465	11.00021064	5
166	9079	12.00021064	5
166	9687	13.00021064	5
166	10285	14.00021064	5
166	10899	15.00021064	5
166	11507	16.00021064	5
166	12105	17.00021064	5
166	12719	18.00021064	5
166	13327	19.00021064	5
166	13925	20.00021064	5
166	14539	21.00021064	5
166	15147	22.00021064	5
166	15745	23.00021064	5
166	16359	24.00021064	5
166	16967	25.00021064	5
166	17565	26.00021064	5
166	18179	27.00021064	5
166	18787	28.00021064	5
166	19385	29.00021064	5
166	20061	30.00021064	5
166	20669	31.00021064	5
166	22056	32.00021064	5
166	22670	33.00021064	5
166	23278	34.00021064	5
166	23876	35.00021064	5
166	24490	36.00021064	5
166	25098	37.00021064	5
166	25696	38.00021064	5
166	26310	39.00021064	5
166	26918	40.00021064	5
166	27516	41.00021064	5
166	28130	42.00021064	5
166	28738	43.00021064	5
166	29336	44.00021064	5
166	29950	45.00021064	5
166	30558	46.00021064	5
166	31156	47.00021064	5
166	31770	48.00021064	5
166	32378	49.00021064	5
166	32976	50.00021064	5
166	33590	51.00021064	5
166	34198	52.00021064	5
166	34796	53.00021064	5
166	35410	54.00021064	5
166	36018	55.00021064	5
166	36616	56.00021064	5
166	37230	57.00021064	5
166	37838	58.00021064	5
166	38436	59.00021064	5
166	39112	60.00021064	5
166	39720	61.00021064	5
166	40318	62.00021064	5
166	41561	63.00021064	5
166	42169	64.00021064	5
166	42767	65.00021064	5
166	43381	66.00021064	5
166	43989	67.00021064	5
166	44587	68.00021064	5
166	45201	69.00021064	5
166	45809	70.00021064	5
166	46407	71.00021064	5
166	47021	72.00021064	5
166	47629	73.00021064	5
166	48227	74.00021064	5
166	48841	75.00021064	5
166	49449	76.00021064	5
166	50047	77.00021064	5
166	50661	78.00021064	5
166	51269	79.00021064	5
166	51867	80.00021064	5
166	52481	81.00021064	5
166	53089	82.00021064	5
166	53687	83.00021064	5
166	54301	84.00021064	5
166	54909	85.00021064	5
166	55507	86.00021064	5
166	56121	87.00021064	5
166	56729	88.00021064	5
166	57327	89.00021064	5
166	58003	90.00021064	5
166	58611	91.00021064	5
166	59209	92.00021064	5
166	59823	93.00021064	5
166	61060	94.00021064	5
166	61658	95.00021064	5
166	62272	96.00021064	5
166	62880	97.00021064	5
166	63478	98.00021064	5
166	64092	99.00021064	5
166	64700	100.00021064	5
166	65298	101.00021064	5
166	65912	102.00021064	5
166	66520	103.00021064	5
166	67118	104.00021064	5
166	67732	105.00021064	5
166	68340	106.00021064	5
166	68938	107.00021064	5
166	69552	108.00021064	5
166	70160	109.00021064	5
166	70758	110.00021064	5
166	71372	111.00021064	5
166	71980	112.00021064	5
166	72578	113.00021064	5
166	73192	114.00021064	5
166	73800	115.00021064	5
166	74398	116.00021064	5
166	75012	117.00021064	5
166	75620	118.00021064	5
166	76218	119.00021064	5
166	76916	120.00021064	5
166	78392	121.00021064	5
166	78990	122.00021064	5
166	79604	123.00021064	5
166	80212	124.00021064	5
166	81245	125.00070119999	5
166	82053	126.00021064	5
166	82661	127.00021064	5
166	83259	128.00021064	5
166	83873	129.00021064	5
166	84481	130.00021064	5
166	85079	131.00021064	5
166	85693	132.00021064	5
166	86301	133.00021064	5
166	86899	134.00021064	5
166	87513	135.00021064	5
166	88121	136.00021064	5
166	88719	137.00021064	5
166	89333	138.00021064	5
166	89941	139.00021064	5
166	90539	140.00021064	5
166	91153	141.00021064	5
166	91761	142.00021064	5
166	92359	143.00021064	5
166	92973	144.00021064	5
166	93581	145.00021064	5
166	94179	146.00021064	5
166	94793	147.00021064	5
166	95401	148.00021064	5
166	95999	149.00021064	5
166	96675	150.00021064	5
166	97283	151.00021064	5
166	98009	152.00021064	5
166	98623	153.00021064	5
166	99231	154.00021064	5
166	99829	155.00021064	5
166	100443	156.00021064	5
166	101537	157.00021064	5
166	102135	158.00021064	5
166	102749	159.00021064	5
166	103357	160.00021064	5
166	103955	161.00021064	5
166	104569	162.00021064	5
166	105177	163.00021064	5
166	105775	164.00021064	5
166	106389	165.00021064	5
166	106997	166.00021064	5
166	107595	167.00021064	5
166	108209	168.00021064	5
166	108817	169.00021064	5
166	109415	170.00021064	5
166	110029	171.00021064	5
166	110637	172.00021064	5
166	111235	173.00021064	5
166	111849	174.00021064	5
166	112457	175.00021064	5
166	113055	176.00021064	5
166	113669	177.00021064	5
166	114277	178.00021064	5
166	114875	179.00021064	5
166	115551	180.00021064	5
166	116159	181.00021064	5
166	116757	182.00021064	5
166	117371	183.00021064	5
166	117979	184.00021064	5
166	118577	185.00021064	5
166	119191	186.00021064	5
166	119799	187.00021064	5
166	120851	188.00021064	5
166	121465	189.00021064	5
166	122073	190.00021064	5
166	122671	191.00021064	5
166	123285	192.00021064	5
166	123893	193.00021064	5
166	124491	194.00021064	5
166	125105	195.00021064	5
166	125713	196.00021064	5
166	126311	197.00021064	5
166	126925	198.00021064	5
166	127533	199.00021064	5
166	128131	200.00021064	5
166	128745	201.00021064	5
166	129353	202.00021064	5
166	129951	203.00021064	5
166	130565	204.00021064	5
166	131173	205.00021064	5
166	131771	206.00021064	5
166	132385	207.00021064	5
166	132993	208.00021064	5
166	133591	209.00021064	5
166	134267	210.00021064	5
166	134875	211.00021064	5
166	135473	212.00021064	5
166	136087	213.00021064	5
166	136695	214.00021064	5
166	137293	215.00021064	5
166	137907	216.00021064	5
166	138515	217.00021064	5
166	139113	218.00021064	5
166	140181	219.00021064	5
166	140789	220.00021064	5
166	141387	221.00021064	5
166	142001	222.00021064	5
166	142609	223.00021064	5
166	143207	224.00021064	5
166	143821	225.00021064	5
166	144429	226.00021064	5
166	145027	227.00021064	5
166	145641	228.00021064	5
166	146249	229.00021064	5
166	146847	230.00021064	5
166	147461	231.00021064	5
166	148069	232.00021064	5
166	148667	233.00021064	5
166	149281	234.00021064	5
166	149889	235.00021064	5
166	150487	236.00021064	5
166	151101	237.00021064	5
166	151709	238.00021064	5
166	152307	239.00021064	5
166	152983	240.00021064	5
166	154481	241.00021064	5
166	155079	242.00021064	5
166	155693	243.00021064	5
166	156301	244.00021064	5
166	156899	245.00021064	5
166	157513	246.00021064	5
166	158121	247.00021064	5
166	158719	248.00021064	5
166	159333	249.00021064	5
