138	2292	1.00021064	3
138	2786	2.00021064	4
138	3280	3.00021064	4
138	3774	4.00021064	4
138	4268	5.00021064	4
138	4762	6.00021064	4
138	5256	7.00021064	4
138	5750	8.00021064	4
138	6244	9.00021064	4
138	6738	10.00021064	4
138	7232	11.00021064	4
138	7726	12.00021064	4
138	8220	13.00021064	4
138	8714	14.00021064	4
138	9208	15.00021064	4
138	9702	16.00021064	4
138	10196	17.00021064	4
138	10690	18.00021064	4
138	11184	19.00021064	4
138	11678	20.00021064	4
138	12172	21.00021064	4
138	12666	22.00021064	4
138	13160	23.00021064	4
138	13654	24.00021064	4
138	14148	25.00021064	4
138	14642	26.00021064	4
138	15136	27.00021064	4
138	15630	28.00021064	4
138	16124	29.00021064	4
138	16680	30.00021064	4
138	17174	31.00021064	4
138	18440	32.000469119994	4
138	18977	33.00021064	4
138	19471	34.00021064	4
138	19965	35.00021064	4
138	20459	36.00021064	4
138	20953	37.00021064	4
138	21447	38.00021064	4
138	21941	39.00021064	4
138	22435	40.00021064	4
138	22929	41.00021064	4
138	23423	42.00021064	4
138	23917	43.00021064	4
138	24411	44.00021064	4
138	24905	45.00021064	4
138	25399	46.00021064	4
138	25893	47.00021064	4
138	26387	48.00021064	4
138	26881	49.00021064	4
138	27375	50.00021064	4
138	27869	51.00021064	4
138	28363	52.00021064	4
138	28857	53.00021064	4
138	29351	54.00021064	4
138	29845	55.00021064	4
138	30339	56.00021064	4
138	30833	57.00021064	4
138	31327	58.00021064	4
138	31821	59.00021064	4
138	32377	60.00021064	4
138	32871	61.00021064	4
138	33365	62.00021064	4
138	34086	63.00021064	4
138	35008	64.00021064	4
138	35502	65.00021064	4
138	35996	66.00021064	4
138	36490	67.00021064	4
138	36984	68.00021064	4
138	37478	69.00021064	4
138	37972	70.00021064	4
138	38466	71.00021064	4
138	38960	72.00021064	4
138	39454	73.00021064	4
138	39948	74.00021064	4
138	40442	75.00021064	4
138	40936	76.00021064	4
138	41430	77.00021064	4
138	41924	78.00021064	4
138	42418	79.00021064	4
138	42912	80.00021064	4
138	43406	81.00021064	4
138	43900	82.00021064	4
138	44394	83.00021064	4
138	44888	84.00021064	4
138	45382	85.00021064	4
138	45876	86.00021064	4
138	46370	87.00021064	4
138	46864	88.00021064	4
138	47358	89.00021064	4
138	47914	90.00021064	4
138	48408	91.00021064	4
138	48902	92.00021064	4
138	49396	93.00021064	4
138	50117	94.00021064	4
138	51015	95.000609759992	4
138	51507	96.00021064	4
138	52001	97.00021064	4
138	52495	98.00021064	4
138	52989	99.00021064	4
138	53483	100.00021064	4
138	53977	101.00021064	4
138	54471	102.00021064	4
138	54965	103.00021064	4
138	55459	104.00021064	4
138	55953	105.00021064	4
138	56447	106.00021064	4
138	56941	107.00021064	4
138	57435	108.00021064	4
138	57929	109.00021064	4
138	58423	110.00021064	4
138	58917	111.00021064	4
138	59411	112.00021064	4
138	59905	113.00021064	4
138	60399	114.00021064	4
138	60893	115.00021064	4
138	61387	116.00021064	4
138	61881	117.00021064	4
138	62375	118.00021064	4
138	62869	119.00021064	4
138	63447	120.00021064	4
138	64811	121.000297119998	4
138	65303	122.00021064	4
138	65797	123.00021064	4
138	66291	124.00021064	4
138	66866	125.00021064	4
138	67506	126.00021064	4
138	68402	127.00021064	4
138	68896	128.00021064	4
138	69390	129.00021064	4
138	69884	130.00021064	4
138	70378	131.00021064	4
138	70872	132.00021064	4
138	71366	133.00021064	4
138	71860	134.00021064	4
138	72354	135.00021064	4
138	72848	136.00021064	4
138	73342	137.00021064	4
138	73836	138.00021064	4
138	74330	139.00021064	4
138	74824	140.00021064	4
138	75318	141.00021064	4
138	75812	142.00021064	4
138	76306	143.00021064	4
138	76800	144.00021064	4
138	77294	145.00021064	4
138	77788	146.00021064	4
138	78282	147.00021064	4
138	78776	148.00021064	4
138	79270	149.00021064	4
138	79826	150.00021064	4
138	80320	151.00021064	4
138	80942	152.00021064	4
138	81436	153.00021064	4
138	81930	154.00021064	4
138	82424	155.00021064	4
138	82918	156.00021064	4
138	83639	157.00021064	4
138	84255	158.00021064	4
138	84886	159.00021064	4
138	85380	160.00021064	4
138	85874	161.00021064	4
138	86368	162.00021064	4
138	86862	163.00021064	4
138	87356	164.00021064	4
138	87850	165.00021064	4
138	88344	166.00021064	4
138	88838	167.00021064	4
138	89332	168.00021064	4
138	89826	169.00021064	4
138	90320	170.00021064	4
138	90814	171.00021064	4
138	91308	172.00021064	4
138	91802	173.00021064	4
138	92296	174.00021064	4
138	92790	175.00021064	4
138	93284	176.00021064	4
138	93778	177.00021064	4
138	94272	178.00021064	4
138	94766	179.00021064	4
138	95322	180.00021064	4
138	95816	181.00021064	4
138	96310	182.00021064	4
138	96804	183.00021064	4
138	97298	184.00021064	4
138	97792	185.00021064	4
138	98286	186.00021064	4
138	98780	187.00021064	4
138	99501	188.00021064	4
138	99995	189.00021064	4
138	100716	190.00021064	4
138	101210	191.00021064	4
138	101704	192.00021064	4
138	102198	193.00021064	4
138	102692	194.00021064	4
138	103186	195.00021064	4
138	103680	196.00021064	4
138	104174	197.00021064	4
138	104668	198.00021064	4
138	105162	199.00021064	4
138	105656	200.00021064	4
138	106150	201.00021064	4
138	106644	202.00021064	4
138	107138	203.00021064	4
138	107632	204.00021064	4
138	108126	205.00021064	4
138	108620	206.00021064	4
138	109114	207.00021064	4
138	109608	208.00021064	4
138	110102	209.00021064	4
138	110658	210.00021064	4
138	111152	211.00021064	4
138	111646	212.00021064	4
138	112140	213.00021064	4
138	112634	214.00021064	4
138	113128	215.00021064	4
138	113622	216.00021064	4
138	114116	217.00021064	4
138	114610	218.00021064	4
138	115331	219.00021064	4
138	115825	220.00021064	4
138	116409	221.00021064	4
138	117040	222.00021064	4
138	117534	223.00021064	4
138	118028	224.00021064	4
138	118522	225.00021064	4
138	119016	226.00021064	4
138	119510	227.00021064	4
138	120004	228.00021064	4
138	120498	229.00021064	4
138	120992	230.00021064	4
138	121486	231.00021064	4
138	121980	232.00021064	4
138	122474	233.00021064	4
138	122968	234.00021064	4
138	123462	235.00021064	4
138	123956	236.00021064	4
138	124450	237.00021064	4
138	124944	238.00021064	4
138	125438	239.00021064	4
138	125994	240.00021064	4
138	126970	241.00021064	4
138	127872	242.00021064	4
138	128366	243.00021064	4
138	128860	244.00021064	4
138	129354	245.00021064	4
138	129848	246.00021064	4
138	130342	247.00021064	4
138	130836	248.00021064	4
138	131330	249.00021064	4
