520	4601	3.000530879999	0.000530879999
520	4787	3.000600479997	0.000600479997
520	4926	3.000670079995	0.000670079995
520	5048	3.000739679993	0.000739679993
520	5895	6.000530879999	0.000530879999
520	6081	6.000600479997	0.000600479997
520	6220	6.000670079995	0.000670079995
520	6342	6.000739679993	0.000739679993
520	7189	9.000530879999	0.000530879999
520	7375	9.000600479997	0.000600479997
520	7514	9.000670079995	0.000670079995
520	7636	9.000739679993	0.000739679993
520	8483	12.000530879999	0.000530879999
520	8669	12.000600479997	0.000600479997
520	8808	12.000670079995	0.000670079995
520	8930	12.000739679993	0.000739679993
520	9777	15.000530879999	0.000530879999
520	9963	15.000600479997	0.000600479997
520	10102	15.000670079995	0.000670079995
520	10224	15.000739679993	0.000739679993
520	11071	18.000530879999	0.000530879999
520	11257	18.000600479997	0.000600479997
520	11396	18.000670079995	0.000670079995
520	11518	18.000739679993	0.000739679993
520	12365	21.000530879999	0.000530879999
520	12551	21.000600479997	0.000600479997
520	12690	21.000670079995	0.000670079995
520	12812	21.000739679993	0.000739679993
520	13659	24.000530879999	0.000530879999
520	13845	24.000600479997	0.000600479997
520	13984	24.000670079995	0.000670079995
520	14106	24.000739679993	0.000739679993
520	14953	27.000530879999	0.000530879999
520	15139	27.000600479997	0.000600479997
520	15278	27.000670079995	0.000670079995
520	15400	27.000739679993	0.000739679993
520	19968	30.000831679992	0.000831679992
520	20163	30.00090127999	0.00090127999
520	20314	30.000970879988	0.000970879988
520	20436	30.001040479986	0.001040479986
520	21283	33.000530879999	0.000530879999
520	21469	33.000600479997	0.000600479997
520	21608	33.000670079995	0.000670079995
520	21730	33.000739679993	0.000739679993
520	22577	36.000530879999	0.000530879999
520	22763	36.000600479997	0.000600479997
520	22902	36.000670079995	0.000670079995
520	23024	36.000739679993	0.000739679993
520	23871	39.000530879999	0.000530879999
520	24057	39.000600479997	0.000600479997
520	24196	39.000670079995	0.000670079995
520	24318	39.000739679993	0.000739679993
520	25165	42.000530879999	0.000530879999
520	25351	42.000600479997	0.000600479997
520	25490	42.000670079995	0.000670079995
520	25612	42.000739679993	0.000739679993
520	26459	45.000530879999	0.000530879999
520	26645	45.000600479997	0.000600479997
520	26784	45.000670079995	0.000670079995
520	26906	45.000739679993	0.000739679993
520	27753	48.000530879999	0.000530879999
520	27939	48.000600479997	0.000600479997
520	28078	48.000670079995	0.000670079995
520	28200	48.000739679993	0.000739679993
520	29047	51.000530879999	0.000530879999
520	29233	51.000600479997	0.000600479997
520	29372	51.000670079995	0.000670079995
520	29494	51.000739679993	0.000739679993
520	30341	54.000530879999	0.000530879999
520	30527	54.000600479997	0.000600479997
520	30666	54.000670079995	0.000670079995
520	30788	54.000739679993	0.000739679993
520	31635	57.000530879999	0.000530879999
520	31821	57.000600479997	0.000600479997
520	31960	57.000670079995	0.000670079995
520	32082	57.000739679993	0.000739679993
520	1732929	60.000875839969	0.000875839969
520	1735517	60.001228479967	0.001228479967
520	1736448	60.001397439961	0.001397439961
520	1738053	60.00183855998	0.00183855998
520	7107348	63.000530879999	0.000530879999
520	7108517	63.000819199983	0.000819199983
520	7109076	63.000944399979	0.000944399979
520	7111983	63.001838639987	0.001838639987
520	12481696	66.000664799131	0.000664799131
520	12482229	66.00079247913	0.00079247913
520	12482927	66.000944399125	0.000944399125
520	12485859	66.001838559133	0.001838559133
520	17855572	69.000664797852	0.000664797852
520	17856105	69.000792477851	0.000792477851
520	17856803	69.000944397846	0.000944397846
520	17859735	69.001838557853	0.001838557853
520	23229448	72.000664797267	0.000664797267
520	23229981	72.000792477266	0.000792477266
520	23230679	72.000944397261	0.000944397261
520	23233611	72.001838557269	0.001838557269
520	28603324	75.000664797267	0.000664797267
520	28603857	75.000792477266	0.000792477266
520	28604555	75.000944397261	0.000944397261
520	28607487	75.001838557269	0.001838557269
520	33977200	78.000664797267	0.000664797267
520	33977733	78.000792477266	0.000792477266
520	33978431	78.000944397261	0.000944397261
520	33981363	78.001838557269	0.001838557269
520	39351076	81.000664797267	0.000664797267
520	39351609	81.000792477266	0.000792477266
520	39352307	81.000944397261	0.000944397261
520	39355239	81.001838557269	0.001838557269
520	44724952	84.000664797267	0.000664797267
520	44725485	84.000792477266	0.000792477266
520	44726183	84.000944397261	0.000944397261
520	44729115	84.001838557269	0.001838557269
520	50098828	87.000664797267	0.000664797267
520	50099361	87.000792477266	0.000792477266
520	50100059	87.000944397261	0.000944397261
520	50102991	87.001838557269	0.001838557269
520	55547278	90.000661839989	0.000661839989
520	55548709	90.000921199984	0.000921199984
520	55550244	90.001196717263	0.001196717263
520	55554285	90.002338477269	0.002338477269
520	60925374	93.000913357258	0.000913357258
520	60926895	93.001158157248	0.001158157248
520	60927515	93.001227757246	0.001227757246
520	60930015	93.001839517246	0.001839517246
520	66300987	96.000894237267	0.000894237267
520	66302559	96.001160637262	0.001160637262
520	66303240	96.00123023726	0.00123023726
520	66305659	96.00184231726	0.00184231726
520	71676605	99.000894237267	0.000894237267
520	71678177	99.001160637262	0.001160637262
520	71678858	99.00123023726	0.00123023726
520	71681277	99.00184231726	0.00184231726
520	77052223	102.000894237267	0.000894237267
520	77053795	102.001160637262	0.001160637262
520	77054476	102.00123023726	0.00123023726
520	77056895	102.00184231726	0.00184231726
520	82427841	105.000894237267	0.000894237267
520	82429413	105.001160637262	0.001160637262
520	82430094	105.00123023726	0.00123023726
520	82432513	105.00184231726	0.00184231726
520	87803459	108.000894237267	0.000894237267
520	87805031	108.001160637262	0.001160637262
520	87805712	108.00123023726	0.00123023726
520	87808131	108.00184231726	0.00184231726
520	93179077	111.000894237267	0.000894237267
520	93180649	111.001160637262	0.001160637262
520	93181330	111.00123023726	0.00123023726
520	93183749	111.00184231726	0.00184231726
520	98554695	114.000894237267	0.000894237267
520	98556267	114.001160637262	0.001160637262
520	98556948	114.00123023726	0.00123023726
520	98559367	114.00184231726	0.00184231726
520	103930313	117.000894237267	0.000894237267
520	103931885	117.001160637262	0.001160637262
520	103932566	117.00123023726	0.00123023726
520	103934985	117.00184231726	0.00184231726
520	109308139	120.001198077255	0.001198077255
520	109308889	120.001267677253	0.001267677253
520	109310936	120.001654077263	0.001654077263
520	109313565	120.002185117231	0.002185117231
520	114682999	123.000637119998	0.000637119998
520	114686553	123.001417597268	0.001417597268
520	114689716	123.002160637262	0.002160637262
520	114693290	123.003160637262	0.003160637262
520	120061948	126.000737677266	0.000737677266
520	120063795	126.001209757261	0.001209757261
520	120066147	126.001667037238	0.001667037238
520	120068269	126.002154717227	0.002154717227
520	125437695	129.000637119998	0.000637119998
520	125440118	129.001204159986	0.001204159986
520	125444120	129.002153995829	0.002153995829
520	125444600	129.002223595827	0.002223595827
520	130814165	132.000637119998	0.000637119998
520	130816588	132.001204159986	0.001204159986
520	130820590	132.002153991533	0.002153991533
520	130821070	132.002223591531	0.002223591531
520	136190635	135.000637119998	0.000637119998
520	136193058	135.001204159986	0.001204159986
520	136197060	135.002153987237	0.002153987237
520	136197540	135.002223587235	0.002223587235
520	141567105	138.000637119998	0.000637119998
520	141569528	138.001204159986	0.001204159986
520	141573530	138.002153982941	0.002153982941
520	141574010	138.002223582939	0.002223582939
520	146943575	141.000637119998	0.000637119998
520	146945998	141.001204159986	0.001204159986
520	146950000	141.002153978781	0.002153978781
520	146950480	141.002223578779	0.002223578779
520	152320045	144.000637119998	0.000637119998
520	152322468	144.001204159986	0.001204159986
520	152326470	144.00215397592	0.00215397592
520	152326950	144.002223575918	0.002223575918
520	157696515	147.000637119998	0.000637119998
520	157698938	147.001204159986	0.001204159986
520	157702940	147.002153972779	0.002153972779
520	157703420	147.002223572777	0.002223572777
520	163072985	150.000637119998	0.000637119998
520	163075462	150.001204159986	0.001204159986
520	163079645	150.002153969563	0.002153969563
520	163080125	150.002223569561	0.002223569561
520	168453884	153.001341966356	0.001341966356
520	168455741	153.001671806349	0.001671806349
520	168458063	153.00214412634	0.00214412634
520	168460468	153.002660606344	0.002660606344
520	173832774	156.001306843111	0.001306843111
520	173832840	156.001328443107	0.001328443107
520	173836653	156.002152523132	0.002152523132
520	173838963	156.002654043131	0.002654043131
520	179209824	159.001225639906	0.001225639906
520	179210388	159.001304839904	0.001304839904
520	179214260	159.002151239883	0.002151239883
520	179216886	159.002662599877	0.002662599877
520	184587389	162.00122563669	0.00122563669
520	184587953	162.001304836688	0.001304836688
520	184591825	162.002151236667	0.002151236667
520	184594451	162.002662596661	0.002662596661
520	189964954	165.001225633474	0.001225633474
520	189965518	165.001304833472	0.001304833472
520	189969390	165.002151233451	0.002151233451
520	189972016	165.002662593445	0.002662593445
520	195342519	168.001225630257	0.001225630257
520	195343083	168.001304830255	0.001304830255
520	195346955	168.002151230234	0.002151230234
520	195349581	168.002662590228	0.002662590228
520	200720084	171.001225627042	0.001225627042
520	200720648	171.00130482704	0.00130482704
520	200724520	171.002151227019	0.002151227019
520	200727146	171.002662587013	0.002662587013
520	206097649	174.001225623825	0.001225623825
520	206098213	174.001304823823	0.001304823823
520	206102085	174.002151223802	0.002151223802
520	206104711	174.002662583796	0.002662583796
520	211475214	177.00122562061	0.00122562061
520	211475778	177.001304820608	0.001304820608
520	211479650	177.002151220587	0.002151220587
520	211482276	177.002662580581	0.002662580581
520	216852791	180.001225617394	0.001225617394
520	216853355	180.001304817392	0.001304817392
520	216857229	180.002151217371	0.002151217371
520	216859919	180.002662577365	0.002662577365
520	222231086	183.001242894157	0.001242894157
520	222231606	183.001322094155	0.001322094155
520	222236025	183.002146894192	0.002146894192
520	222238328	183.002660574185	0.002660574185
520	227610146	186.00121393095	0.00121393095
520	227612944	186.001682410918	0.001682410918
520	227613543	186.001761770916	0.001761770916
520	227617018	186.002666490953	0.002666490953
520	232988205	189.001225607745	0.001225607745
520	232988769	189.001304807743	0.001304807743
520	232992641	189.002151207722	0.002151207722
520	232995267	189.002662567716	0.002662567716
520	238365880	192.001229364511	0.001229364511
520	238366422	192.001308564509	0.001308564509
520	238370258	192.002148324489	0.002148324489
520	238372937	192.002659684483	0.002659684483
520	243743550	195.001229361295	0.001229361295
520	243744092	195.001308561293	0.001308561293
520	243747928	195.002148321273	0.002148321273
520	243750607	195.002659681267	0.002659681267
520	249121220	198.001229358079	0.001229358079
520	249121762	198.001308558077	0.001308558077
520	249125598	198.002148318057	0.002148318057
520	249128277	198.002659678051	0.002659678051
520	254498890	201.001229354863	0.001229354863
520	254499432	201.001308554861	0.001308554861
520	254503268	201.002148314841	0.002148314841
520	254505947	201.002659674835	0.002659674835
520	259876560	204.001229351646	0.001229351646
520	259877102	204.001308551644	0.001308551644
520	259880938	204.002148311624	0.002148311624
520	259883617	204.002659671618	0.002659671618
520	265254230	207.00122934843	0.00122934843
520	265254772	207.001308548428	0.001308548428
520	265258608	207.002148308408	0.002148308408
520	265261287	207.002659668402	0.002659668402
520	270631900	210.001229345214	0.001229345214
520	270632442	210.001308545212	0.001308545212
520	270636253	210.002148305192	0.002148305192
520	270638996	210.002659665186	0.002659665186
520	276009843	213.001275182014	0.001275182014
520	276010256	213.001380862008	0.001380862008
520	276016196	213.002641022026	0.002641022026
520	276018615	213.003181262013	0.003181262013
520	281389527	216.001296639951	0.001296639951
520	281389845	216.001375919949	0.001375919949
520	281395474	216.002640858669	0.002640858669
520	281397872	216.003179738652	0.003179738652
520	286768904	219.001288774829	0.001288774829
520	286769188	219.001368054827	0.001368054827
520	286774684	219.002689894842	0.002689894842
520	286774857	219.002710374841	0.002710374841
520	292146744	222.001275170922	0.001275170922
520	292147093	222.001380850916	0.001380850916
520	292152599	222.002692370931	0.002692370931
520	292154928	222.003185970921	0.003185970921
520	297524835	225.00127516686	0.00127516686
520	297525184	225.001380846854	0.001380846854
520	297530690	225.002692366869	0.002692366869
520	297533019	225.003185966859	0.003185966859
520	302902926	228.001275162745	0.001275162745
520	302903275	228.001380842739	0.001380842739
520	302908781	228.002692362753	0.002692362753
520	302911110	228.003185962743	0.003185962743
520	308281017	231.001275158601	0.001275158601
520	308281366	231.001380838595	0.001380838595
520	308286872	231.002692358611	0.002692358611
520	308289201	231.003185958601	0.003185958601
520	313659108	234.001275154458	0.001275154458
520	313659457	234.001380834452	0.001380834452
520	313664963	234.002692354467	0.002692354467
520	313667292	234.003185954457	0.003185954457
520	319037199	237.001275150315	0.001275150315
520	319037548	237.001380830309	0.001380830309
520	319043054	237.002692350324	0.002692350324
520	319045383	237.003185950314	0.003185950314
520	324415064	240.001268506172	0.001268506172
520	324415311	240.001374106166	0.001374106166
520	324423372	240.00316882617	0.00316882617
520	324423455	240.003189306169	0.003189306169
520	329793850	243.001282742003	0.001282742003
520	329794078	243.001362022001	0.001362022001
520	329800331	243.002689862039	0.002689862039
520	329800504	243.002710342038	0.002710342038
520	335173295	246.001284577874	0.001284577874
520	335173642	246.001396977867	0.001396977867
520	335179126	246.002692337893	0.002692337893
520	335181455	246.003185937883	0.003185937883
520	340552216	249.001274493736	0.001274493736
520	340552577	249.001393613728	0.001393613728
520	340558057	249.002693053745	0.002693053745
520	340558216	249.002713533744	0.002713533744
520	345930276	252.001275129597	0.001275129597
520	345930625	252.001380809591	0.001380809591
520	345936131	252.002692329606	0.002692329606
520	345938460	252.003185929596	0.003185929596
520	351308367	255.001275125454	0.001275125454
520	351308716	255.001380805448	0.001380805448
520	351314222	255.002692325463	0.002692325463
520	351316551	255.003185925453	0.003185925453
520	356686458	258.001275122669	0.001275122669
520	356686807	258.001380802663	0.001380802663
520	356692313	258.002692322679	0.002692322679
520	356694642	258.003185922669	0.003185922669
520	362064549	261.001275120561	0.001275120561
520	362064898	261.001380800555	0.001380800555
520	362070404	261.002692320571	0.002692320571
520	362072733	261.003185920561	0.003185920561
520	367442640	264.001275118454	0.001275118454
520	367442989	264.001380798448	0.001380798448
520	367448495	264.002692318464	0.002692318464
520	367450824	264.003185918454	0.003185918454
520	372820731	267.001275116346	0.001275116346
520	372821080	267.00138079634	0.00138079634
520	372826586	267.002692316356	0.002692316356
520	372828915	267.003185916346	0.003185916346
520	378198822	270.001275114239	0.001275114239
520	378199171	270.001380794233	0.001380794233
520	378204709	270.002692314249	0.002692314249
520	378207070	270.003185914239	0.003185914239
520	383576977	273.001275112132	0.001275112132
520	383577326	273.001380792126	0.001380792126
520	383583380	273.002692312141	0.002692312141
520	383585709	273.003185912131	0.003185912131
520	388955895	276.001275110024	0.001275110024
520	388956244	276.001380790018	0.001380790018
520	388961774	276.002640950037	0.002640950037
520	388964193	276.003181190024	0.003181190024
520	394334973	279.001270627897	0.001270627897
520	394335369	279.00138302789	0.00138302789
520	394340975	279.002650227921	0.002650227921
520	394343373	279.003187907916	0.003187907916
520	399714393	282.001288705808	0.001288705808
520	399714677	282.001367985806	0.001367985806
520	399720173	282.002689825822	0.002689825822
520	399720346	282.002710305821	0.002710305821
520	405092233	285.001275103702	0.001275103702
520	405092582	285.001380783696	0.001380783696
520	405098088	285.002692303712	0.002692303712
520	405100417	285.003185903702	0.003185903702
520	410470324	288.001275101595	0.001275101595
520	410470673	288.001380781589	0.001380781589
520	410476179	288.002692301605	0.002692301605
520	410478508	288.003185901595	0.003185901595
520	415848415	291.001275099487	0.001275099487
520	415848764	291.001380779481	0.001380779481
520	415854270	291.002692299497	0.002692299497
520	415856599	291.003185899487	0.003185899487
520	421226506	294.00127509738	0.00127509738
520	421226855	294.001380777374	0.001380777374
520	421232361	294.00269229739	0.00269229739
520	421234690	294.00318589738	0.00318589738
520	426604597	297.001275095272	0.001275095272
520	426604946	297.001380775266	0.001380775266
520	426610452	297.002692295282	0.002692295282
520	426612781	297.003185895272	0.003185895272
520	431982688	300.001275093165	0.001275093165
520	431983037	300.001380773159	0.001380773159
520	431988543	300.002692293175	0.002692293175
520	431990936	300.003185893165	0.003185893165
