vector 262  Topo.s1.open_Flow_Processing  droppedPkts:vector  ETV
4	17689	26.2	262
30	34486	52.4	262
56	51127	78.6	262
82	34487	52.4	262
105	17758	26.20021064	262
111	17752	26.20021064	262
132	21807	31.500469119994	262
138	21805	31.500469119994	262
159	34556	52.40021064	262
165	34550	52.40021064	262
240	262	0.100042199999	64
262	84814	106.000006759998	44
262	85979	107.000006759998	43
262	87152	108.000006759998	43
262	88324	109.000006759998	44
262	89489	110.000006759998	43
262	90662	111.000006759998	43
262	91834	112.000006759998	44
262	92999	113.000006759998	43
262	94172	114.000006759998	43
262	95344	115.000006759998	44
262	96509	116.000006759997	43
262	97682	117.000006759997	43
262	98854	118.000006759997	44
262	100019	119.000006759997	43
262	101202	120.000006759997	43
262	103316	121.000006759997	44
262	104513	122.000006759997	43
262	105686	123.000006759997	43
262	106858	124.000006759997	44
262	108119	125.000006759997	43
262	109630	126.000006759997	43
262	110802	127.000006759997	44
262	111967	128.000006759997	43
262	113140	129.000006759988	43
262	114312	130.000006759978	44
262	115477	131.000006759968	43
262	116650	132.000006759958	43
262	117822	133.000006759949	44
262	118987	134.000006759939	43
262	120170	135.000006759929	43
262	121394	136.000006759919	44
262	122591	137.000006759909	43
262	123764	138.000006759899	43
262	124936	139.00000675989	44
262	126101	140.00000675988	43
262	127274	141.000006759872	43
262	128446	142.000006759872	44
262	129611	143.000006759871	43
262	130784	144.000006759871	43
262	131956	145.000006759871	44
262	133121	146.000006759871	43
262	134294	147.000006759871	43
262	135466	148.000006759871	44
262	136631	149.000006759871	43
262	137814	150.000006759871	43
262	139038	151.000006759871	44
262	140331	152.000006759871	43
262	141504	153.000006759871	43
262	142676	154.000006759871	44
262	143841	155.000006759871	43
262	145014	156.000006759871	43
262	146588	157.000006759871	44
262	147753	158.000006759871	43
262	148926	159.000006759871	43
262	150098	160.000006759871	44
262	151263	161.000006759871	43
262	152436	162.000006759871	43
262	153608	163.000006759871	44
262	154773	164.000006759871	43
262	155956	165.00000675987	43
262	157180	166.00000675987	44
262	158345	167.00000675987	43
262	159518	168.00000675987	43
262	160690	169.00000675987	44
262	161855	170.00000675987	43
262	163028	171.00000675987	43
262	164200	172.00000675987	44
262	165365	173.00000675987	43
262	166538	174.00000675987	43
262	167710	175.00000675987	44
262	168875	176.00000675987	43
262	170048	177.00000675987	43
262	171220	178.00000675987	44
262	172385	179.00000675987	43
262	173568	180.00000675987	43
262	174792	181.00000675987	44
262	175957	182.00000675987	43
262	177130	183.00000675987	43
262	178302	184.00000675987	44
262	179467	185.00000675987	43
262	180640	186.00000675987	43
262	181812	187.000006759869	44
262	183379	188.000006759869	43
262	184552	189.000006759869	43
262	185724	190.000006759869	44
262	186889	191.000006759869	43
262	188062	192.000006759869	43
262	189234	193.000006759869	44
262	190399	194.000006759869	43
262	191582	195.000006759869	43
262	192806	196.000006759869	44
262	193971	197.000006759869	43
262	195144	198.000006759869	43
262	196316	199.000006759869	44
262	197481	200.000006759869	43
262	198654	201.000006759869	43
262	199826	202.000006759869	44
262	200991	203.000006759869	43
262	202164	204.000006759869	43
262	203336	205.000006759869	44
262	204501	206.000006759869	43
262	205674	207.000006759869	43
262	206846	208.000006759869	44
262	208011	209.000006759868	43
262	209194	210.000006759868	43
262	210418	211.000006759868	44
262	211583	212.000006759868	43
262	212756	213.000006759868	43
262	213928	214.000006759868	44
262	215093	215.000006759868	43
262	216266	216.000006759868	43
262	217438	217.000006759868	44
262	218603	218.000006759868	43
262	220178	219.000006759868	43
262	221350	220.000006759868	44
262	222515	221.000006759868	43
262	223688	222.000006759868	43
262	224860	223.000006759868	44
262	226025	224.000006759868	43
262	227208	225.000006759868	43
262	228432	226.000006759868	44
262	229597	227.000006759868	43
262	230770	228.000006759868	43
262	231942	229.000006759868	44
262	233107	230.000006759868	43
262	234280	231.000006759867	43
262	235452	232.000006759867	44
262	236617	233.000006759867	43
262	237790	234.000006759867	43
262	238962	235.000006759867	44
262	240127	236.000006759867	43
262	241300	237.000006759867	43
262	242472	238.000006759867	44
262	243637	239.000006759867	43
262	244820	240.000006759867	43
262	246934	241.000006759867	44
262	248099	242.000006759867	43
262	249272	243.000006759867	43
262	250444	244.000006759867	44
262	251609	245.000006759867	43
262	252782	246.000006759867	43
262	253954	247.000006759867	44
262	255119	248.000006759867	43
262	256292	249.000006759867	43
