133	2406	1.00021064	8
133	3004	2.00021064	8
133	3618	3.00021064	8
133	4226	4.00021064	9
133	4824	5.00021064	8
133	5438	6.00021064	8
133	6046	7.00021064	9
133	6644	8.00021064	8
133	7258	9.00021064	8
133	7866	10.00021064	9
133	8464	11.00021064	8
133	9078	12.00021064	8
133	9686	13.00021064	9
133	10284	14.00021064	8
133	10960	15.00021064	8
133	11568	16.00021064	9
133	12166	17.00021064	8
133	12780	18.00021064	8
133	13388	19.00021064	9
133	13986	20.00021064	8
133	14600	21.00021064	8
133	15208	22.00021064	9
133	15806	23.00021064	8
133	16420	24.00021064	8
133	17028	25.00021064	9
133	17626	26.00021064	8
133	18240	27.00021064	8
133	18848	28.00021064	9
133	19446	29.00021064	8
133	20122	30.00021064	8
133	20730	31.00021064	9
133	22117	32.00021064	8
133	22731	33.00021064	8
133	23339	34.00021064	9
133	23937	35.00021064	8
133	24551	36.00021064	8
133	25159	37.00021064	9
133	25757	38.00021064	8
133	26371	39.00021064	8
133	26979	40.00021064	9
133	27577	41.00021064	8
133	28191	42.00021064	8
133	28799	43.00021064	9
133	29397	44.00021064	8
133	30073	45.00021064	8
133	30681	46.00021064	9
133	31279	47.00021064	8
133	31893	48.00021064	8
133	32501	49.00021064	9
133	33099	50.00021064	8
133	33713	51.00021064	8
133	34321	52.00021064	9
133	34919	53.00021064	8
133	35533	54.00021064	8
133	36141	55.00021064	9
133	36739	56.00021064	8
133	37353	57.00021064	8
133	37961	58.00021064	9
133	38559	59.00021064	8
133	39235	60.00021064	8
133	39843	61.00021064	9
133	40441	62.00021064	8
133	41684	63.00021064	8
133	42292	64.00021064	9
133	42890	65.00021064	8
133	43504	66.00021064	8
133	44112	67.00021064	9
133	44710	68.00021064	8
133	45324	69.00021064	8
133	45932	70.00021064	9
133	46530	71.00021064	8
133	47144	72.00021064	8
133	47752	73.00021064	9
133	48350	74.00021064	8
133	49026	75.00021064	8
133	49634	76.00021064	9
133	50232	77.00021064	8
133	50846	78.00021064	8
133	51454	79.00021064	9
133	52052	80.00021064	8
133	52666	81.00021064	8
133	53274	82.00021064	9
133	53872	83.00021064	8
133	54486	84.00021064	8
133	55094	85.00021064	9
133	55692	86.00021064	8
133	56306	87.00021064	8
133	56914	88.00021064	9
133	57512	89.00021064	8
133	58223	90.000043279999	8
133	59878	91.000013519999	49
133	61516	92.000013519999	48
133	63163	93.000013519999	48
133	65447	94.000013519998	49
133	67085	95.000013519998	48
133	68732	96.000013519998	48
133	70387	97.000013519998	49
133	72025	98.000013519998	48
133	73672	99.000013519998	48
133	75327	100.000013519998	49
133	76965	101.000013519998	48
133	78612	102.000013519998	48
133	80267	103.000013519998	49
133	81905	104.000013519998	48
133	83584	105.000013519998	48
133	84864	106.00021064	6
133	86029	107.00021064	5
133	87209	108.00021064	5
133	88374	109.00021064	5
133	89539	110.00021064	5
133	90719	111.00021064	5
133	91884	112.00021064	5
133	93049	113.00021064	5
133	94229	114.00021064	5
133	95394	115.00021064	5
133	96559	116.00021064	5
133	97739	117.00021064	5
133	98904	118.00021064	5
133	100069	119.00021064	5
133	101333	120.00021064	5
133	103398	121.00021064	5
133	104563	122.00021064	5
133	105743	123.00021064	5
133	106908	124.00021064	5
133	108499	125.000609759992	5
133	109687	126.00021064	5
133	110852	127.00021064	5
133	112017	128.00021064	5
133	113197	129.00021064	5
133	114362	130.00021064	5
133	115527	131.00021064	5
133	116707	132.00021064	5
133	117872	133.00021064	5
133	119037	134.00021064	5
133	120279	135.00021064	5
133	121476	136.00021064	5
133	122641	137.00021064	5
133	123821	138.00021064	5
133	124986	139.00021064	5
133	126151	140.00021064	5
133	127331	141.00021064	5
133	128496	142.00021064	5
133	129661	143.00021064	5
133	130841	144.00021064	5
133	132006	145.00021064	5
133	133171	146.00021064	5
133	134351	147.00021064	5
133	135516	148.00021064	5
133	136681	149.00021064	5
133	137923	150.00021064	5
133	139088	151.00021064	5
133	140381	152.00021064	5
133	141561	153.00021064	5
133	142726	154.00021064	5
133	143891	155.00021064	5
133	145071	156.00021064	5
133	146638	157.00021064	5
133	147803	158.00021064	5
133	148983	159.00021064	5
133	150148	160.00021064	5
133	151313	161.00021064	5
133	152493	162.00021064	5
133	153658	163.00021064	5
133	154823	164.00021064	5
133	156065	165.00021064	5
133	157230	166.00021064	5
133	158395	167.00021064	5
133	159575	168.00021064	5
133	160740	169.00021064	5
133	161905	170.00021064	5
133	163085	171.00021064	5
133	164250	172.00021064	5
133	165415	173.00021064	5
133	166595	174.00021064	5
133	167760	175.00021064	5
133	168925	176.00021064	5
133	170105	177.00021064	5
133	171270	178.00021064	5
133	172435	179.00021064	5
133	173677	180.00021064	5
133	174842	181.00021064	5
133	176007	182.00021064	5
133	177187	183.00021064	5
133	178352	184.00021064	5
133	179517	185.00021064	5
133	180697	186.00021064	5
133	181862	187.00021064	5
133	183429	188.00021064	5
133	184609	189.00021064	5
133	185774	190.00021064	5
133	186939	191.00021064	5
133	188119	192.00021064	5
133	189284	193.00021064	5
133	190449	194.00021064	5
133	191691	195.00021064	5
133	192856	196.00021064	5
133	194021	197.00021064	5
133	195201	198.00021064	5
133	196366	199.00021064	5
133	197531	200.00021064	5
133	198711	201.00021064	5
133	199876	202.00021064	5
133	201041	203.00021064	5
133	202221	204.00021064	5
133	203386	205.00021064	5
133	204551	206.00021064	5
133	205731	207.00021064	5
133	206896	208.00021064	5
133	208061	209.00021064	5
133	209303	210.00021064	5
133	210468	211.00021064	5
133	211633	212.00021064	5
133	212813	213.00021064	5
133	213978	214.00021064	5
133	215143	215.00021064	5
133	216323	216.00021064	5
133	217488	217.00021064	5
133	218653	218.00021064	5
133	220235	219.00021064	5
133	221400	220.00021064	5
133	222565	221.00021064	5
133	223745	222.00021064	5
133	224910	223.00021064	5
133	226075	224.00021064	5
133	227317	225.00021064	5
133	228482	226.00021064	5
133	229647	227.00021064	5
133	230827	228.00021064	5
133	231992	229.00021064	5
133	233157	230.00021064	5
133	234337	231.00021064	5
133	235502	232.00021064	5
133	236667	233.00021064	5
133	237847	234.00021064	5
133	239012	235.00021064	5
133	240177	236.00021064	5
133	241357	237.00021064	5
133	242522	238.00021064	5
133	243687	239.00021064	5
133	244929	240.00021064	5
133	246984	241.00021064	5
133	248149	242.00021064	5
133	249329	243.00021064	5
133	250494	244.00021064	5
133	251659	245.00021064	5
133	252839	246.00021064	5
133	254004	247.00021064	5
133	255169	248.00021064	5
133	256349	249.00021064	5
