3.000009896	43.2406480061	100
6.000009896	42.289222407	100
9.000009896	39.8714808144	100
12.000009896	43.9368714326	100
15.000009896	35.3291936142	100
18.000009896	39.3145669868	100
21.000009896	43.1388095288	100
24.000009896	36.2163300552	100
27.000009896	39.8982651208	100
30.000009896	41.9718607626	100
33.000009896	38.4728394088	100
36.000009896	39.5763835365	100
39.000009896	39.5396968101	100
42.000009896	36.2104284368	100
45.000009896	40.4891021744	100
48.000009896	39.4900126199	100
51.000009896	38.7183104665	100
54.000009896	39.6615790297	100
57.000009896	40.384004034	100
60.000009896	84.1399765411	100
63.000009896	43.7117002225	100
66.000009896	39.6774087779	100
69.000009896	40.8671028286	100
72.000009896	39.1663479546	100
75.000009896	35.6847228658	100
78.000009896	38.7831344616	100
81.000009896	38.6360330045	100
84.000009896	44.5698994564	100
87.000009896	36.2408237942	100
90.000009896	37.8433655285	100
93.000009896	37.2381630679	100
96.000009896	36.4513365281	100
99.000009896	36.1549979356	100
102.000009896	41.3572810387	100
105.000009896	38.8154328278	100
108.000009896	39.5413363479	100
111.000009896	40.0687341106	100
114.000009896	35.7954483716	100
117.000009896	44.2421428613	100
120.000009896	37.9057937431	100
123.000028016	35.1236782015	100
126.000009896	41.5488770302	100
129.000009896	32.0511484835	100
132.000009896	40.630213877	100
135.000009896	36.261056632	100
138.000009896	42.0147707995	100
141.000009896	41.2582401573	100
144.000009896	39.3509826007	100
147.000009896	38.2962047063	100
150.000009896	40.9152776401	100
153.000009896	37.8359538388	100
156.000009896	41.5934845029	100
159.000009896	39.6168397414	100
162.000009896	39.4485545442	100
165.000009896	44.0830568698	100
168.000009896	41.3721751343	100
171.000009896	38.0790605102	100
174.000009896	36.1794805423	100
177.000009896	38.088707996	100
180.000009896	34.6001235233	100
183.000009896	43.5616410496	100
186.000009896	35.7185253227	100
189.000009896	37.7632081123	100
192.000009896	35.7818952039	100
195.000009896	41.1969388098	100
198.000009896	39.9933955904	100
201.000009896	39.3115765461	100
204.000009896	41.5692684804	100
207.000009896	39.7824032674	100
210.000009896	40.6155787733	100
213.000009896	34.2637221124	100
216.000009896	39.4275549342	100
219.000009896	36.9070774197	100
222.000009896	41.4353373527	100
225.000009896	38.8059504101	100
228.000009896	38.9751563196	100
231.000009896	43.2991696256	100
234.000009896	43.1937985107	100
237.000009896	44.3630592023	100
240.000009896	38.2438360119	100
243.000009896	39.5605882659	100
246.000028016	38.9949926031	100
249.000009896	39.6534935979	100
252.000009896	39.7404812599	100
255.000009896	36.9880682983	100
258.000009896	41.9668362025	100
261.000009896	40.3602325136	100
264.000009896	38.6404518848	100
267.000009896	37.7090303827	100
270.000009896	36.7517333005	100
273.000009896	41.3195826087	100
276.000009896	40.4419162968	100
279.000009896	36.1746168289	100
282.000009896	40.6158831931	100
285.000009896	36.8702406168	100
288.000009896	37.8540789666	100
291.000009896	41.9866122646	100
294.000009896	37.5990266436	100
297.000009896	42.4066794332	100
300.000009896	37.9459009962	100

