520	4601	3.000530879999	0.000530879999
520	4787	3.000600479997	0.000600479997
520	4926	3.000670079995	0.000670079995
520	5048	3.000739679993	0.000739679993
520	5895	6.000530879999	0.000530879999
520	6081	6.000600479997	0.000600479997
520	6220	6.000670079995	0.000670079995
520	6342	6.000739679993	0.000739679993
520	7189	9.000530879999	0.000530879999
520	7375	9.000600479997	0.000600479997
520	7514	9.000670079995	0.000670079995
520	7636	9.000739679993	0.000739679993
520	8483	12.000530879999	0.000530879999
520	8669	12.000600479997	0.000600479997
520	8808	12.000670079995	0.000670079995
520	8930	12.000739679993	0.000739679993
520	9777	15.000530879999	0.000530879999
520	9963	15.000600479997	0.000600479997
520	10102	15.000670079995	0.000670079995
520	10224	15.000739679993	0.000739679993
520	11071	18.000530879999	0.000530879999
520	11257	18.000600479997	0.000600479997
520	11396	18.000670079995	0.000670079995
520	11518	18.000739679993	0.000739679993
520	12365	21.000530879999	0.000530879999
520	12551	21.000600479997	0.000600479997
520	12690	21.000670079995	0.000670079995
520	12812	21.000739679993	0.000739679993
520	13659	24.000530879999	0.000530879999
520	13845	24.000600479997	0.000600479997
520	13984	24.000670079995	0.000670079995
520	14106	24.000739679993	0.000739679993
520	14953	27.000530879999	0.000530879999
520	15139	27.000600479997	0.000600479997
520	15278	27.000670079995	0.000670079995
520	15400	27.000739679993	0.000739679993
520	16247	30.000530879999	0.000530879999
520	16433	30.000600479997	0.000600479997
520	16572	30.000670079995	0.000670079995
520	16694	30.000739679993	0.000739679993
520	17541	33.000530879999	0.000530879999
520	17727	33.000600479997	0.000600479997
520	17866	33.000670079995	0.000670079995
520	17988	33.000739679993	0.000739679993
520	18835	36.000530879999	0.000530879999
520	19021	36.000600479997	0.000600479997
520	19160	36.000670079995	0.000670079995
520	19282	36.000739679993	0.000739679993
520	20129	39.000530879999	0.000530879999
520	20315	39.000600479997	0.000600479997
520	20454	39.000670079995	0.000670079995
520	20576	39.000739679993	0.000739679993
520	21423	42.000530879999	0.000530879999
520	21609	42.000600479997	0.000600479997
520	21748	42.000670079995	0.000670079995
520	21870	42.000739679993	0.000739679993
520	22717	45.000530879999	0.000530879999
520	22903	45.000600479997	0.000600479997
520	23042	45.000670079995	0.000670079995
520	23164	45.000739679993	0.000739679993
520	24011	48.000530879999	0.000530879999
520	24197	48.000600479997	0.000600479997
520	24336	48.000670079995	0.000670079995
520	24458	48.000739679993	0.000739679993
520	25305	51.000530879999	0.000530879999
520	25491	51.000600479997	0.000600479997
520	25630	51.000670079995	0.000670079995
520	25752	51.000739679993	0.000739679993
520	26599	54.000530879999	0.000530879999
520	26785	54.000600479997	0.000600479997
520	26924	54.000670079995	0.000670079995
520	27046	54.000739679993	0.000739679993
520	27893	57.000530879999	0.000530879999
520	28079	57.000600479997	0.000600479997
520	28218	57.000670079995	0.000670079995
520	28340	57.000739679993	0.000739679993
520	32908	60.000831679992	0.000831679992
520	33103	60.00090127999	0.00090127999
520	33254	60.000970879988	0.000970879988
520	33376	60.001040479986	0.001040479986
520	34223	63.000530879999	0.000530879999
520	34409	63.000600479997	0.000600479997
520	34548	63.000670079995	0.000670079995
520	34670	63.000739679993	0.000739679993
520	35517	66.000530879999	0.000530879999
520	35703	66.000600479997	0.000600479997
520	35842	66.000670079995	0.000670079995
520	35964	66.000739679993	0.000739679993
520	36811	69.000530879999	0.000530879999
520	36997	69.000600479997	0.000600479997
520	37136	69.000670079995	0.000670079995
520	37258	69.000739679993	0.000739679993
520	38105	72.000530879999	0.000530879999
520	38291	72.000600479997	0.000600479997
520	38430	72.000670079995	0.000670079995
520	38552	72.000739679993	0.000739679993
520	39399	75.000530879999	0.000530879999
520	39585	75.000600479997	0.000600479997
520	39724	75.000670079995	0.000670079995
520	39846	75.000739679993	0.000739679993
520	40693	78.000530879999	0.000530879999
520	40879	78.000600479997	0.000600479997
520	41018	78.000670079995	0.000670079995
520	41140	78.000739679993	0.000739679993
520	41987	81.000530879999	0.000530879999
520	42173	81.000600479997	0.000600479997
520	42312	81.000670079995	0.000670079995
520	42434	81.000739679993	0.000739679993
520	43281	84.000530879999	0.000530879999
520	43467	84.000600479997	0.000600479997
520	43606	84.000670079995	0.000670079995
520	43728	84.000739679993	0.000739679993
520	44575	87.000530879999	0.000530879999
520	44761	87.000600479997	0.000600479997
520	44900	87.000670079995	0.000670079995
520	45022	87.000739679993	0.000739679993
520	46358	90.000530879999	0.000530879999
520	46544	90.000600479997	0.000600479997
520	46683	90.000670079995	0.000670079995
520	46805	90.000739679993	0.000739679993
520	47653	93.000530879999	0.000530879999
520	47839	93.000600479997	0.000600479997
520	47978	93.000670079995	0.000670079995
520	48100	93.000739679993	0.000739679993
520	48947	96.000530879999	0.000530879999
520	49133	96.000600479997	0.000600479997
520	49272	96.000670079995	0.000670079995
520	49394	96.000739679993	0.000739679993
520	50241	99.000530879999	0.000530879999
520	50427	99.000600479997	0.000600479997
520	50566	99.000670079995	0.000670079995
520	50688	99.000739679993	0.000739679993
520	51535	102.000530879999	0.000530879999
520	51721	102.000600479997	0.000600479997
520	51860	102.000670079995	0.000670079995
520	51982	102.000739679993	0.000739679993
520	52829	105.000530879999	0.000530879999
520	53015	105.000600479997	0.000600479997
520	53154	105.000670079995	0.000670079995
520	53276	105.000739679993	0.000739679993
520	54123	108.000530879999	0.000530879999
520	54309	108.000600479997	0.000600479997
520	54448	108.000670079995	0.000670079995
520	54570	108.000739679993	0.000739679993
520	55417	111.000530879999	0.000530879999
520	55603	111.000600479997	0.000600479997
520	55742	111.000670079995	0.000670079995
520	55864	111.000739679993	0.000739679993
520	56711	114.000530879999	0.000530879999
520	56897	114.000600479997	0.000600479997
520	57036	114.000670079995	0.000670079995
520	57158	114.000739679993	0.000739679993
520	58005	117.000530879999	0.000530879999
520	58191	117.000600479997	0.000600479997
520	58330	117.000670079995	0.000670079995
520	58452	117.000739679993	0.000739679993
520	63335	120.001149679982	0.001149679982
520	63466	120.00121927998	0.00121927998
520	63588	120.001288879978	0.001288879978
520	63650	120.001309359977	0.001309359977
520	64497	123.000530879999	0.000530879999
520	64683	123.000600479997	0.000600479997
520	64822	123.000670079995	0.000670079995
520	64944	123.000739679993	0.000739679993
520	65791	126.000530879999	0.000530879999
520	65977	126.000600479997	0.000600479997
520	66116	126.000670079995	0.000670079995
520	66238	126.000739679993	0.000739679993
520	67085	129.000530879999	0.000530879999
520	67271	129.000600479997	0.000600479997
520	67410	129.000670079995	0.000670079995
520	67532	129.000739679993	0.000739679993
520	68379	132.000530879999	0.000530879999
520	68565	132.000600479997	0.000600479997
520	68704	132.000670079995	0.000670079995
520	68826	132.000739679993	0.000739679993
520	69673	135.000530879999	0.000530879999
520	69859	135.000600479997	0.000600479997
520	69998	135.000670079995	0.000670079995
520	70120	135.000739679993	0.000739679993
520	70967	138.000530879999	0.000530879999
520	71153	138.000600479997	0.000600479997
520	71292	138.000670079995	0.000670079995
520	71414	138.000739679993	0.000739679993
520	72261	141.000530879999	0.000530879999
520	72447	141.000600479997	0.000600479997
520	72586	141.000670079995	0.000670079995
520	72708	141.000739679993	0.000739679993
520	73555	144.000530879999	0.000530879999
520	73741	144.000600479997	0.000600479997
520	73880	144.000670079995	0.000670079995
520	74002	144.000739679993	0.000739679993
520	74849	147.000530879999	0.000530879999
520	75035	147.000600479997	0.000600479997
520	75174	147.000670079995	0.000670079995
520	75296	147.000739679993	0.000739679993
520	76143	150.000530879999	0.000530879999
520	76329	150.000600479997	0.000600479997
520	76468	150.000670079995	0.000670079995
520	76590	150.000739679993	0.000739679993
520	77437	153.000530879999	0.000530879999
520	77623	153.000600479997	0.000600479997
520	77762	153.000670079995	0.000670079995
520	77884	153.000739679993	0.000739679993
520	78731	156.000530879999	0.000530879999
520	78917	156.000600479997	0.000600479997
520	79056	156.000670079995	0.000670079995
520	79178	156.000739679993	0.000739679993
520	80025	159.000530879999	0.000530879999
520	80211	159.000600479997	0.000600479997
520	80350	159.000670079995	0.000670079995
520	80472	159.000739679993	0.000739679993
520	81319	162.000530879999	0.000530879999
520	81505	162.000600479997	0.000600479997
520	81644	162.000670079995	0.000670079995
520	81766	162.000739679993	0.000739679993
520	82613	165.000530879999	0.000530879999
520	82799	165.000600479997	0.000600479997
520	82938	165.000670079995	0.000670079995
520	83060	165.000739679993	0.000739679993
520	83907	168.000530879999	0.000530879999
520	84093	168.000600479997	0.000600479997
520	84232	168.000670079995	0.000670079995
520	84354	168.000739679993	0.000739679993
520	85201	171.000530879999	0.000530879999
520	85387	171.000600479997	0.000600479997
520	85526	171.000670079995	0.000670079995
520	85648	171.000739679993	0.000739679993
520	86495	174.000530879999	0.000530879999
520	86681	174.000600479997	0.000600479997
520	86820	174.000670079995	0.000670079995
520	86942	174.000739679993	0.000739679993
520	87789	177.000530879999	0.000530879999
520	87975	177.000600479997	0.000600479997
520	88114	177.000670079995	0.000670079995
520	88236	177.000739679993	0.000739679993
520	89147	180.000530879999	0.000530879999
520	89343	180.000600479997	0.000600479997
520	90391	180.000871279992	0.000871279992
520	90936	180.00094087999	0.00094087999
520	93335	183.000791839995	0.000791839995
520	93582	183.000910559992	0.000910559992
520	93644	183.000931039991	0.000931039991
520	93766	183.001000639989	0.001000639989
520	94613	186.000530879999	0.000530879999
520	94799	186.000600479997	0.000600479997
520	94938	186.000670079995	0.000670079995
520	95060	186.000739679993	0.000739679993
520	95907	189.000530879999	0.000530879999
520	96093	189.000600479997	0.000600479997
520	96232	189.000670079995	0.000670079995
520	96354	189.000739679993	0.000739679993
520	97201	192.000530879999	0.000530879999
520	97387	192.000600479997	0.000600479997
520	97526	192.000670079995	0.000670079995
520	97648	192.000739679993	0.000739679993
520	98495	195.000530879999	0.000530879999
520	98681	195.000600479997	0.000600479997
520	98820	195.000670079995	0.000670079995
520	98942	195.000739679993	0.000739679993
520	99789	198.000530879999	0.000530879999
520	99975	198.000600479997	0.000600479997
520	100114	198.000670079995	0.000670079995
520	100236	198.000739679993	0.000739679993
520	101083	201.000530879999	0.000530879999
520	101269	201.000600479997	0.000600479997
520	101408	201.000670079995	0.000670079995
520	101530	201.000739679993	0.000739679993
520	102377	204.000530879999	0.000530879999
520	102563	204.000600479997	0.000600479997
520	102702	204.000670079995	0.000670079995
520	102824	204.000739679993	0.000739679993
520	103671	207.000530879999	0.000530879999
520	103857	207.000600479997	0.000600479997
520	103996	207.000670079995	0.000670079995
520	104118	207.000739679993	0.000739679993
520	104965	210.000530879999	0.000530879999
520	105151	210.000600479997	0.000600479997
520	105290	210.000670079995	0.000670079995
520	105412	210.000739679993	0.000739679993
520	106259	213.000530879999	0.000530879999
520	106445	213.000600479997	0.000600479997
520	106584	213.000670079995	0.000670079995
520	106706	213.000739679993	0.000739679993
520	107553	216.000530879999	0.000530879999
520	107739	216.000600479997	0.000600479997
520	107878	216.000670079995	0.000670079995
520	108000	216.000739679993	0.000739679993
520	108847	219.000530879999	0.000530879999
520	109033	219.000600479997	0.000600479997
520	109172	219.000670079995	0.000670079995
520	109294	219.000739679993	0.000739679993
520	110141	222.000530879999	0.000530879999
520	110327	222.000600479997	0.000600479997
520	110466	222.000670079995	0.000670079995
520	110588	222.000739679993	0.000739679993
520	111435	225.000530879999	0.000530879999
520	111621	225.000600479997	0.000600479997
520	111760	225.000670079995	0.000670079995
520	111882	225.000739679993	0.000739679993
520	112729	228.000530879999	0.000530879999
520	112915	228.000600479997	0.000600479997
520	113054	228.000670079995	0.000670079995
520	113176	228.000739679993	0.000739679993
520	114023	231.000530879999	0.000530879999
520	114209	231.000600479997	0.000600479997
520	114348	231.000670079995	0.000670079995
520	114470	231.000739679993	0.000739679993
520	115317	234.000530879999	0.000530879999
520	115503	234.000600479997	0.000600479997
520	115642	234.000670079995	0.000670079995
520	115764	234.000739679993	0.000739679993
520	116611	237.000530879999	0.000530879999
520	116797	237.000600479997	0.000600479997
520	116936	237.000670079995	0.000670079995
520	117058	237.000739679993	0.000739679993
520	117905	240.000530879999	0.000530879999
520	118091	240.000600479997	0.000600479997
520	118318	240.000670079995	0.000670079995
520	118414	240.000739679993	0.000739679993
520	123551	243.000880799991	0.000880799991
520	124073	243.000979359989	0.000979359989
520	124231	243.001048959987	0.001048959987
520	124353	243.001118559985	0.001118559985
520	125200	246.000530879999	0.000530879999
520	125386	246.000600479997	0.000600479997
520	125525	246.000670079995	0.000670079995
520	125647	246.000739679993	0.000739679993
520	126494	249.000530879999	0.000530879999
520	126680	249.000600479997	0.000600479997
520	126819	249.000670079995	0.000670079995
520	126941	249.000739679993	0.000739679993
520	127788	252.000530879999	0.000530879999
520	127974	252.000600479997	0.000600479997
520	128113	252.000670079995	0.000670079995
520	128235	252.000739679993	0.000739679993
520	129082	255.000530879999	0.000530879999
520	129268	255.000600479997	0.000600479997
520	129407	255.000670079995	0.000670079995
520	129529	255.000739679993	0.000739679993
520	130376	258.000530879999	0.000530879999
520	130562	258.000600479997	0.000600479997
520	130701	258.000670079995	0.000670079995
520	130823	258.000739679993	0.000739679993
520	131670	261.000530879999	0.000530879999
520	131856	261.000600479997	0.000600479997
520	131995	261.000670079995	0.000670079995
520	132117	261.000739679993	0.000739679993
520	132964	264.000530879999	0.000530879999
520	133150	264.000600479997	0.000600479997
520	133289	264.000670079995	0.000670079995
520	133411	264.000739679993	0.000739679993
520	134258	267.000530879999	0.000530879999
520	134444	267.000600479997	0.000600479997
520	134583	267.000670079995	0.000670079995
520	134705	267.000739679993	0.000739679993
520	135552	270.000530879999	0.000530879999
520	135738	270.000600479997	0.000600479997
520	135877	270.000670079995	0.000670079995
520	135999	270.000739679993	0.000739679993
520	136846	273.000530879999	0.000530879999
520	137032	273.000600479997	0.000600479997
520	137171	273.000670079995	0.000670079995
520	137293	273.000739679993	0.000739679993
520	138140	276.000530879999	0.000530879999
520	138326	276.000600479997	0.000600479997
520	138465	276.000670079995	0.000670079995
520	138587	276.000739679993	0.000739679993
520	139434	279.000530879999	0.000530879999
520	139620	279.000600479997	0.000600479997
520	139759	279.000670079995	0.000670079995
520	139881	279.000739679993	0.000739679993
520	140728	282.000530879999	0.000530879999
520	140914	282.000600479997	0.000600479997
520	141053	282.000670079995	0.000670079995
520	141175	282.000739679993	0.000739679993
520	142022	285.000530879999	0.000530879999
520	142208	285.000600479997	0.000600479997
520	142347	285.000670079995	0.000670079995
520	142469	285.000739679993	0.000739679993
520	143316	288.000530879999	0.000530879999
520	143502	288.000600479997	0.000600479997
520	143641	288.000670079995	0.000670079995
520	143763	288.000739679993	0.000739679993
520	144610	291.000530879999	0.000530879999
520	144796	291.000600479997	0.000600479997
520	144935	291.000670079995	0.000670079995
520	145057	291.000739679993	0.000739679993
520	145904	294.000530879999	0.000530879999
520	146090	294.000600479997	0.000600479997
520	146229	294.000670079995	0.000670079995
520	146351	294.000739679993	0.000739679993
520	147198	297.000530879999	0.000530879999
520	147384	297.000600479997	0.000600479997
520	147523	297.000670079995	0.000670079995
520	147645	297.000739679993	0.000739679993
520	148492	300.000530879999	0.000530879999
520	148678	300.000600479997	0.000600479997
520	148817	300.000670079995	0.000670079995
520	148939	300.000739679993	0.000739679993
