512	4631	3.000545879999	0.000545879999
512	4792	3.000615479997	0.000615479997
512	4931	3.000685079995	0.000685079995
512	5053	3.000754679993	0.000754679993
512	5925	6.000545879999	0.000545879999
512	6086	6.000615479997	0.000615479997
512	6225	6.000685079995	0.000685079995
512	6347	6.000754679993	0.000754679993
512	7219	9.000545879999	0.000545879999
512	7380	9.000615479997	0.000615479997
512	7519	9.000685079995	0.000685079995
512	7641	9.000754679993	0.000754679993
512	10763	12.000648679994	0.000648679994
512	10963	12.000729559995	0.000729559995
512	11119	12.000799159993	0.000799159993
512	11241	12.000868759991	0.000868759991
512	12113	15.000545879999	0.000545879999
512	12274	15.000615479997	0.000615479997
512	12413	15.000685079995	0.000685079995
512	12535	15.000754679993	0.000754679993
512	13407	18.000545879999	0.000545879999
512	13568	18.000615479997	0.000615479997
512	13707	18.000685079995	0.000685079995
512	13829	18.000754679993	0.000754679993
512	14701	21.000545879999	0.000545879999
512	14862	21.000615479997	0.000615479997
512	15001	21.000685079995	0.000685079995
512	15123	21.000754679993	0.000754679993
512	18047	24.000648679994	0.000648679994
512	18247	24.000729559995	0.000729559995
512	18403	24.000799159993	0.000799159993
512	18525	24.000868759991	0.000868759991
512	19397	27.000545879999	0.000545879999
512	19558	27.000615479997	0.000615479997
512	19697	27.000685079995	0.000685079995
512	19819	27.000754679993	0.000754679993
512	20691	30.000545879999	0.000545879999
512	20852	30.000615479997	0.000615479997
512	20991	30.000685079995	0.000685079995
512	21113	30.000754679993	0.000754679993
512	21985	33.000545879999	0.000545879999
512	22146	33.000615479997	0.000615479997
512	22285	33.000685079995	0.000685079995
512	22407	33.000754679993	0.000754679993
512	25331	36.000648679994	0.000648679994
512	25531	36.000729559995	0.000729559995
512	25687	36.000799159993	0.000799159993
512	25809	36.000868759991	0.000868759991
512	26681	39.000545879999	0.000545879999
512	26842	39.000615479997	0.000615479997
512	26981	39.000685079995	0.000685079995
512	27103	39.000754679993	0.000754679993
512	27975	42.000545879999	0.000545879999
512	28136	42.000615479997	0.000615479997
512	28275	42.000685079995	0.000685079995
512	28397	42.000754679993	0.000754679993
512	29269	45.000545879999	0.000545879999
512	29430	45.000615479997	0.000615479997
512	29569	45.000685079995	0.000685079995
512	29691	45.000754679993	0.000754679993
512	32615	48.000648679994	0.000648679994
512	32815	48.000729559995	0.000729559995
512	32971	48.000799159993	0.000799159993
512	33093	48.000868759991	0.000868759991
512	33965	51.000545879999	0.000545879999
512	34126	51.000615479997	0.000615479997
512	34265	51.000685079995	0.000685079995
512	34387	51.000754679993	0.000754679993
512	35259	54.000545879999	0.000545879999
512	35420	54.000615479997	0.000615479997
512	35559	54.000685079995	0.000685079995
512	35681	54.000754679993	0.000754679993
512	36553	57.000545879999	0.000545879999
512	36714	57.000615479997	0.000615479997
512	36853	57.000685079995	0.000685079995
512	36975	57.000754679993	0.000754679993
512	39899	60.000648679994	0.000648679994
512	40099	60.000729559995	0.000729559995
512	40255	60.000799159993	0.000799159993
512	40478	60.000868759991	0.000868759991
512	41358	63.000545879999	0.000545879999
512	41519	63.000615479997	0.000615479997
512	41658	63.000685079995	0.000685079995
512	41780	63.000754679993	0.000754679993
512	42652	66.000545879999	0.000545879999
512	42813	66.000615479997	0.000615479997
512	42952	66.000685079995	0.000685079995
512	43074	66.000754679993	0.000754679993
512	43946	69.000545879999	0.000545879999
512	44107	69.000615479997	0.000615479997
512	44246	69.000685079995	0.000685079995
512	44368	69.000754679993	0.000754679993
512	47292	72.000648679994	0.000648679994
512	47492	72.000729559995	0.000729559995
512	47648	72.000799159993	0.000799159993
512	47770	72.000868759991	0.000868759991
512	48642	75.000545879999	0.000545879999
512	48803	75.000615479997	0.000615479997
512	48942	75.000685079995	0.000685079995
512	49064	75.000754679993	0.000754679993
512	49936	78.000545879999	0.000545879999
512	50097	78.000615479997	0.000615479997
512	50236	78.000685079995	0.000685079995
512	50358	78.000754679993	0.000754679993
512	51230	81.000545879999	0.000545879999
512	51391	81.000615479997	0.000615479997
512	51530	81.000685079995	0.000685079995
512	51652	81.000754679993	0.000754679993
512	54576	84.000648679994	0.000648679994
512	54776	84.000729559995	0.000729559995
512	54932	84.000799159993	0.000799159993
512	55054	84.000868759991	0.000868759991
512	55926	87.000545879999	0.000545879999
512	56087	87.000615479997	0.000615479997
512	56226	87.000685079995	0.000685079995
512	56348	87.000754679993	0.000754679993
512	57709	90.000545879999	0.000545879999
512	57870	90.000615479997	0.000615479997
512	58009	90.000685079995	0.000685079995
512	58131	90.000754679993	0.000754679993
512	59004	93.000545879999	0.000545879999
512	59165	93.000615479997	0.000615479997
512	59304	93.000685079995	0.000685079995
512	59426	93.000754679993	0.000754679993
512	62350	96.000648679994	0.000648679994
512	62550	96.000729559995	0.000729559995
512	62706	96.000799159993	0.000799159993
512	62828	96.000868759991	0.000868759991
512	63700	99.000545879999	0.000545879999
512	63861	99.000615479997	0.000615479997
512	64000	99.000685079995	0.000685079995
512	64122	99.000754679993	0.000754679993
512	64994	102.000545879999	0.000545879999
512	65155	102.000615479997	0.000615479997
512	65294	102.000685079995	0.000685079995
512	65416	102.000754679993	0.000754679993
512	66288	105.000545879999	0.000545879999
512	66449	105.000615479997	0.000615479997
512	66588	105.000685079995	0.000685079995
512	66710	105.000754679993	0.000754679993
512	69634	108.000648679994	0.000648679994
512	69834	108.000729559995	0.000729559995
512	69990	108.000799159993	0.000799159993
512	70112	108.000868759991	0.000868759991
512	70984	111.000545879999	0.000545879999
512	71145	111.000615479997	0.000615479997
512	71284	111.000685079995	0.000685079995
512	71406	111.000754679993	0.000754679993
512	72278	114.000545879999	0.000545879999
512	72439	114.000615479997	0.000615479997
512	72578	114.000685079995	0.000685079995
512	72700	114.000754679993	0.000754679993
512	73572	117.000545879999	0.000545879999
512	73733	117.000615479997	0.000615479997
512	73872	117.000685079995	0.000685079995
512	73994	117.000754679993	0.000754679993
512	77599	120.000777559994	0.000777559994
512	77893	120.000942119989	0.000942119989
512	78015	120.001011719987	0.001011719987
512	78077	120.001032199986	0.001032199986
512	78949	123.000545879999	0.000545879999
512	79110	123.000615479997	0.000615479997
512	79249	123.000685079995	0.000685079995
512	79371	123.000754679993	0.000754679993
512	80243	126.000545879999	0.000545879999
512	80404	126.000615479997	0.000615479997
512	80543	126.000685079995	0.000685079995
512	80665	126.000754679993	0.000754679993
512	81537	129.000545879999	0.000545879999
512	81698	129.000615479997	0.000615479997
512	81837	129.000685079995	0.000685079995
512	81959	129.000754679993	0.000754679993
512	84883	132.000648679994	0.000648679994
512	85083	132.000729559995	0.000729559995
512	85239	132.000799159993	0.000799159993
512	85361	132.000868759991	0.000868759991
512	86233	135.000545879999	0.000545879999
512	86394	135.000615479997	0.000615479997
512	86533	135.000685079995	0.000685079995
512	86655	135.000754679993	0.000754679993
512	87527	138.000545879999	0.000545879999
512	87688	138.000615479997	0.000615479997
512	87827	138.000685079995	0.000685079995
512	87949	138.000754679993	0.000754679993
512	88821	141.000545879999	0.000545879999
512	88982	141.000615479997	0.000615479997
512	89121	141.000685079995	0.000685079995
512	89243	141.000754679993	0.000754679993
512	92167	144.000648679994	0.000648679994
512	92367	144.000729559995	0.000729559995
512	92523	144.000799159993	0.000799159993
512	92645	144.000868759991	0.000868759991
512	93517	147.000545879999	0.000545879999
512	93678	147.000615479997	0.000615479997
512	93817	147.000685079995	0.000685079995
512	93939	147.000754679993	0.000754679993
512	94811	150.000545879999	0.000545879999
512	94972	150.000615479997	0.000615479997
512	95111	150.000685079995	0.000685079995
512	95233	150.000754679993	0.000754679993
512	96105	153.000545879999	0.000545879999
512	96266	153.000615479997	0.000615479997
512	96405	153.000685079995	0.000685079995
512	96527	153.000754679993	0.000754679993
512	99451	156.000648679994	0.000648679994
512	99651	156.000729559995	0.000729559995
512	99807	156.000799159993	0.000799159993
512	99929	156.000868759991	0.000868759991
512	100801	159.000545879999	0.000545879999
512	100962	159.000615479997	0.000615479997
512	101101	159.000685079995	0.000685079995
512	101223	159.000754679993	0.000754679993
512	102095	162.000545879999	0.000545879999
512	102256	162.000615479997	0.000615479997
512	102395	162.000685079995	0.000685079995
512	102517	162.000754679993	0.000754679993
512	103389	165.000545879999	0.000545879999
512	103550	165.000615479997	0.000615479997
512	103689	165.000685079995	0.000685079995
512	103811	165.000754679993	0.000754679993
512	106735	168.000648679994	0.000648679994
512	106935	168.000729559995	0.000729559995
512	107091	168.000799159993	0.000799159993
512	107213	168.000868759991	0.000868759991
512	108085	171.000545879999	0.000545879999
512	108246	171.000615479997	0.000615479997
512	108385	171.000685079995	0.000685079995
512	108507	171.000754679993	0.000754679993
512	109379	174.000545879999	0.000545879999
512	109540	174.000615479997	0.000615479997
512	109679	174.000685079995	0.000685079995
512	109801	174.000754679993	0.000754679993
512	110673	177.000545879999	0.000545879999
512	110834	177.000615479997	0.000615479997
512	110973	177.000685079995	0.000685079995
512	111095	177.000754679993	0.000754679993
512	114019	180.000648679994	0.000648679994
512	114219	180.000729559995	0.000729559995
512	114375	180.000799159993	0.000799159993
512	114497	180.000868759991	0.000868759991
512	115369	183.000545879999	0.000545879999
512	115530	183.000615479997	0.000615479997
512	115669	183.000685079995	0.000685079995
512	115791	183.000754679993	0.000754679993
512	116663	186.000545879999	0.000545879999
512	116824	186.000615479997	0.000615479997
512	116963	186.000685079995	0.000685079995
512	117085	186.000754679993	0.000754679993
512	117957	189.000545879999	0.000545879999
512	118118	189.000615479997	0.000615479997
512	118257	189.000685079995	0.000685079995
512	118379	189.000754679993	0.000754679993
512	121303	192.000648679994	0.000648679994
512	121503	192.000729559995	0.000729559995
512	121659	192.000799159993	0.000799159993
512	121781	192.000868759991	0.000868759991
512	122653	195.000545879999	0.000545879999
512	122814	195.000615479997	0.000615479997
512	122953	195.000685079995	0.000685079995
512	123075	195.000754679993	0.000754679993
512	123947	198.000545879999	0.000545879999
512	124108	198.000615479997	0.000615479997
512	124247	198.000685079995	0.000685079995
512	124369	198.000754679993	0.000754679993
512	125241	201.000545879999	0.000545879999
512	125402	201.000615479997	0.000615479997
512	125541	201.000685079995	0.000685079995
512	125663	201.000754679993	0.000754679993
512	128587	204.000648679994	0.000648679994
512	128787	204.000729559995	0.000729559995
512	128943	204.000799159993	0.000799159993
512	129065	204.000868759991	0.000868759991
512	129937	207.000545879999	0.000545879999
512	130098	207.000615479997	0.000615479997
512	130237	207.000685079995	0.000685079995
512	130359	207.000754679993	0.000754679993
512	131231	210.000545879999	0.000545879999
512	131392	210.000615479997	0.000615479997
512	131531	210.000685079995	0.000685079995
512	131653	210.000754679993	0.000754679993
512	132525	213.000545879999	0.000545879999
512	132686	213.000615479997	0.000615479997
512	132825	213.000685079995	0.000685079995
512	132947	213.000754679993	0.000754679993
512	135871	216.000648679994	0.000648679994
512	136071	216.000729559995	0.000729559995
512	136227	216.000799159993	0.000799159993
512	136349	216.000868759991	0.000868759991
512	137221	219.000545879999	0.000545879999
512	137382	219.000615479997	0.000615479997
512	137521	219.000685079995	0.000685079995
512	137643	219.000754679993	0.000754679993
512	138515	222.000545879999	0.000545879999
512	138676	222.000615479997	0.000615479997
512	138815	222.000685079995	0.000685079995
512	138937	222.000754679993	0.000754679993
512	139809	225.000545879999	0.000545879999
512	139970	225.000615479997	0.000615479997
512	140109	225.000685079995	0.000685079995
512	140231	225.000754679993	0.000754679993
512	143155	228.000648679994	0.000648679994
512	143355	228.000729559995	0.000729559995
512	143511	228.000799159993	0.000799159993
512	143633	228.000868759991	0.000868759991
512	144505	231.000545879999	0.000545879999
512	144666	231.000615479997	0.000615479997
512	144805	231.000685079995	0.000685079995
512	144927	231.000754679993	0.000754679993
512	145799	234.000545879999	0.000545879999
512	145960	234.000615479997	0.000615479997
512	146099	234.000685079995	0.000685079995
512	146221	234.000754679993	0.000754679993
512	147093	237.000545879999	0.000545879999
512	147254	237.000615479997	0.000615479997
512	147393	237.000685079995	0.000685079995
512	147515	237.000754679993	0.000754679993
512	150602	240.000648679994	0.000648679994
512	150861	240.000736279994	0.000736279994
512	151016	240.000805879992	0.000805879992
512	151219	240.000882199989	0.000882199989
512	152599	243.000589079998	0.000589079998
512	152760	243.000658679996	0.000658679996
512	152899	243.000728279994	0.000728279994
512	153021	243.000797879992	0.000797879992
512	153893	246.000545879999	0.000545879999
512	154054	246.000615479997	0.000615479997
512	154193	246.000685079995	0.000685079995
512	154315	246.000754679993	0.000754679993
512	155187	249.000545879999	0.000545879999
512	155348	249.000615479997	0.000615479997
512	155487	249.000685079995	0.000685079995
512	155609	249.000754679993	0.000754679993
512	158533	252.000648679994	0.000648679994
512	158733	252.000729559995	0.000729559995
512	158889	252.000799159993	0.000799159993
512	159011	252.000868759991	0.000868759991
512	159883	255.000545879999	0.000545879999
512	160044	255.000615479997	0.000615479997
512	160183	255.000685079995	0.000685079995
512	160305	255.000754679993	0.000754679993
512	161177	258.000545879999	0.000545879999
512	161338	258.000615479997	0.000615479997
512	161477	258.000685079995	0.000685079995
512	161599	258.000754679993	0.000754679993
512	162471	261.000545879999	0.000545879999
512	162632	261.000615479997	0.000615479997
512	162771	261.000685079995	0.000685079995
512	162893	261.000754679993	0.000754679993
512	165817	264.000648679994	0.000648679994
512	166017	264.000729559995	0.000729559995
512	166173	264.000799159993	0.000799159993
512	166295	264.000868759991	0.000868759991
512	167167	267.000545879999	0.000545879999
512	167328	267.000615479997	0.000615479997
512	167467	267.000685079995	0.000685079995
512	167589	267.000754679993	0.000754679993
512	168461	270.000545879999	0.000545879999
512	168622	270.000615479997	0.000615479997
512	168761	270.000685079995	0.000685079995
512	168883	270.000754679993	0.000754679993
512	169755	273.000545879999	0.000545879999
512	169916	273.000615479997	0.000615479997
512	170055	273.000685079995	0.000685079995
512	170177	273.000754679993	0.000754679993
512	173101	276.000648679994	0.000648679994
512	173301	276.000729559995	0.000729559995
512	173457	276.000799159993	0.000799159993
512	173579	276.000868759991	0.000868759991
512	174451	279.000545879999	0.000545879999
512	174612	279.000615479997	0.000615479997
512	174751	279.000685079995	0.000685079995
512	174873	279.000754679993	0.000754679993
512	175745	282.000545879999	0.000545879999
512	175906	282.000615479997	0.000615479997
512	176045	282.000685079995	0.000685079995
512	176167	282.000754679993	0.000754679993
512	177039	285.000545879999	0.000545879999
512	177200	285.000615479997	0.000615479997
512	177339	285.000685079995	0.000685079995
512	177461	285.000754679993	0.000754679993
512	180385	288.000648679994	0.000648679994
512	180585	288.000729559995	0.000729559995
512	180741	288.000799159993	0.000799159993
512	180863	288.000868759991	0.000868759991
512	181735	291.000545879999	0.000545879999
512	181896	291.000615479997	0.000615479997
512	182035	291.000685079995	0.000685079995
512	182157	291.000754679993	0.000754679993
512	183029	294.000545879999	0.000545879999
512	183190	294.000615479997	0.000615479997
512	183329	294.000685079995	0.000685079995
512	183451	294.000754679993	0.000754679993
512	184323	297.000545879999	0.000545879999
512	184484	297.000615479997	0.000615479997
512	184623	297.000685079995	0.000685079995
512	184745	297.000754679993	0.000754679993
512	187669	300.000648679994	0.000648679994
512	187869	300.000729559995	0.000729559995
512	188025	300.000799159993	0.000799159993
512	188147	300.000868759991	0.000868759991
