514	2088	0.000174399996	5
514	2107	0.000181119995	5
514	2135	0.000187839994	5
514	2181	0.000194559993	5
514	3218	0.000336879993	5
514	3398	0.00036551999	5
514	3444	0.000372239989	5
514	3508	0.00038383999	5
514	3645	0.000404479993	5
514	3792	0.00043311999	5
514	3811	0.000439839989	5
514	3828	0.00045143999	5
514	4046	3.0002458	5
514	4119	3.000294919999	5
514	4201	3.000344039998	5
514	4302	3.000393159997	5
514	4554	3.0005254	5
514	4626	3.000545879999	5
514	4745	3.000594999998	5
514	4787	3.000615479997	5
514	4885	3.000664599996	5
514	4926	3.000685079995	5
514	5007	3.000734199994	5
514	5048	3.000754679993	5
514	5340	6.0002458	5
514	5413	6.000294919999	5
514	5495	6.000344039998	5
514	5596	6.000393159997	5
514	5848	6.0005254	5
514	5920	6.000545879999	5
514	6039	6.000594999998	5
514	6081	6.000615479997	5
514	6179	6.000664599996	5
514	6220	6.000685079995	5
514	6301	6.000734199994	5
514	6342	6.000754679993	5
514	6634	9.0002458	5
514	6707	9.000294919999	5
514	6789	9.000344039998	5
514	6890	9.000393159997	5
514	7142	9.0005254	5
514	7214	9.000545879999	5
514	7333	9.000594999998	5
514	7375	9.000615479997	5
514	7473	9.000664599996	5
514	7514	9.000685079995	5
514	7595	9.000734199994	5
514	7636	9.000754679993	5
514	9362	12.0002458	5
514	9764	12.000386279997	5
514	9954	12.000435399996	5
514	10225	12.000484519995	5
514	10690	12.000628199995	5
514	10758	12.000648679994	5
514	10897	12.000709079996	5
514	10958	12.000729559995	5
514	11064	12.000778679994	5
514	11114	12.000799159993	5
514	11195	12.000848279992	5
514	11236	12.000868759991	5
514	11528	15.0002458	5
514	11601	15.000294919999	5
514	11683	15.000344039998	5
514	11784	15.000393159997	5
514	12036	15.0005254	5
514	12108	15.000545879999	5
514	12227	15.000594999998	5
514	12269	15.000615479997	5
514	12367	15.000664599996	5
514	12408	15.000685079995	5
514	12489	15.000734199994	5
514	12530	15.000754679993	5
514	12822	18.0002458	5
514	12895	18.000294919999	5
514	12977	18.000344039998	5
514	13078	18.000393159997	5
514	13330	18.0005254	5
514	13402	18.000545879999	5
514	13521	18.000594999998	5
514	13563	18.000615479997	5
514	13661	18.000664599996	5
514	13702	18.000685079995	5
514	13783	18.000734199994	5
514	13824	18.000754679993	5
514	14116	21.0002458	5
514	14189	21.000294919999	5
514	14271	21.000344039998	5
514	14372	21.000393159997	5
514	14624	21.0005254	5
514	14696	21.000545879999	5
514	14815	21.000594999998	5
514	14857	21.000615479997	5
514	14955	21.000664599996	5
514	14996	21.000685079995	5
514	15077	21.000734199994	5
514	15118	21.000754679993	5
514	16646	24.0002458	5
514	17048	24.000386279997	5
514	17238	24.000435399996	5
514	17509	24.000484519995	5
514	17974	24.000628199995	5
514	18042	24.000648679994	5
514	18181	24.000709079996	5
514	18242	24.000729559995	5
514	18348	24.000778679994	5
514	18398	24.000799159993	5
514	18479	24.000848279992	5
514	18520	24.000868759991	5
514	18812	27.0002458	5
514	18885	27.000294919999	5
514	18967	27.000344039998	5
514	19068	27.000393159997	5
514	19320	27.0005254	5
514	19392	27.000545879999	5
514	19511	27.000594999998	5
514	19553	27.000615479997	5
514	19651	27.000664599996	5
514	19692	27.000685079995	5
514	19773	27.000734199994	5
514	19814	27.000754679993	5
514	20106	30.0002458	5
514	20179	30.000294919999	5
514	20261	30.000344039998	5
514	20362	30.000393159997	5
514	20614	30.0005254	5
514	20686	30.000545879999	5
514	20805	30.000594999998	5
514	20847	30.000615479997	5
514	20945	30.000664599996	5
514	20986	30.000685079995	5
514	21067	30.000734199994	5
514	21108	30.000754679993	5
514	21400	33.0002458	5
514	21473	33.000294919999	5
514	21555	33.000344039998	5
514	21656	33.000393159997	5
514	21908	33.0005254	5
514	21980	33.000545879999	5
514	22099	33.000594999998	5
514	22141	33.000615479997	5
514	22239	33.000664599996	5
514	22280	33.000685079995	5
514	22361	33.000734199994	5
514	22402	33.000754679993	5
514	23930	36.0002458	5
514	24332	36.000386279997	5
514	24522	36.000435399996	5
514	24793	36.000484519995	5
514	25258	36.000628199995	5
514	25326	36.000648679994	5
514	25465	36.000709079996	5
514	25526	36.000729559995	5
514	25632	36.000778679994	5
514	25682	36.000799159993	5
514	25763	36.000848279992	5
514	25804	36.000868759991	5
514	26096	39.0002458	5
514	26169	39.000294919999	5
514	26251	39.000344039998	5
514	26352	39.000393159997	5
514	26604	39.0005254	5
514	26676	39.000545879999	5
514	26795	39.000594999998	5
514	26837	39.000615479997	5
514	26935	39.000664599996	5
514	26976	39.000685079995	5
514	27057	39.000734199994	5
514	27098	39.000754679993	5
514	27390	42.0002458	5
514	27463	42.000294919999	5
514	27545	42.000344039998	5
514	27646	42.000393159997	5
514	27898	42.0005254	5
514	27970	42.000545879999	5
514	28089	42.000594999998	5
514	28131	42.000615479997	5
514	28229	42.000664599996	5
514	28270	42.000685079995	5
514	28351	42.000734199994	5
514	28392	42.000754679993	5
514	28684	45.0002458	5
514	28757	45.000294919999	5
514	28839	45.000344039998	5
514	28940	45.000393159997	5
514	29192	45.0005254	5
514	29264	45.000545879999	5
514	29383	45.000594999998	5
514	29425	45.000615479997	5
514	29523	45.000664599996	5
514	29564	45.000685079995	5
514	29645	45.000734199994	5
514	29686	45.000754679993	5
514	31214	48.0002458	5
514	31616	48.000386279997	5
514	31806	48.000435399996	5
514	32077	48.000484519995	5
514	32542	48.000628199995	5
514	32610	48.000648679994	5
514	32749	48.000709079996	5
514	32810	48.000729559995	5
514	32916	48.000778679994	5
514	32966	48.000799159993	5
514	33047	48.000848279992	5
514	33088	48.000868759991	5
514	33380	51.0002458	5
514	33453	51.000294919999	5
514	33535	51.000344039998	5
514	33636	51.000393159997	5
514	33888	51.0005254	5
514	33960	51.000545879999	5
514	34079	51.000594999998	5
514	34121	51.000615479997	5
514	34219	51.000664599996	5
514	34260	51.000685079995	5
514	34341	51.000734199994	5
514	34382	51.000754679993	5
514	34674	54.0002458	5
514	34747	54.000294919999	5
514	34829	54.000344039998	5
514	34930	54.000393159997	5
514	35182	54.0005254	5
514	35254	54.000545879999	5
514	35373	54.000594999998	5
514	35415	54.000615479997	5
514	35513	54.000664599996	5
514	35554	54.000685079995	5
514	35635	54.000734199994	5
514	35676	54.000754679993	5
514	35968	57.0002458	5
514	36041	57.000294919999	5
514	36123	57.000344039998	5
514	36224	57.000393159997	5
514	36476	57.0005254	5
514	36548	57.000545879999	5
514	36667	57.000594999998	5
514	36709	57.000615479997	5
514	36807	57.000664599996	5
514	36848	57.000685079995	5
514	36929	57.000734199994	5
514	36970	57.000754679993	5
514	38498	60.0002458	5
514	38900	60.000386279997	5
514	39090	60.000435399996	5
514	39361	60.000484519995	5
514	39826	60.000628199995	5
514	39894	60.000648679994	5
514	40033	60.000709079996	5
514	40094	60.000729559995	5
514	40200	60.000778679994	5
514	40250	60.000799159993	5
514	40403	60.000848279992	5
514	40473	60.000868759991	5
514	40501	60.00087547999	5
514	40773	63.0002458	5
514	40846	63.000294919999	5
514	40928	63.000344039998	5
514	41029	63.000393159997	5
514	41281	63.0005254	5
514	41353	63.000545879999	5
514	41472	63.000594999998	5
514	41514	63.000615479997	5
514	41612	63.000664599996	5
514	41653	63.000685079995	5
514	41734	63.000734199994	5
514	41775	63.000754679993	5
514	42067	66.0002458	5
514	42140	66.000294919999	5
514	42222	66.000344039998	5
514	42323	66.000393159997	5
514	42575	66.0005254	5
514	42647	66.000545879999	5
514	42766	66.000594999998	5
514	42808	66.000615479997	5
514	42906	66.000664599996	5
514	42947	66.000685079995	5
514	43028	66.000734199994	5
514	43069	66.000754679993	5
514	43361	69.0002458	5
514	43434	69.000294919999	5
514	43516	69.000344039998	5
514	43617	69.000393159997	5
514	43869	69.0005254	5
514	43941	69.000545879999	5
514	44060	69.000594999998	5
514	44102	69.000615479997	5
514	44200	69.000664599996	5
514	44241	69.000685079995	5
514	44322	69.000734199994	5
514	44363	69.000754679993	5
514	45891	72.0002458	5
514	46293	72.000386279997	5
514	46483	72.000435399996	5
514	46754	72.000484519995	5
514	47219	72.000628199995	5
514	47287	72.000648679994	5
514	47426	72.000709079996	5
514	47487	72.000729559995	5
514	47593	72.000778679994	5
514	47643	72.000799159993	5
514	47724	72.000848279992	5
514	47765	72.000868759991	5
514	48057	75.0002458	5
514	48130	75.000294919999	5
514	48212	75.000344039998	5
514	48313	75.000393159997	5
514	48565	75.0005254	5
514	48637	75.000545879999	5
514	48756	75.000594999998	5
514	48798	75.000615479997	5
514	48896	75.000664599996	5
514	48937	75.000685079995	5
514	49018	75.000734199994	5
514	49059	75.000754679993	5
514	49351	78.0002458	5
514	49424	78.000294919999	5
514	49506	78.000344039998	5
514	49607	78.000393159997	5
514	49859	78.0005254	5
514	49931	78.000545879999	5
514	50050	78.000594999998	5
514	50092	78.000615479997	5
514	50190	78.000664599996	5
514	50231	78.000685079995	5
514	50312	78.000734199994	5
514	50353	78.000754679993	5
514	50645	81.0002458	5
514	50718	81.000294919999	5
514	50800	81.000344039998	5
514	50901	81.000393159997	5
514	51153	81.0005254	5
514	51225	81.000545879999	5
514	51344	81.000594999998	5
514	51386	81.000615479997	5
514	51484	81.000664599996	5
514	51525	81.000685079995	5
514	51606	81.000734199994	5
514	51647	81.000754679993	5
514	53175	84.0002458	5
514	53577	84.000386279997	5
514	53767	84.000435399996	5
514	54038	84.000484519995	5
514	54503	84.000628199995	5
514	54571	84.000648679994	5
514	54710	84.000709079996	5
514	54771	84.000729559995	5
514	54877	84.000778679994	5
514	54927	84.000799159993	5
514	55008	84.000848279992	5
514	55049	84.000868759991	5
514	55341	87.0002458	5
514	55414	87.000294919999	5
514	55496	87.000344039998	5
514	55597	87.000393159997	5
514	55849	87.0005254	5
514	55921	87.000545879999	5
514	56040	87.000594999998	5
514	56082	87.000615479997	5
514	56180	87.000664599996	5
514	56221	87.000685079995	5
514	56302	87.000734199994	5
514	56343	87.000754679993	5
514	57124	90.0002458	5
514	57197	90.000294919999	5
514	57279	90.000344039998	5
514	57380	90.000393159997	5
514	57632	90.0005254	5
514	57704	90.000545879999	5
514	57823	90.000594999998	5
514	57865	90.000615479997	5
514	57963	90.000664599996	5
514	58004	90.000685079995	5
514	58085	90.000734199994	5
514	58126	90.000754679993	5
514	58419	93.0002458	5
514	58492	93.000294919999	5
514	58574	93.000344039998	5
514	58675	93.000393159997	5
514	58927	93.0005254	5
514	58999	93.000545879999	5
514	59118	93.000594999998	5
514	59160	93.000615479997	5
514	59258	93.000664599996	5
514	59299	93.000685079995	5
514	59380	93.000734199994	5
514	59421	93.000754679993	5
514	60949	96.0002458	5
514	61351	96.000386279997	5
514	61541	96.000435399996	5
514	61812	96.000484519995	5
514	62277	96.000628199995	5
514	62345	96.000648679994	5
514	62484	96.000709079996	5
514	62545	96.000729559995	5
514	62651	96.000778679994	5
514	62701	96.000799159993	5
514	62782	96.000848279992	5
514	62823	96.000868759991	5
514	63115	99.0002458	5
514	63188	99.000294919999	5
514	63270	99.000344039998	5
514	63371	99.000393159997	5
514	63623	99.0005254	5
514	63695	99.000545879999	5
514	63814	99.000594999998	5
514	63856	99.000615479997	5
514	63954	99.000664599996	5
514	63995	99.000685079995	5
514	64076	99.000734199994	5
514	64117	99.000754679993	5
514	64409	102.0002458	5
514	64482	102.000294919999	5
514	64564	102.000344039998	5
514	64665	102.000393159997	5
514	64917	102.0005254	5
514	64989	102.000545879999	5
514	65108	102.000594999998	5
514	65150	102.000615479997	5
514	65248	102.000664599996	5
514	65289	102.000685079995	5
514	65370	102.000734199994	5
514	65411	102.000754679993	5
514	65703	105.0002458	5
514	65776	105.000294919999	5
514	65858	105.000344039998	5
514	65959	105.000393159997	5
514	66211	105.0005254	5
514	66283	105.000545879999	5
514	66402	105.000594999998	5
514	66444	105.000615479997	5
514	66542	105.000664599996	5
514	66583	105.000685079995	5
514	66664	105.000734199994	5
514	66705	105.000754679993	5
514	68233	108.0002458	5
514	68635	108.000386279997	5
514	68825	108.000435399996	5
514	69096	108.000484519995	5
514	69561	108.000628199995	5
514	69629	108.000648679994	5
514	69768	108.000709079996	5
514	69829	108.000729559995	5
514	69935	108.000778679994	5
514	69985	108.000799159993	5
514	70066	108.000848279992	5
514	70107	108.000868759991	5
514	70399	111.0002458	5
514	70472	111.000294919999	5
514	70554	111.000344039998	5
514	70655	111.000393159997	5
514	70907	111.0005254	5
514	70979	111.000545879999	5
514	71098	111.000594999998	5
514	71140	111.000615479997	5
514	71238	111.000664599996	5
514	71279	111.000685079995	5
514	71360	111.000734199994	5
514	71401	111.000754679993	5
514	71693	114.0002458	5
514	71766	114.000294919999	5
514	71848	114.000344039998	5
514	71949	114.000393159997	5
514	72201	114.0005254	5
514	72273	114.000545879999	5
514	72392	114.000594999998	5
514	72434	114.000615479997	5
514	72532	114.000664599996	5
514	72573	114.000685079995	5
514	72654	114.000734199994	5
514	72695	114.000754679993	5
514	72987	117.0002458	5
514	73060	117.000294919999	5
514	73142	117.000344039998	5
514	73243	117.000393159997	5
514	73495	117.0005254	5
514	73567	117.000545879999	5
514	73686	117.000594999998	5
514	73728	117.000615479997	5
514	73826	117.000664599996	5
514	73867	117.000685079995	5
514	73948	117.000734199994	5
514	73989	117.000754679993	5
514	75655	120.0002458	5
514	75931	120.000386279997	5
514	76182	120.000442119995	5
514	76357	120.000491239994	5
514	77522	120.000757079995	5
514	77594	120.000777559994	5
514	77767	120.000872519991	5
514	77847	120.00092163999	5
514	77888	120.000942119989	5
514	77969	120.000991239988	5
514	78010	120.001011719987	5
514	78072	120.001032199986	5
514	78364	123.0002458	5
514	78437	123.000294919999	5
514	78519	123.000344039998	5
514	78620	123.000393159997	5
514	78872	123.0005254	5
514	78944	123.000545879999	5
514	79063	123.000594999998	5
514	79105	123.000615479997	5
514	79203	123.000664599996	5
514	79244	123.000685079995	5
514	79325	123.000734199994	5
514	79366	123.000754679993	5
514	79658	126.0002458	5
514	79731	126.000294919999	5
514	79813	126.000344039998	5
514	79914	126.000393159997	5
514	80166	126.0005254	5
514	80238	126.000545879999	5
514	80357	126.000594999998	5
514	80399	126.000615479997	5
514	80497	126.000664599996	5
514	80538	126.000685079995	5
514	80619	126.000734199994	5
514	80660	126.000754679993	5
514	80952	129.0002458	5
514	81025	129.000294919999	5
514	81107	129.000344039998	5
514	81208	129.000393159997	5
514	81460	129.0005254	5
514	81532	129.000545879999	5
514	81651	129.000594999998	5
514	81693	129.000615479997	5
514	81791	129.000664599996	5
514	81832	129.000685079995	5
514	81913	129.000734199994	5
514	81954	129.000754679993	5
514	83482	132.0002458	5
514	83884	132.000386279997	5
514	84074	132.000435399996	5
514	84345	132.000484519995	5
514	84810	132.000628199995	5
514	84878	132.000648679994	5
514	85017	132.000709079996	5
514	85078	132.000729559995	5
514	85184	132.000778679994	5
514	85234	132.000799159993	5
514	85315	132.000848279992	5
514	85356	132.000868759991	5
514	85648	135.0002458	5
514	85721	135.000294919999	5
514	85803	135.000344039998	5
514	85904	135.000393159997	5
514	86156	135.0005254	5
514	86228	135.000545879999	5
514	86347	135.000594999998	5
514	86389	135.000615479997	5
514	86487	135.000664599996	5
514	86528	135.000685079995	5
514	86609	135.000734199994	5
514	86650	135.000754679993	5
514	86942	138.0002458	5
514	87015	138.000294919999	5
514	87097	138.000344039998	5
514	87198	138.000393159997	5
514	87450	138.0005254	5
514	87522	138.000545879999	5
514	87641	138.000594999998	5
514	87683	138.000615479997	5
514	87781	138.000664599996	5
514	87822	138.000685079995	5
514	87903	138.000734199994	5
514	87944	138.000754679993	5
514	88236	141.0002458	5
514	88309	141.000294919999	5
514	88391	141.000344039998	5
514	88492	141.000393159997	5
514	88744	141.0005254	5
514	88816	141.000545879999	5
514	88935	141.000594999998	5
514	88977	141.000615479997	5
514	89075	141.000664599996	5
514	89116	141.000685079995	5
514	89197	141.000734199994	5
514	89238	141.000754679993	5
514	90766	144.0002458	5
514	91168	144.000386279997	5
514	91358	144.000435399996	5
514	91629	144.000484519995	5
514	92094	144.000628199995	5
514	92162	144.000648679994	5
514	92301	144.000709079996	5
514	92362	144.000729559995	5
514	92468	144.000778679994	5
514	92518	144.000799159993	5
514	92599	144.000848279992	5
514	92640	144.000868759991	5
514	92932	147.0002458	5
514	93005	147.000294919999	5
514	93087	147.000344039998	5
514	93188	147.000393159997	5
514	93440	147.0005254	5
514	93512	147.000545879999	5
514	93631	147.000594999998	5
514	93673	147.000615479997	5
514	93771	147.000664599996	5
514	93812	147.000685079995	5
514	93893	147.000734199994	5
514	93934	147.000754679993	5
514	94226	150.0002458	5
514	94299	150.000294919999	5
514	94381	150.000344039998	5
514	94482	150.000393159997	5
514	94734	150.0005254	5
514	94806	150.000545879999	5
514	94925	150.000594999998	5
514	94967	150.000615479997	5
514	95065	150.000664599996	5
514	95106	150.000685079995	5
514	95187	150.000734199994	5
514	95228	150.000754679993	5
514	95520	153.0002458	5
514	95593	153.000294919999	5
514	95675	153.000344039998	5
514	95776	153.000393159997	5
514	96028	153.0005254	5
514	96100	153.000545879999	5
514	96219	153.000594999998	5
514	96261	153.000615479997	5
514	96359	153.000664599996	5
514	96400	153.000685079995	5
514	96481	153.000734199994	5
514	96522	153.000754679993	5
514	98050	156.0002458	5
514	98452	156.000386279997	5
514	98642	156.000435399996	5
514	98913	156.000484519995	5
514	99378	156.000628199995	5
514	99446	156.000648679994	5
514	99585	156.000709079996	5
514	99646	156.000729559995	5
514	99752	156.000778679994	5
514	99802	156.000799159993	5
514	99883	156.000848279992	5
514	99924	156.000868759991	5
514	100216	159.0002458	5
514	100289	159.000294919999	5
514	100371	159.000344039998	5
514	100472	159.000393159997	5
514	100724	159.0005254	5
514	100796	159.000545879999	5
514	100915	159.000594999998	5
514	100957	159.000615479997	5
514	101055	159.000664599996	5
514	101096	159.000685079995	5
514	101177	159.000734199994	5
514	101218	159.000754679993	5
514	101510	162.0002458	5
514	101583	162.000294919999	5
514	101665	162.000344039998	5
514	101766	162.000393159997	5
514	102018	162.0005254	5
514	102090	162.000545879999	5
514	102209	162.000594999998	5
514	102251	162.000615479997	5
514	102349	162.000664599996	5
514	102390	162.000685079995	5
514	102471	162.000734199994	5
514	102512	162.000754679993	5
514	102804	165.0002458	5
514	102877	165.000294919999	5
514	102959	165.000344039998	5
514	103060	165.000393159997	5
514	103312	165.0005254	5
514	103384	165.000545879999	5
514	103503	165.000594999998	5
514	103545	165.000615479997	5
514	103643	165.000664599996	5
514	103684	165.000685079995	5
514	103765	165.000734199994	5
514	103806	165.000754679993	5
514	105334	168.0002458	5
514	105736	168.000386279997	5
514	105926	168.000435399996	5
514	106197	168.000484519995	5
514	106662	168.000628199995	5
514	106730	168.000648679994	5
514	106869	168.000709079996	5
514	106930	168.000729559995	5
514	107036	168.000778679994	5
514	107086	168.000799159993	5
514	107167	168.000848279992	5
514	107208	168.000868759991	5
514	107500	171.0002458	5
514	107573	171.000294919999	5
514	107655	171.000344039998	5
514	107756	171.000393159997	5
514	108008	171.0005254	5
514	108080	171.000545879999	5
514	108199	171.000594999998	5
514	108241	171.000615479997	5
514	108339	171.000664599996	5
514	108380	171.000685079995	5
514	108461	171.000734199994	5
514	108502	171.000754679993	5
514	108794	174.0002458	5
514	108867	174.000294919999	5
514	108949	174.000344039998	5
514	109050	174.000393159997	5
514	109302	174.0005254	5
514	109374	174.000545879999	5
514	109493	174.000594999998	5
514	109535	174.000615479997	5
514	109633	174.000664599996	5
514	109674	174.000685079995	5
514	109755	174.000734199994	5
514	109796	174.000754679993	5
514	110088	177.0002458	5
514	110161	177.000294919999	5
514	110243	177.000344039998	5
514	110344	177.000393159997	5
514	110596	177.0005254	5
514	110668	177.000545879999	5
514	110787	177.000594999998	5
514	110829	177.000615479997	5
514	110927	177.000664599996	5
514	110968	177.000685079995	5
514	111049	177.000734199994	5
514	111090	177.000754679993	5
514	112618	180.0002458	5
514	113020	180.000386279997	5
514	113210	180.000435399996	5
514	113481	180.000484519995	5
514	113946	180.000628199995	5
514	114014	180.000648679994	5
514	114153	180.000709079996	5
514	114214	180.000729559995	5
514	114320	180.000778679994	5
514	114370	180.000799159993	5
514	114451	180.000848279992	5
514	114492	180.000868759991	5
514	114784	183.0002458	5
514	114857	183.000294919999	5
514	114939	183.000344039998	5
514	115040	183.000393159997	5
514	115292	183.0005254	5
514	115364	183.000545879999	5
514	115483	183.000594999998	5
514	115525	183.000615479997	5
514	115623	183.000664599996	5
514	115664	183.000685079995	5
514	115745	183.000734199994	5
514	115786	183.000754679993	5
514	116078	186.0002458	5
514	116151	186.000294919999	5
514	116233	186.000344039998	5
514	116334	186.000393159997	5
514	116586	186.0005254	5
514	116658	186.000545879999	5
514	116777	186.000594999998	5
514	116819	186.000615479997	5
514	116917	186.000664599996	5
514	116958	186.000685079995	5
514	117039	186.000734199994	5
514	117080	186.000754679993	5
514	117372	189.0002458	5
514	117445	189.000294919999	5
514	117527	189.000344039998	5
514	117628	189.000393159997	5
514	117880	189.0005254	5
514	117952	189.000545879999	5
514	118071	189.000594999998	5
514	118113	189.000615479997	5
514	118211	189.000664599996	5
514	118252	189.000685079995	5
514	118333	189.000734199994	5
514	118374	189.000754679993	5
514	119902	192.0002458	5
514	120304	192.000386279997	5
514	120494	192.000435399996	5
514	120765	192.000484519995	5
514	121230	192.000628199995	5
514	121298	192.000648679994	5
514	121437	192.000709079996	5
514	121498	192.000729559995	5
514	121604	192.000778679994	5
514	121654	192.000799159993	5
514	121735	192.000848279992	5
514	121776	192.000868759991	5
514	122068	195.0002458	5
514	122141	195.000294919999	5
514	122223	195.000344039998	5
514	122324	195.000393159997	5
514	122576	195.0005254	5
514	122648	195.000545879999	5
514	122767	195.000594999998	5
514	122809	195.000615479997	5
514	122907	195.000664599996	5
514	122948	195.000685079995	5
514	123029	195.000734199994	5
514	123070	195.000754679993	5
514	123362	198.0002458	5
514	123435	198.000294919999	5
514	123517	198.000344039998	5
514	123618	198.000393159997	5
514	123870	198.0005254	5
514	123942	198.000545879999	5
514	124061	198.000594999998	5
514	124103	198.000615479997	5
514	124201	198.000664599996	5
514	124242	198.000685079995	5
514	124323	198.000734199994	5
514	124364	198.000754679993	5
514	124656	201.0002458	5
514	124729	201.000294919999	5
514	124811	201.000344039998	5
514	124912	201.000393159997	5
514	125164	201.0005254	5
514	125236	201.000545879999	5
514	125355	201.000594999998	5
514	125397	201.000615479997	5
514	125495	201.000664599996	5
514	125536	201.000685079995	5
514	125617	201.000734199994	5
514	125658	201.000754679993	5
514	127186	204.0002458	5
514	127588	204.000386279997	5
514	127778	204.000435399996	5
514	128049	204.000484519995	5
514	128514	204.000628199995	5
514	128582	204.000648679994	5
514	128721	204.000709079996	5
514	128782	204.000729559995	5
514	128888	204.000778679994	5
514	128938	204.000799159993	5
514	129019	204.000848279992	5
514	129060	204.000868759991	5
514	129352	207.0002458	5
514	129425	207.000294919999	5
514	129507	207.000344039998	5
514	129608	207.000393159997	5
514	129860	207.0005254	5
514	129932	207.000545879999	5
514	130051	207.000594999998	5
514	130093	207.000615479997	5
514	130191	207.000664599996	5
514	130232	207.000685079995	5
514	130313	207.000734199994	5
514	130354	207.000754679993	5
514	130646	210.0002458	5
514	130719	210.000294919999	5
514	130801	210.000344039998	5
514	130902	210.000393159997	5
514	131154	210.0005254	5
514	131226	210.000545879999	5
514	131345	210.000594999998	5
514	131387	210.000615479997	5
514	131485	210.000664599996	5
514	131526	210.000685079995	5
514	131607	210.000734199994	5
514	131648	210.000754679993	5
514	131940	213.0002458	5
514	132013	213.000294919999	5
514	132095	213.000344039998	5
514	132196	213.000393159997	5
514	132448	213.0005254	5
514	132520	213.000545879999	5
514	132639	213.000594999998	5
514	132681	213.000615479997	5
514	132779	213.000664599996	5
514	132820	213.000685079995	5
514	132901	213.000734199994	5
514	132942	213.000754679993	5
514	134470	216.0002458	5
514	134872	216.000386279997	5
514	135062	216.000435399996	5
514	135333	216.000484519995	5
514	135798	216.000628199995	5
514	135866	216.000648679994	5
514	136005	216.000709079996	5
514	136066	216.000729559995	5
514	136172	216.000778679994	5
514	136222	216.000799159993	5
514	136303	216.000848279992	5
514	136344	216.000868759991	5
514	136636	219.0002458	5
514	136709	219.000294919999	5
514	136791	219.000344039998	5
514	136892	219.000393159997	5
514	137144	219.0005254	5
514	137216	219.000545879999	5
514	137335	219.000594999998	5
514	137377	219.000615479997	5
514	137475	219.000664599996	5
514	137516	219.000685079995	5
514	137597	219.000734199994	5
514	137638	219.000754679993	5
514	137930	222.0002458	5
514	138003	222.000294919999	5
514	138085	222.000344039998	5
514	138186	222.000393159997	5
514	138438	222.0005254	5
514	138510	222.000545879999	5
514	138629	222.000594999998	5
514	138671	222.000615479997	5
514	138769	222.000664599996	5
514	138810	222.000685079995	5
514	138891	222.000734199994	5
514	138932	222.000754679993	5
514	139224	225.0002458	5
514	139297	225.000294919999	5
514	139379	225.000344039998	5
514	139480	225.000393159997	5
514	139732	225.0005254	5
514	139804	225.000545879999	5
514	139923	225.000594999998	5
514	139965	225.000615479997	5
514	140063	225.000664599996	5
514	140104	225.000685079995	5
514	140185	225.000734199994	5
514	140226	225.000754679993	5
514	141754	228.0002458	5
514	142156	228.000386279997	5
514	142346	228.000435399996	5
514	142617	228.000484519995	5
514	143082	228.000628199995	5
514	143150	228.000648679994	5
514	143289	228.000709079996	5
514	143350	228.000729559995	5
514	143456	228.000778679994	5
514	143506	228.000799159993	5
514	143587	228.000848279992	5
514	143628	228.000868759991	5
514	143920	231.0002458	5
514	143993	231.000294919999	5
514	144075	231.000344039998	5
514	144176	231.000393159997	5
514	144428	231.0005254	5
514	144500	231.000545879999	5
514	144619	231.000594999998	5
514	144661	231.000615479997	5
514	144759	231.000664599996	5
514	144800	231.000685079995	5
514	144881	231.000734199994	5
514	144922	231.000754679993	5
514	145214	234.0002458	5
514	145287	234.000294919999	5
514	145369	234.000344039998	5
514	145470	234.000393159997	5
514	145722	234.0005254	5
514	145794	234.000545879999	5
514	145913	234.000594999998	5
514	145955	234.000615479997	5
514	146053	234.000664599996	5
514	146094	234.000685079995	5
514	146175	234.000734199994	5
514	146216	234.000754679993	5
514	146508	237.0002458	5
514	146581	237.000294919999	5
514	146663	237.000344039998	5
514	146764	237.000393159997	5
514	147016	237.0005254	5
514	147088	237.000545879999	5
514	147207	237.000594999998	5
514	147249	237.000615479997	5
514	147347	237.000664599996	5
514	147388	237.000685079995	5
514	147469	237.000734199994	5
514	147510	237.000754679993	5
514	149088	240.0002458	5
514	149549	240.000386279997	5
514	149783	240.000435399996	5
514	150054	240.000484519995	5
514	150519	240.000628199995	5
514	150597	240.000648679994	5
514	150702	240.000709079996	5
514	150856	240.000736279994	5
514	150960	240.000785399993	5
514	151011	240.000805879992	5
514	151163	240.00086171999	5
514	151214	240.000882199989	5
514	152014	243.000288999999	5
514	152087	243.000338119998	5
514	152169	243.000387239997	5
514	152270	243.000436359996	5
514	152522	243.000568599999	5
514	152594	243.000589079998	5
514	152713	243.000638199997	5
514	152755	243.000658679996	5
514	152853	243.000707799995	5
514	152894	243.000728279994	5
514	152975	243.000777399993	5
514	153016	243.000797879992	5
514	153308	246.0002458	5
514	153381	246.000294919999	5
514	153463	246.000344039998	5
514	153564	246.000393159997	5
514	153816	246.0005254	5
514	153888	246.000545879999	5
514	154007	246.000594999998	5
514	154049	246.000615479997	5
514	154147	246.000664599996	5
514	154188	246.000685079995	5
514	154269	246.000734199994	5
514	154310	246.000754679993	5
514	154602	249.0002458	5
514	154675	249.000294919999	5
514	154757	249.000344039998	5
514	154858	249.000393159997	5
514	155110	249.0005254	5
514	155182	249.000545879999	5
514	155301	249.000594999998	5
514	155343	249.000615479997	5
514	155441	249.000664599996	5
514	155482	249.000685079995	5
514	155563	249.000734199994	5
514	155604	249.000754679993	5
514	157132	252.0002458	5
514	157534	252.000386279997	5
514	157724	252.000435399996	5
514	157995	252.000484519995	5
514	158460	252.000628199995	5
514	158528	252.000648679994	5
514	158667	252.000709079996	5
514	158728	252.000729559995	5
514	158834	252.000778679994	5
514	158884	252.000799159993	5
514	158965	252.000848279992	5
514	159006	252.000868759991	5
514	159298	255.0002458	5
514	159371	255.000294919999	5
514	159453	255.000344039998	5
514	159554	255.000393159997	5
514	159806	255.0005254	5
514	159878	255.000545879999	5
514	159997	255.000594999998	5
514	160039	255.000615479997	5
514	160137	255.000664599996	5
514	160178	255.000685079995	5
514	160259	255.000734199994	5
514	160300	255.000754679993	5
514	160592	258.0002458	5
514	160665	258.000294919999	5
514	160747	258.000344039998	5
514	160848	258.000393159997	5
514	161100	258.0005254	5
514	161172	258.000545879999	5
514	161291	258.000594999998	5
514	161333	258.000615479997	5
514	161431	258.000664599996	5
514	161472	258.000685079995	5
514	161553	258.000734199994	5
514	161594	258.000754679993	5
514	161886	261.0002458	5
514	161959	261.000294919999	5
514	162041	261.000344039998	5
514	162142	261.000393159997	5
514	162394	261.0005254	5
514	162466	261.000545879999	5
514	162585	261.000594999998	5
514	162627	261.000615479997	5
514	162725	261.000664599996	5
514	162766	261.000685079995	5
514	162847	261.000734199994	5
514	162888	261.000754679993	5
514	164416	264.0002458	5
514	164818	264.000386279997	5
514	165008	264.000435399996	5
514	165279	264.000484519995	5
514	165744	264.000628199995	5
514	165812	264.000648679994	5
514	165951	264.000709079996	5
514	166012	264.000729559995	5
514	166118	264.000778679994	5
514	166168	264.000799159993	5
514	166249	264.000848279992	5
514	166290	264.000868759991	5
514	166582	267.0002458	5
514	166655	267.000294919999	5
514	166737	267.000344039998	5
514	166838	267.000393159997	5
514	167090	267.0005254	5
514	167162	267.000545879999	5
514	167281	267.000594999998	5
514	167323	267.000615479997	5
514	167421	267.000664599996	5
514	167462	267.000685079995	5
514	167543	267.000734199994	5
514	167584	267.000754679993	5
514	167876	270.0002458	5
514	167949	270.000294919999	5
514	168031	270.000344039998	5
514	168132	270.000393159997	5
514	168384	270.0005254	5
514	168456	270.000545879999	5
514	168575	270.000594999998	5
514	168617	270.000615479997	5
514	168715	270.000664599996	5
514	168756	270.000685079995	5
514	168837	270.000734199994	5
514	168878	270.000754679993	5
514	169170	273.0002458	5
514	169243	273.000294919999	5
514	169325	273.000344039998	5
514	169426	273.000393159997	5
514	169678	273.0005254	5
514	169750	273.000545879999	5
514	169869	273.000594999998	5
514	169911	273.000615479997	5
514	170009	273.000664599996	5
514	170050	273.000685079995	5
514	170131	273.000734199994	5
514	170172	273.000754679993	5
514	171700	276.0002458	5
514	172102	276.000386279997	5
514	172292	276.000435399996	5
514	172563	276.000484519995	5
514	173028	276.000628199995	5
514	173096	276.000648679994	5
514	173235	276.000709079996	5
514	173296	276.000729559995	5
514	173402	276.000778679994	5
514	173452	276.000799159993	5
514	173533	276.000848279992	5
514	173574	276.000868759991	5
514	173866	279.0002458	5
514	173939	279.000294919999	5
514	174021	279.000344039998	5
514	174122	279.000393159997	5
514	174374	279.0005254	5
514	174446	279.000545879999	5
514	174565	279.000594999998	5
514	174607	279.000615479997	5
514	174705	279.000664599996	5
514	174746	279.000685079995	5
514	174827	279.000734199994	5
514	174868	279.000754679993	5
514	175160	282.0002458	5
514	175233	282.000294919999	5
514	175315	282.000344039998	5
514	175416	282.000393159997	5
514	175668	282.0005254	5
514	175740	282.000545879999	5
514	175859	282.000594999998	5
514	175901	282.000615479997	5
514	175999	282.000664599996	5
514	176040	282.000685079995	5
514	176121	282.000734199994	5
514	176162	282.000754679993	5
514	176454	285.0002458	5
514	176527	285.000294919999	5
514	176609	285.000344039998	5
514	176710	285.000393159997	5
514	176962	285.0005254	5
514	177034	285.000545879999	5
514	177153	285.000594999998	5
514	177195	285.000615479997	5
514	177293	285.000664599996	5
514	177334	285.000685079995	5
514	177415	285.000734199994	5
514	177456	285.000754679993	5
514	178984	288.0002458	5
514	179386	288.000386279997	5
514	179576	288.000435399996	5
514	179847	288.000484519995	5
514	180312	288.000628199995	5
514	180380	288.000648679994	5
514	180519	288.000709079996	5
514	180580	288.000729559995	5
514	180686	288.000778679994	5
514	180736	288.000799159993	5
514	180817	288.000848279992	5
514	180858	288.000868759991	5
514	181150	291.0002458	5
514	181223	291.000294919999	5
514	181305	291.000344039998	5
514	181406	291.000393159997	5
514	181658	291.0005254	5
514	181730	291.000545879999	5
514	181849	291.000594999998	5
514	181891	291.000615479997	5
514	181989	291.000664599996	5
514	182030	291.000685079995	5
514	182111	291.000734199994	5
514	182152	291.000754679993	5
514	182444	294.0002458	5
514	182517	294.000294919999	5
514	182599	294.000344039998	5
514	182700	294.000393159997	5
514	182952	294.0005254	5
514	183024	294.000545879999	5
514	183143	294.000594999998	5
514	183185	294.000615479997	5
514	183283	294.000664599996	5
514	183324	294.000685079995	5
514	183405	294.000734199994	5
514	183446	294.000754679993	5
514	183738	297.0002458	5
514	183811	297.000294919999	5
514	183893	297.000344039998	5
514	183994	297.000393159997	5
514	184246	297.0005254	5
514	184318	297.000545879999	5
514	184437	297.000594999998	5
514	184479	297.000615479997	5
514	184577	297.000664599996	5
514	184618	297.000685079995	5
514	184699	297.000734199994	5
514	184740	297.000754679993	5
514	186268	300.0002458	5
514	186670	300.000386279997	5
514	186860	300.000435399996	5
514	187131	300.000484519995	5
514	187596	300.000628199995	5
514	187664	300.000648679994	5
514	187803	300.000709079996	5
514	187864	300.000729559995	5
514	187970	300.000778679994	5
514	188020	300.000799159993	5
514	188101	300.000848279992	5
514	188142	300.000868759991	5
