513	4631	3.000545879999	1
513	5925	6.000545879999	4
513	7219	9.000545879999	4
513	10763	12.000648679994	4
513	12113	15.000545879999	4
513	13407	18.000545879999	4
513	14701	21.000545879999	4
513	18047	24.000648679994	4
513	19397	27.000545879999	4
513	20691	30.000545879999	4
513	21985	33.000545879999	4
513	25331	36.000648679994	4
513	26681	39.000545879999	4
513	27975	42.000545879999	4
513	29269	45.000545879999	4
513	32615	48.000648679994	4
513	33965	51.000545879999	4
513	35259	54.000545879999	4
513	36553	57.000545879999	4
513	39899	60.000648679994	4
513	41358	63.000545879999	4
513	42652	66.000545879999	4
513	43946	69.000545879999	4
513	47292	72.000648679994	4
513	48642	75.000545879999	4
513	49936	78.000545879999	4
513	51230	81.000545879999	4
513	54576	84.000648679994	4
513	55926	87.000545879999	4
513	57709	90.000545879999	4
513	59004	93.000545879999	4
513	62350	96.000648679994	4
513	63700	99.000545879999	4
513	64994	102.000545879999	4
513	66288	105.000545879999	4
513	69634	108.000648679994	4
513	70984	111.000545879999	4
513	72278	114.000545879999	4
513	73572	117.000545879999	4
513	77599	120.000777559994	4
513	78949	123.000545879999	4
513	80243	126.000545879999	4
513	81537	129.000545879999	4
513	84883	132.000648679994	4
513	86233	135.000545879999	4
513	87527	138.000545879999	4
513	88821	141.000545879999	4
513	92167	144.000648679994	4
513	93517	147.000545879999	4
513	94811	150.000545879999	4
513	96105	153.000545879999	4
513	99451	156.000648679994	4
513	100801	159.000545879999	4
513	102095	162.000545879999	4
513	103389	165.000545879999	4
513	106735	168.000648679994	4
513	108085	171.000545879999	4
513	109379	174.000545879999	4
513	110673	177.000545879999	4
513	114019	180.000648679994	4
513	115369	183.000545879999	4
513	116663	186.000545879999	4
513	117957	189.000545879999	4
513	121303	192.000648679994	4
513	122653	195.000545879999	4
513	123947	198.000545879999	4
513	125241	201.000545879999	4
513	128587	204.000648679994	4
513	129937	207.000545879999	4
513	131231	210.000545879999	4
513	132525	213.000545879999	4
513	135871	216.000648679994	4
513	137221	219.000545879999	4
513	138515	222.000545879999	4
513	139809	225.000545879999	4
513	143155	228.000648679994	4
513	144505	231.000545879999	4
513	145799	234.000545879999	4
513	147093	237.000545879999	4
513	150602	240.000648679994	4
513	152599	243.000589079998	4
513	153893	246.000545879999	4
513	155187	249.000545879999	4
513	158533	252.000648679994	4
513	159883	255.000545879999	4
513	161177	258.000545879999	4
513	162471	261.000545879999	4
513	165817	264.000648679994	4
513	167167	267.000545879999	4
513	168461	270.000545879999	4
513	169755	273.000545879999	4
513	173101	276.000648679994	4
513	174451	279.000545879999	4
513	175745	282.000545879999	4
513	177039	285.000545879999	4
513	180385	288.000648679994	4
513	181735	291.000545879999	4
513	183029	294.000545879999	4
513	184323	297.000545879999	4
513	187669	300.000648679994	4
