539	2911	0.000303079993	5
539	3424	0.000370679993	5
539	4100	3.0002796	5
539	4665	3.0005592	5
539	4721	3.000579679999	5
539	5394	6.0002796	5
539	5959	6.0005592	5
539	6015	6.000579679999	5
539	6688	9.0002796	5
539	7253	9.0005592	5
539	7309	9.000579679999	5
539	9745	12.000382399995	5
539	10824	12.000661999995	5
539	10887	12.000682479994	5
539	11582	15.0002796	5
539	12147	15.0005592	5
539	12203	15.000579679999	5
539	12876	18.0002796	5
539	13441	18.0005592	5
539	13497	18.000579679999	5
539	14170	21.0002796	5
539	14735	21.0005592	5
539	14791	21.000579679999	5
539	17029	24.000382399995	5
539	18108	24.000661999995	5
539	18171	24.000682479994	5
539	18866	27.0002796	5
539	19431	27.0005592	5
539	19487	27.000579679999	5
539	20160	30.0002796	5
539	20725	30.0005592	5
539	20781	30.000579679999	5
539	21454	33.0002796	5
539	22019	33.0005592	5
539	22075	33.000579679999	5
539	24313	36.000382399995	5
539	25392	36.000661999995	5
539	25455	36.000682479994	5
539	26150	39.0002796	5
539	26715	39.0005592	5
539	26771	39.000579679999	5
539	27444	42.0002796	5
539	28009	42.0005592	5
539	28065	42.000579679999	5
539	28738	45.0002796	5
539	29303	45.0005592	5
539	29359	45.000579679999	5
539	31597	48.000382399995	5
539	32676	48.000661999995	5
539	32739	48.000682479994	5
539	33434	51.0002796	5
539	33999	51.0005592	5
539	34055	51.000579679999	5
539	34728	54.0002796	5
539	35293	54.0005592	5
539	35349	54.000579679999	5
539	36022	57.0002796	5
539	36587	57.0005592	5
539	36643	57.000579679999	5
539	38881	60.000382399995	5
539	39960	60.000661999995	5
539	40023	60.000682479994	5
539	40827	63.0002796	5
539	41392	63.0005592	5
539	41448	63.000579679999	5
539	42121	66.0002796	5
539	42686	66.0005592	5
539	42742	66.000579679999	5
539	43415	69.0002796	5
539	43980	69.0005592	5
539	44036	69.000579679999	5
539	46274	72.000382399995	5
539	47353	72.000661999995	5
539	47416	72.000682479994	5
539	48111	75.0002796	5
539	48676	75.0005592	5
539	48732	75.000579679999	5
539	49405	78.0002796	5
539	49970	78.0005592	5
539	50026	78.000579679999	5
539	50699	81.0002796	5
539	51264	81.0005592	5
539	51320	81.000579679999	5
539	53558	84.000382399995	5
539	54637	84.000661999995	5
539	54700	84.000682479994	5
539	55395	87.0002796	5
539	55960	87.0005592	5
539	56016	87.000579679999	5
539	57178	90.0002796	5
539	57743	90.0005592	5
539	57799	90.000579679999	5
539	58473	93.0002796	5
539	59038	93.0005592	5
539	59094	93.000579679999	5
539	61332	96.000382399995	5
539	62411	96.000661999995	5
539	62474	96.000682479994	5
539	63169	99.0002796	5
539	63734	99.0005592	5
539	63790	99.000579679999	5
539	64463	102.0002796	5
539	65028	102.0005592	5
539	65084	102.000579679999	5
539	65757	105.0002796	5
539	66322	105.0005592	5
539	66378	105.000579679999	5
539	68616	108.000382399995	5
539	69695	108.000661999995	5
539	69758	108.000682479994	5
539	70453	111.0002796	5
539	71018	111.0005592	5
539	71074	111.000579679999	5
539	71747	114.0002796	5
539	72312	114.0005592	5
539	72368	114.000579679999	5
539	73041	117.0002796	5
539	73606	117.0005592	5
539	73662	117.000579679999	5
539	76278	120.000468079996	5
539	77631	120.000790879995	5
539	77684	120.000811359994	5
539	78418	123.0002796	5
539	78983	123.0005592	5
539	79039	123.000579679999	5
539	79712	126.0002796	5
539	80277	126.0005592	5
539	80333	126.000579679999	5
539	81006	129.0002796	5
539	81571	129.0005592	5
539	81627	129.000579679999	5
539	83865	132.000382399995	5
539	84944	132.000661999995	5
539	85007	132.000682479994	5
539	85702	135.0002796	5
539	86267	135.0005592	5
539	86323	135.000579679999	5
539	86996	138.0002796	5
539	87561	138.0005592	5
539	87617	138.000579679999	5
539	88290	141.0002796	5
539	88855	141.0005592	5
539	88911	141.000579679999	5
539	91149	144.000382399995	5
539	92228	144.000661999995	5
539	92291	144.000682479994	5
539	92986	147.0002796	5
539	93551	147.0005592	5
539	93607	147.000579679999	5
539	94280	150.0002796	5
539	94845	150.0005592	5
539	94901	150.000579679999	5
539	95574	153.0002796	5
539	96139	153.0005592	5
539	96195	153.000579679999	5
539	98433	156.000382399995	5
539	99512	156.000661999995	5
539	99575	156.000682479994	5
539	100270	159.0002796	5
539	100835	159.0005592	5
539	100891	159.000579679999	5
539	101564	162.0002796	5
539	102129	162.0005592	5
539	102185	162.000579679999	5
539	102858	165.0002796	5
539	103423	165.0005592	5
539	103479	165.000579679999	5
539	105717	168.000382399995	5
539	106796	168.000661999995	5
539	106859	168.000682479994	5
539	107554	171.0002796	5
539	108119	171.0005592	5
539	108175	171.000579679999	5
539	108848	174.0002796	5
539	109413	174.0005592	5
539	109469	174.000579679999	5
539	110142	177.0002796	5
539	110707	177.0005592	5
539	110763	177.000579679999	5
539	113001	180.000382399995	5
539	114080	180.000661999995	5
539	114143	180.000682479994	5
539	114838	183.0002796	5
539	115403	183.0005592	5
539	115459	183.000579679999	5
539	116132	186.0002796	5
539	116697	186.0005592	5
539	116753	186.000579679999	5
539	117426	189.0002796	5
539	117991	189.0005592	5
539	118047	189.000579679999	5
539	120285	192.000382399995	5
539	121364	192.000661999995	5
539	121427	192.000682479994	5
539	122122	195.0002796	5
539	122687	195.0005592	5
539	122743	195.000579679999	5
539	123416	198.0002796	5
539	123981	198.0005592	5
539	124037	198.000579679999	5
539	124710	201.0002796	5
539	125275	201.0005592	5
539	125331	201.000579679999	5
539	127569	204.000382399995	5
539	128648	204.000661999995	5
539	128711	204.000682479994	5
539	129406	207.0002796	5
539	129971	207.0005592	5
539	130027	207.000579679999	5
539	130700	210.0002796	5
539	131265	210.0005592	5
539	131321	210.000579679999	5
539	131994	213.0002796	5
539	132559	213.0005592	5
539	132615	213.000579679999	5
539	134853	216.000382399995	5
539	135932	216.000661999995	5
539	135995	216.000682479994	5
539	136690	219.0002796	5
539	137255	219.0005592	5
539	137311	219.000579679999	5
539	137984	222.0002796	5
539	138549	222.0005592	5
539	138605	222.000579679999	5
539	139278	225.0002796	5
539	139843	225.0005592	5
539	139899	225.000579679999	5
539	142137	228.000382399995	5
539	143216	228.000661999995	5
539	143279	228.000682479994	5
539	143974	231.0002796	5
539	144539	231.0005592	5
539	144595	231.000579679999	5
539	145268	234.0002796	5
539	145833	234.0005592	5
539	145889	234.000579679999	5
539	146562	237.0002796	5
539	147127	237.0005592	5
539	147183	237.000579679999	5
539	149530	240.000382399995	5
539	150916	240.000749599995	5
539	150933	240.000756319994	5
539	152068	243.000322799999	5
539	152633	243.000602399999	5
539	152689	243.000622879998	5
539	153362	246.0002796	5
539	153927	246.0005592	5
539	153983	246.000579679999	5
539	154656	249.0002796	5
539	155221	249.0005592	5
539	155277	249.000579679999	5
539	157515	252.000382399995	5
539	158594	252.000661999995	5
539	158657	252.000682479994	5
539	159352	255.0002796	5
539	159917	255.0005592	5
539	159973	255.000579679999	5
539	160646	258.0002796	5
539	161211	258.0005592	5
539	161267	258.000579679999	5
539	161940	261.0002796	5
539	162505	261.0005592	5
539	162561	261.000579679999	5
539	164799	264.000382399995	5
539	165878	264.000661999995	5
539	165941	264.000682479994	5
539	166636	267.0002796	5
539	167201	267.0005592	5
539	167257	267.000579679999	5
539	167930	270.0002796	5
539	168495	270.0005592	5
539	168551	270.000579679999	5
539	169224	273.0002796	5
539	169789	273.0005592	5
539	169845	273.000579679999	5
539	172083	276.000382399995	5
539	173162	276.000661999995	5
539	173225	276.000682479994	5
539	173920	279.0002796	5
539	174485	279.0005592	5
539	174541	279.000579679999	5
539	175214	282.0002796	5
539	175779	282.0005592	5
539	175835	282.000579679999	5
539	176508	285.0002796	5
539	177073	285.0005592	5
539	177129	285.000579679999	5
539	179367	288.000382399995	5
539	180446	288.000661999995	5
539	180509	288.000682479994	5
539	181204	291.0002796	5
539	181769	291.0005592	5
539	181825	291.000579679999	5
539	182498	294.0002796	5
539	183063	294.0005592	5
539	183119	294.000579679999	5
539	183792	297.0002796	5
539	184357	297.0005592	5
539	184413	297.000579679999	5
539	186651	300.000382399995	5
539	187730	300.000661999995	5
539	187793	300.000682479994	5
