564	3184	0.00033171999	5
564	3657	0.000406039989	5
564	4264	3.000377839998	5
564	4963	3.000698399996	5
564	4999	3.000718879995	5
564	5558	6.000377839998	5
564	6257	6.000698399996	5
564	6293	6.000718879995	5
564	6852	9.000377839998	5
564	7551	9.000698399996	5
564	7587	9.000718879995	5
564	10422	12.000513199994	5
564	11151	12.000812479994	5
564	11187	12.000832959993	5
564	11746	15.000377839998	5
564	12445	15.000698399996	5
564	12481	15.000718879995	5
564	13040	18.000377839998	5
564	13739	18.000698399996	5
564	13775	18.000718879995	5
564	14334	21.000377839998	5
564	15033	21.000698399996	5
564	15069	21.000718879995	5
564	17706	24.000513199994	5
564	18435	24.000812479994	5
564	18471	24.000832959993	5
564	19030	27.000377839998	5
564	19729	27.000698399996	5
564	19765	27.000718879995	5
564	20324	30.000377839998	5
564	21023	30.000698399996	5
564	21059	30.000718879995	5
564	21618	33.000377839998	5
564	22317	33.000698399996	5
564	22353	33.000718879995	5
564	24990	36.000513199994	5
564	25719	36.000812479994	5
564	25755	36.000832959993	5
564	26314	39.000377839998	5
564	27013	39.000698399996	5
564	27049	39.000718879995	5
564	27608	42.000377839998	5
564	28307	42.000698399996	5
564	28343	42.000718879995	5
564	28902	45.000377839998	5
564	29601	45.000698399996	5
564	29637	45.000718879995	5
564	32274	48.000513199994	5
564	33003	48.000812479994	5
564	33039	48.000832959993	5
564	33598	51.000377839998	5
564	34297	51.000698399996	5
564	34333	51.000718879995	5
564	34892	54.000377839998	5
564	35591	54.000698399996	5
564	35627	54.000718879995	5
564	36186	57.000377839998	5
564	36885	57.000698399996	5
564	36921	57.000718879995	5
564	39558	60.000513199994	5
564	40296	60.000812479994	5
564	40368	60.000832959993	5
564	40377	60.000839679992	5
564	40991	63.000377839998	5
564	41690	63.000698399996	5
564	41726	63.000718879995	5
564	42285	66.000377839998	5
564	42984	66.000698399996	5
564	43020	66.000718879995	5
564	43579	69.000377839998	5
564	44278	69.000698399996	5
564	44314	69.000718879995	5
564	46951	72.000513199994	5
564	47680	72.000812479994	5
564	47716	72.000832959993	5
564	48275	75.000377839998	5
564	48974	75.000698399996	5
564	49010	75.000718879995	5
564	49569	78.000377839998	5
564	50268	78.000698399996	5
564	50304	78.000718879995	5
564	50863	81.000377839998	5
564	51562	81.000698399996	5
564	51598	81.000718879995	5
564	54235	84.000513199994	5
564	54964	84.000812479994	5
564	55000	84.000832959993	5
564	55559	87.000377839998	5
564	56258	87.000698399996	5
564	56294	87.000718879995	5
564	57342	90.000377839998	5
564	58041	90.000698399996	5
564	58077	90.000718879995	5
564	58637	93.000377839998	5
564	59336	93.000698399996	5
564	59372	93.000718879995	5
564	62009	96.000513199994	5
564	62738	96.000812479994	5
564	62774	96.000832959993	5
564	63333	99.000377839998	5
564	64032	99.000698399996	5
564	64068	99.000718879995	5
564	64627	102.000377839998	5
564	65326	102.000698399996	5
564	65362	102.000718879995	5
564	65921	105.000377839998	5
564	66620	105.000698399996	5
564	66656	105.000718879995	5
564	69293	108.000513199994	5
564	70022	108.000812479994	5
564	70058	108.000832959993	5
564	70617	111.000377839998	5
564	71316	111.000698399996	5
564	71352	111.000718879995	5
564	71911	114.000377839998	5
564	72610	114.000698399996	5
564	72646	114.000718879995	5
564	73205	117.000377839998	5
564	73904	117.000698399996	5
564	73940	117.000718879995	5
564	77057	120.000583519992	5
564	77925	120.00095543999	5
564	77961	120.000975919989	5
564	78582	123.000377839998	5
564	79281	123.000698399996	5
564	79317	123.000718879995	5
564	79876	126.000377839998	5
564	80575	126.000698399996	5
564	80611	126.000718879995	5
564	81170	129.000377839998	5
564	81869	129.000698399996	5
564	81905	129.000718879995	5
564	84542	132.000513199994	5
564	85271	132.000812479994	5
564	85307	132.000832959993	5
564	85866	135.000377839998	5
564	86565	135.000698399996	5
564	86601	135.000718879995	5
564	87160	138.000377839998	5
564	87859	138.000698399996	5
564	87895	138.000718879995	5
564	88454	141.000377839998	5
564	89153	141.000698399996	5
564	89189	141.000718879995	5
564	91826	144.000513199994	5
564	92555	144.000812479994	5
564	92591	144.000832959993	5
564	93150	147.000377839998	5
564	93849	147.000698399996	5
564	93885	147.000718879995	5
564	94444	150.000377839998	5
564	95143	150.000698399996	5
564	95179	150.000718879995	5
564	95738	153.000377839998	5
564	96437	153.000698399996	5
564	96473	153.000718879995	5
564	99110	156.000513199994	5
564	99839	156.000812479994	5
564	99875	156.000832959993	5
564	100434	159.000377839998	5
564	101133	159.000698399996	5
564	101169	159.000718879995	5
564	101728	162.000377839998	5
564	102427	162.000698399996	5
564	102463	162.000718879995	5
564	103022	165.000377839998	5
564	103721	165.000698399996	5
564	103757	165.000718879995	5
564	106394	168.000513199994	5
564	107123	168.000812479994	5
564	107159	168.000832959993	5
564	107718	171.000377839998	5
564	108417	171.000698399996	5
564	108453	171.000718879995	5
564	109012	174.000377839998	5
564	109711	174.000698399996	5
564	109747	174.000718879995	5
564	110306	177.000377839998	5
564	111005	177.000698399996	5
564	111041	177.000718879995	5
564	113678	180.000513199994	5
564	114407	180.000812479994	5
564	114443	180.000832959993	5
564	115002	183.000377839998	5
564	115701	183.000698399996	5
564	115737	183.000718879995	5
564	116296	186.000377839998	5
564	116995	186.000698399996	5
564	117031	186.000718879995	5
564	117590	189.000377839998	5
564	118289	189.000698399996	5
564	118325	189.000718879995	5
564	120962	192.000513199994	5
564	121691	192.000812479994	5
564	121727	192.000832959993	5
564	122286	195.000377839998	5
564	122985	195.000698399996	5
564	123021	195.000718879995	5
564	123580	198.000377839998	5
564	124279	198.000698399996	5
564	124315	198.000718879995	5
564	124874	201.000377839998	5
564	125573	201.000698399996	5
564	125609	201.000718879995	5
564	128246	204.000513199994	5
564	128975	204.000812479994	5
564	129011	204.000832959993	5
564	129570	207.000377839998	5
564	130269	207.000698399996	5
564	130305	207.000718879995	5
564	130864	210.000377839998	5
564	131563	210.000698399996	5
564	131599	210.000718879995	5
564	132158	213.000377839998	5
564	132857	213.000698399996	5
564	132893	213.000718879995	5
564	135530	216.000513199994	5
564	136259	216.000812479994	5
564	136295	216.000832959993	5
564	136854	219.000377839998	5
564	137553	219.000698399996	5
564	137589	219.000718879995	5
564	138148	222.000377839998	5
564	138847	222.000698399996	5
564	138883	222.000718879995	5
564	139442	225.000377839998	5
564	140141	225.000698399996	5
564	140177	225.000718879995	5
564	142814	228.000513199994	5
564	143543	228.000812479994	5
564	143579	228.000832959993	5
564	144138	231.000377839998	5
564	144837	231.000698399996	5
564	144873	231.000718879995	5
564	145432	234.000377839998	5
564	146131	234.000698399996	5
564	146167	234.000718879995	5
564	146726	237.000377839998	5
564	147425	237.000698399996	5
564	147461	237.000718879995	5
564	150251	240.000513199994	5
564	151395	240.000922719988	5
564	151424	240.000929439987	5
564	152232	243.000421039997	5
564	152931	243.000741599995	5
564	152967	243.000762079994	5
564	153526	246.000377839998	5
564	154225	246.000698399996	5
564	154261	246.000718879995	5
564	154820	249.000377839998	5
564	155519	249.000698399996	5
564	155555	249.000718879995	5
564	158192	252.000513199994	5
564	158921	252.000812479994	5
564	158957	252.000832959993	5
564	159516	255.000377839998	5
564	160215	255.000698399996	5
564	160251	255.000718879995	5
564	160810	258.000377839998	5
564	161509	258.000698399996	5
564	161545	258.000718879995	5
564	162104	261.000377839998	5
564	162803	261.000698399996	5
564	162839	261.000718879995	5
564	165476	264.000513199994	5
564	166205	264.000812479994	5
564	166241	264.000832959993	5
564	166800	267.000377839998	5
564	167499	267.000698399996	5
564	167535	267.000718879995	5
564	168094	270.000377839998	5
564	168793	270.000698399996	5
564	168829	270.000718879995	5
564	169388	273.000377839998	5
564	170087	273.000698399996	5
564	170123	273.000718879995	5
564	172760	276.000513199994	5
564	173489	276.000812479994	5
564	173525	276.000832959993	5
564	174084	279.000377839998	5
564	174783	279.000698399996	5
564	174819	279.000718879995	5
564	175378	282.000377839998	5
564	176077	282.000698399996	5
564	176113	282.000718879995	5
564	176672	285.000377839998	5
564	177371	285.000698399996	5
564	177407	285.000718879995	5
564	180044	288.000513199994	5
564	180773	288.000812479994	5
564	180809	288.000832959993	5
564	181368	291.000377839998	5
564	182067	291.000698399996	5
564	182103	291.000718879995	5
564	182662	294.000377839998	5
564	183361	294.000698399996	5
564	183397	294.000718879995	5
564	183956	297.000377839998	5
564	184655	297.000698399996	5
564	184691	297.000718879995	5
564	187328	300.000513199994	5
564	188057	300.000812479994	5
564	188093	300.000832959993	5
