589	3183	0.00033171999	5
589	3620	0.00039931999	5
589	4173	3.000328719999	5
589	4833	3.000628799998	5
589	4877	3.000649279997	5
589	5467	6.000328719999	5
589	6127	6.000628799998	5
589	6171	6.000649279997	5
589	6761	9.000328719999	5
589	7421	9.000628799998	5
589	7465	9.000649279997	5
589	10143	12.000463279996	5
589	11011	12.000742879996	5
589	11056	12.000763359995	5
589	11655	15.000328719999	5
589	12315	15.000628799998	5
589	12359	15.000649279997	5
589	12949	18.000328719999	5
589	13609	18.000628799998	5
589	13653	18.000649279997	5
589	14243	21.000328719999	5
589	14903	21.000628799998	5
589	14947	21.000649279997	5
589	17427	24.000463279996	5
589	18295	24.000742879996	5
589	18340	24.000763359995	5
589	18939	27.000328719999	5
589	19599	27.000628799998	5
589	19643	27.000649279997	5
589	20233	30.000328719999	5
589	20893	30.000628799998	5
589	20937	30.000649279997	5
589	21527	33.000328719999	5
589	22187	33.000628799998	5
589	22231	33.000649279997	5
589	24711	36.000463279996	5
589	25579	36.000742879996	5
589	25624	36.000763359995	5
589	26223	39.000328719999	5
589	26883	39.000628799998	5
589	26927	39.000649279997	5
589	27517	42.000328719999	5
589	28177	42.000628799998	5
589	28221	42.000649279997	5
589	28811	45.000328719999	5
589	29471	45.000628799998	5
589	29515	45.000649279997	5
589	31995	48.000463279996	5
589	32863	48.000742879996	5
589	32908	48.000763359995	5
589	33507	51.000328719999	5
589	34167	51.000628799998	5
589	34211	51.000649279997	5
589	34801	54.000328719999	5
589	35461	54.000628799998	5
589	35505	54.000649279997	5
589	36095	57.000328719999	5
589	36755	57.000628799998	5
589	36799	57.000649279997	5
589	39279	60.000463279996	5
589	40147	60.000742879996	5
589	40192	60.000763359995	5
589	40900	63.000328719999	5
589	41560	63.000628799998	5
589	41604	63.000649279997	5
589	42194	66.000328719999	5
589	42854	66.000628799998	5
589	42898	66.000649279997	5
589	43488	69.000328719999	5
589	44148	69.000628799998	5
589	44192	69.000649279997	5
589	46672	72.000463279996	5
589	47540	72.000742879996	5
589	47585	72.000763359995	5
589	48184	75.000328719999	5
589	48844	75.000628799998	5
589	48888	75.000649279997	5
589	49478	78.000328719999	5
589	50138	78.000628799998	5
589	50182	78.000649279997	5
589	50772	81.000328719999	5
589	51432	81.000628799998	5
589	51476	81.000649279997	5
589	53956	84.000463279996	5
589	54824	84.000742879996	5
589	54869	84.000763359995	5
589	55468	87.000328719999	5
589	56128	87.000628799998	5
589	56172	87.000649279997	5
589	57251	90.000328719999	5
589	57911	90.000628799998	5
589	57955	90.000649279997	5
589	58546	93.000328719999	5
589	59206	93.000628799998	5
589	59250	93.000649279997	5
589	61730	96.000463279996	5
589	62598	96.000742879996	5
589	62643	96.000763359995	5
589	63242	99.000328719999	5
589	63902	99.000628799998	5
589	63946	99.000649279997	5
589	64536	102.000328719999	5
589	65196	102.000628799998	5
589	65240	102.000649279997	5
589	65830	105.000328719999	5
589	66490	105.000628799998	5
589	66534	105.000649279997	5
589	69014	108.000463279996	5
589	69882	108.000742879996	5
589	69927	108.000763359995	5
589	70526	111.000328719999	5
589	71186	111.000628799998	5
589	71230	111.000649279997	5
589	71820	114.000328719999	5
589	72480	114.000628799998	5
589	72524	114.000649279997	5
589	73114	117.000328719999	5
589	73774	117.000628799998	5
589	73818	117.000649279997	5
589	77056	120.000583519992	5
589	77830	120.000906319991	5
589	78110	120.001045519987	5
589	78491	123.000328719999	5
589	79151	123.000628799998	5
589	79195	123.000649279997	5
589	79785	126.000328719999	5
589	80445	126.000628799998	5
589	80489	126.000649279997	5
589	81079	129.000328719999	5
589	81739	129.000628799998	5
589	81783	129.000649279997	5
589	84263	132.000463279996	5
589	85131	132.000742879996	5
589	85176	132.000763359995	5
589	85775	135.000328719999	5
589	86435	135.000628799998	5
589	86479	135.000649279997	5
589	87069	138.000328719999	5
589	87729	138.000628799998	5
589	87773	138.000649279997	5
589	88363	141.000328719999	5
589	89023	141.000628799998	5
589	89067	141.000649279997	5
589	91547	144.000463279996	5
589	92415	144.000742879996	5
589	92460	144.000763359995	5
589	93059	147.000328719999	5
589	93719	147.000628799998	5
589	93763	147.000649279997	5
589	94353	150.000328719999	5
589	95013	150.000628799998	5
589	95057	150.000649279997	5
589	95647	153.000328719999	5
589	96307	153.000628799998	5
589	96351	153.000649279997	5
589	98831	156.000463279996	5
589	99699	156.000742879996	5
589	99744	156.000763359995	5
589	100343	159.000328719999	5
589	101003	159.000628799998	5
589	101047	159.000649279997	5
589	101637	162.000328719999	5
589	102297	162.000628799998	5
589	102341	162.000649279997	5
589	102931	165.000328719999	5
589	103591	165.000628799998	5
589	103635	165.000649279997	5
589	106115	168.000463279996	5
589	106983	168.000742879996	5
589	107028	168.000763359995	5
589	107627	171.000328719999	5
589	108287	171.000628799998	5
589	108331	171.000649279997	5
589	108921	174.000328719999	5
589	109581	174.000628799998	5
589	109625	174.000649279997	5
589	110215	177.000328719999	5
589	110875	177.000628799998	5
589	110919	177.000649279997	5
589	113399	180.000463279996	5
589	114267	180.000742879996	5
589	114312	180.000763359995	5
589	114911	183.000328719999	5
589	115571	183.000628799998	5
589	115615	183.000649279997	5
589	116205	186.000328719999	5
589	116865	186.000628799998	5
589	116909	186.000649279997	5
589	117499	189.000328719999	5
589	118159	189.000628799998	5
589	118203	189.000649279997	5
589	120683	192.000463279996	5
589	121551	192.000742879996	5
589	121596	192.000763359995	5
589	122195	195.000328719999	5
589	122855	195.000628799998	5
589	122899	195.000649279997	5
589	123489	198.000328719999	5
589	124149	198.000628799998	5
589	124193	198.000649279997	5
589	124783	201.000328719999	5
589	125443	201.000628799998	5
589	125487	201.000649279997	5
589	127967	204.000463279996	5
589	128835	204.000742879996	5
589	128880	204.000763359995	5
589	129479	207.000328719999	5
589	130139	207.000628799998	5
589	130183	207.000649279997	5
589	130773	210.000328719999	5
589	131433	210.000628799998	5
589	131477	210.000649279997	5
589	132067	213.000328719999	5
589	132727	213.000628799998	5
589	132771	213.000649279997	5
589	135251	216.000463279996	5
589	136119	216.000742879996	5
589	136164	216.000763359995	5
589	136763	219.000328719999	5
589	137423	219.000628799998	5
589	137467	219.000649279997	5
589	138057	222.000328719999	5
589	138717	222.000628799998	5
589	138761	222.000649279997	5
589	139351	225.000328719999	5
589	140011	225.000628799998	5
589	140055	225.000649279997	5
589	142535	228.000463279996	5
589	143403	228.000742879996	5
589	143448	228.000763359995	5
589	144047	231.000328719999	5
589	144707	231.000628799998	5
589	144751	231.000649279997	5
589	145341	234.000328719999	5
589	146001	234.000628799998	5
589	146045	234.000649279997	5
589	146635	237.000328719999	5
589	147295	237.000628799998	5
589	147339	237.000649279997	5
589	149972	240.000463279996	5
589	151146	240.000846399991	5
589	151155	240.00085311999	5
589	152141	243.000371919998	5
589	152801	243.000671999997	5
589	152845	243.000692479996	5
589	153435	246.000328719999	5
589	154095	246.000628799998	5
589	154139	246.000649279997	5
589	154729	249.000328719999	5
589	155389	249.000628799998	5
589	155433	249.000649279997	5
589	157913	252.000463279996	5
589	158781	252.000742879996	5
589	158826	252.000763359995	5
589	159425	255.000328719999	5
589	160085	255.000628799998	5
589	160129	255.000649279997	5
589	160719	258.000328719999	5
589	161379	258.000628799998	5
589	161423	258.000649279997	5
589	162013	261.000328719999	5
589	162673	261.000628799998	5
589	162717	261.000649279997	5
589	165197	264.000463279996	5
589	166065	264.000742879996	5
589	166110	264.000763359995	5
589	166709	267.000328719999	5
589	167369	267.000628799998	5
589	167413	267.000649279997	5
589	168003	270.000328719999	5
589	168663	270.000628799998	5
589	168707	270.000649279997	5
589	169297	273.000328719999	5
589	169957	273.000628799998	5
589	170001	273.000649279997	5
589	172481	276.000463279996	5
589	173349	276.000742879996	5
589	173394	276.000763359995	5
589	173993	279.000328719999	5
589	174653	279.000628799998	5
589	174697	279.000649279997	5
589	175287	282.000328719999	5
589	175947	282.000628799998	5
589	175991	282.000649279997	5
589	176581	285.000328719999	5
589	177241	285.000628799998	5
589	177285	285.000649279997	5
589	179765	288.000463279996	5
589	180633	288.000742879996	5
589	180678	288.000763359995	5
589	181277	291.000328719999	5
589	181937	291.000628799998	5
589	181981	291.000649279997	5
589	182571	294.000328719999	5
589	183231	294.000628799998	5
589	183275	294.000649279997	5
589	183865	297.000328719999	5
589	184525	297.000628799998	5
589	184569	297.000649279997	5
589	187049	300.000463279996	5
589	187917	300.000742879996	5
589	187962	300.000763359995	5
