614	3297	0.00035003999	5
614	3709	0.00041763999	5
614	4376	3.000426959997	5
614	5086	3.000767999994	5
614	5122	3.000788479993	5
614	5670	6.000426959997	5
614	6380	6.000767999994	5
614	6416	6.000788479993	5
614	6964	9.000426959997	5
614	7674	9.000767999994	5
614	7710	9.000788479993	5
614	10598	12.000563119992	5
614	11274	12.000882079992	5
614	11310	12.000902559991	5
614	11858	15.000426959997	5
614	12568	15.000767999994	5
614	12604	15.000788479993	5
614	13152	18.000426959997	5
614	13862	18.000767999994	5
614	13898	18.000788479993	5
614	14446	21.000426959997	5
614	15156	21.000767999994	5
614	15192	21.000788479993	5
614	17882	24.000563119992	5
614	18558	24.000882079992	5
614	18594	24.000902559991	5
614	19142	27.000426959997	5
614	19852	27.000767999994	5
614	19888	27.000788479993	5
614	20436	30.000426959997	5
614	21146	30.000767999994	5
614	21182	30.000788479993	5
614	21730	33.000426959997	5
614	22440	33.000767999994	5
614	22476	33.000788479993	5
614	25166	36.000563119992	5
614	25842	36.000882079992	5
614	25878	36.000902559991	5
614	26426	39.000426959997	5
614	27136	39.000767999994	5
614	27172	39.000788479993	5
614	27720	42.000426959997	5
614	28430	42.000767999994	5
614	28466	42.000788479993	5
614	29014	45.000426959997	5
614	29724	45.000767999994	5
614	29760	45.000788479993	5
614	32450	48.000563119992	5
614	33126	48.000882079992	5
614	33162	48.000902559991	5
614	33710	51.000426959997	5
614	34420	51.000767999994	5
614	34456	51.000788479993	5
614	35004	54.000426959997	5
614	35714	54.000767999994	5
614	35750	54.000788479993	5
614	36298	57.000426959997	5
614	37008	57.000767999994	5
614	37044	57.000788479993	5
614	39734	60.000563119992	5
614	40519	60.000882079992	5
614	40555	60.000902559991	5
614	41103	63.000426959997	5
614	41813	63.000767999994	5
614	41849	63.000788479993	5
614	42397	66.000426959997	5
614	43107	66.000767999994	5
614	43143	66.000788479993	5
614	43691	69.000426959997	5
614	44401	69.000767999994	5
614	44437	69.000788479993	5
614	47127	72.000563119992	5
614	47803	72.000882079992	5
614	47839	72.000902559991	5
614	48387	75.000426959997	5
614	49097	75.000767999994	5
614	49133	75.000788479993	5
614	49681	78.000426959997	5
614	50391	78.000767999994	5
614	50427	78.000788479993	5
614	50975	81.000426959997	5
614	51685	81.000767999994	5
614	51721	81.000788479993	5
614	54411	84.000563119992	5
614	55087	84.000882079992	5
614	55123	84.000902559991	5
614	55671	87.000426959997	5
614	56381	87.000767999994	5
614	56417	87.000788479993	5
614	57454	90.000426959997	5
614	58164	90.000767999994	5
614	58200	90.000788479993	5
614	58749	93.000426959997	5
614	59459	93.000767999994	5
614	59495	93.000788479993	5
614	62185	96.000563119992	5
614	62861	96.000882079992	5
614	62897	96.000902559991	5
614	63445	99.000426959997	5
614	64155	99.000767999994	5
614	64191	99.000788479993	5
614	64739	102.000426959997	5
614	65449	102.000767999994	5
614	65485	102.000788479993	5
614	66033	105.000426959997	5
614	66743	105.000767999994	5
614	66779	105.000788479993	5
614	69469	108.000563119992	5
614	70145	108.000882079992	5
614	70181	108.000902559991	5
614	70729	111.000426959997	5
614	71439	111.000767999994	5
614	71475	111.000788479993	5
614	72023	114.000426959997	5
614	72733	114.000767999994	5
614	72769	114.000788479993	5
614	73317	117.000426959997	5
614	74027	117.000767999994	5
614	74063	117.000788479993	5
614	77178	120.000601839992	5
614	78047	120.001025039988	5
614	78146	120.001065999986	5
614	78694	123.000426959997	5
614	79404	123.000767999994	5
614	79440	123.000788479993	5
614	79988	126.000426959997	5
614	80698	126.000767999994	5
614	80734	126.000788479993	5
614	81282	129.000426959997	5
614	81992	129.000767999994	5
614	82028	129.000788479993	5
614	84718	132.000563119992	5
614	85394	132.000882079992	5
614	85430	132.000902559991	5
614	85978	135.000426959997	5
614	86688	135.000767999994	5
614	86724	135.000788479993	5
614	87272	138.000426959997	5
614	87982	138.000767999994	5
614	88018	138.000788479993	5
614	88566	141.000426959997	5
614	89276	141.000767999994	5
614	89312	141.000788479993	5
614	92002	144.000563119992	5
614	92678	144.000882079992	5
614	92714	144.000902559991	5
614	93262	147.000426959997	5
614	93972	147.000767999994	5
614	94008	147.000788479993	5
614	94556	150.000426959997	5
614	95266	150.000767999994	5
614	95302	150.000788479993	5
614	95850	153.000426959997	5
614	96560	153.000767999994	5
614	96596	153.000788479993	5
614	99286	156.000563119992	5
614	99962	156.000882079992	5
614	99998	156.000902559991	5
614	100546	159.000426959997	5
614	101256	159.000767999994	5
614	101292	159.000788479993	5
614	101840	162.000426959997	5
614	102550	162.000767999994	5
614	102586	162.000788479993	5
614	103134	165.000426959997	5
614	103844	165.000767999994	5
614	103880	165.000788479993	5
614	106570	168.000563119992	5
614	107246	168.000882079992	5
614	107282	168.000902559991	5
614	107830	171.000426959997	5
614	108540	171.000767999994	5
614	108576	171.000788479993	5
614	109124	174.000426959997	5
614	109834	174.000767999994	5
614	109870	174.000788479993	5
614	110418	177.000426959997	5
614	111128	177.000767999994	5
614	111164	177.000788479993	5
614	113854	180.000563119992	5
614	114530	180.000882079992	5
614	114566	180.000902559991	5
614	115114	183.000426959997	5
614	115824	183.000767999994	5
614	115860	183.000788479993	5
614	116408	186.000426959997	5
614	117118	186.000767999994	5
614	117154	186.000788479993	5
614	117702	189.000426959997	5
614	118412	189.000767999994	5
614	118448	189.000788479993	5
614	121138	192.000563119992	5
614	121814	192.000882079992	5
614	121850	192.000902559991	5
614	122398	195.000426959997	5
614	123108	195.000767999994	5
614	123144	195.000788479993	5
614	123692	198.000426959997	5
614	124402	198.000767999994	5
614	124438	198.000788479993	5
614	124986	201.000426959997	5
614	125696	201.000767999994	5
614	125732	201.000788479993	5
614	128422	204.000563119992	5
614	129098	204.000882079992	5
614	129134	204.000902559991	5
614	129682	207.000426959997	5
614	130392	207.000767999994	5
614	130428	207.000788479993	5
614	130976	210.000426959997	5
614	131686	210.000767999994	5
614	131722	210.000788479993	5
614	132270	213.000426959997	5
614	132980	213.000767999994	5
614	133016	213.000788479993	5
614	135706	216.000563119992	5
614	136382	216.000882079992	5
614	136418	216.000902559991	5
614	136966	219.000426959997	5
614	137676	219.000767999994	5
614	137712	219.000788479993	5
614	138260	222.000426959997	5
614	138970	222.000767999994	5
614	139006	222.000788479993	5
614	139554	225.000426959997	5
614	140264	225.000767999994	5
614	140300	225.000788479993	5
614	142990	228.000563119992	5
614	143666	228.000882079992	5
614	143702	228.000902559991	5
614	144250	231.000426959997	5
614	144960	231.000767999994	5
614	144996	231.000788479993	5
614	145544	234.000426959997	5
614	146254	234.000767999994	5
614	146290	234.000788479993	5
614	146838	237.000426959997	5
614	147548	237.000767999994	5
614	147584	237.000788479993	5
614	150427	240.000563119992	5
614	151459	240.000938719989	5
614	151468	240.000945439988	5
614	152344	243.000470159996	5
614	153054	243.000811199993	5
614	153090	243.000831679992	5
614	153638	246.000426959997	5
614	154348	246.000767999994	5
614	154384	246.000788479993	5
614	154932	249.000426959997	5
614	155642	249.000767999994	5
614	155678	249.000788479993	5
614	158368	252.000563119992	5
614	159044	252.000882079992	5
614	159080	252.000902559991	5
614	159628	255.000426959997	5
614	160338	255.000767999994	5
614	160374	255.000788479993	5
614	160922	258.000426959997	5
614	161632	258.000767999994	5
614	161668	258.000788479993	5
614	162216	261.000426959997	5
614	162926	261.000767999994	5
614	162962	261.000788479993	5
614	165652	264.000563119992	5
614	166328	264.000882079992	5
614	166364	264.000902559991	5
614	166912	267.000426959997	5
614	167622	267.000767999994	5
614	167658	267.000788479993	5
614	168206	270.000426959997	5
614	168916	270.000767999994	5
614	168952	270.000788479993	5
614	169500	273.000426959997	5
614	170210	273.000767999994	5
614	170246	273.000788479993	5
614	172936	276.000563119992	5
614	173612	276.000882079992	5
614	173648	276.000902559991	5
614	174196	279.000426959997	5
614	174906	279.000767999994	5
614	174942	279.000788479993	5
614	175490	282.000426959997	5
614	176200	282.000767999994	5
614	176236	282.000788479993	5
614	176784	285.000426959997	5
614	177494	285.000767999994	5
614	177530	285.000788479993	5
614	180220	288.000563119992	5
614	180896	288.000882079992	5
614	180932	288.000902559991	5
614	181480	291.000426959997	5
614	182190	291.000767999994	5
614	182226	291.000788479993	5
614	182774	294.000426959997	5
614	183484	294.000767999994	5
614	183520	294.000788479993	5
614	184068	297.000426959997	5
614	184778	297.000767999994	5
614	184814	297.000788479993	5
614	187504	300.000563119992	5
614	188180	300.000882079992	5
614	188216	300.000902559991	5
