t	dso	threshold	real_status
3.000009896	41.671656067	100	41.6716566609
6.000009896	40.8249474937	100	40.8249476328
9.000009896	34.3404097977	100	34.3404096036
12.000009896	45.3518461451	100	45.3518463791
15.000009896	36.3136824675	100	36.3136825975
18.000009896	36.3281527791	100	36.3281521169
21.000009896	37.8729022659	100	37.8729026717
24.000009896	39.7805531512	100	39.780553365
27.000009896	37.3468162515	100	37.3468160852
30.000009896	39.947053602	100	39.9470535121
33.000009896	36.1600794678	100	36.1600795269
36.000009896	36.0243629853	100	36.0243620726
39.000009896	37.4925282981	100	37.4925284052
42.000009896	40.3049393755	100	40.3049391455
45.000009896	41.6652310388	100	41.665230244
48.000009896	42.4306579703	100	42.4306574625
51.000009896	38.8324012497	100	38.8324015004
54.000009896	41.8332394735	100	41.833239258
57.000009896	36.9838353609	100	36.983835681
60.000009896	38.2376952024	100	70.2078138096
63.000009896	41.8297903877	100	73.6362874013
66.000009896	39.0585861606	100	71.7438285363
69.000009896	36.3396420447	100	68.9279647404
72.000009896	42.9054317184	100	74.7657824635
75.000009896	43.7990802051	100	75.5334224765
78.000009896	43.4251508445	100	77.2952835705
81.000009896	42.0869291496	100	75.2584379742
84.000009896	42.7453097848	100	73.5665129633
87.000009896	43.9026283411	100	74.8032378635
90.000009896	40.7413950345	100	72.8950069673
93.000009896	40.9089832833	100	72.9039848873
96.000009896	40.5604510403	100	72.7825093267
99.000009896	41.2778937266	100	72.7019039388
102.000009896	43.0128871095	100	73.4229237442
105.000009896	41.3524002712	100	73.0879779902
108.000009896	37.997153669	100	69.5686289578
111.000009896	38.3912416462	100	69.6121640061
114.000009896	42.5319054929	100	72.508438614
117.000009896	42.1658458821	100	72.4901640177
120.000009896	38.5719667325	100	69.5376540172
123.000028016	37.5494862084	100	68.6981661819
126.000009896	40.4454807863	100	71.5779265397
129.000009896	41.1444182801	100	72.0240150385
132.000009896	40.7952679925	100	73.8930058703
135.000009896	37.6956001689	100	67.432731144
138.000009896	41.7876317625	100	73.6760896137
141.000009896	38.3472549849	100	70.8237316288
144.000009896	42.8944805315	100	73.9144683533
147.000009896	38.1542332336	100	67.7213215605
150.000009896	40.0430333101	100	70.6922505099
153.000009896	38.4938585493	100	69.0158900749
156.000009896	43.6827204749	100	75.3275699984
159.000009896	37.6241770219	100	68.036401651
162.000009896	38.8937876322	100	71.0434960467
165.000009896	40.831222642	100	72.592638276
168.000009896	40.2994338631	100	72.4275402036
171.000009896	39.9466551216	100	71.4380774728
174.000009896	42.2546246784	100	74.3538094218
177.000009896	44.8247258791	100	74.8176611109
180.000009896	41.9062333658	100	73.3573940436
183.000009896	40.9904520665	100	72.8747919774
186.000009896	38.7682534568	100	71.0702529655
189.000009896	37.227320428	100	67.6239496007
192.000009896	39.3093604232	100	70.0706199503
195.000009896	36.6634216195	100	69.5507564059
198.000009896	41.6213818505	100	71.6500679837
201.000009896	41.5023437068	100	74.1896452519
204.000009896	40.588094511	100	73.3622764618
207.000009896	41.0418488525	100	73.2243401473
210.000009896	35.8061164032	100	68.0056352322
213.000009896	43.5415527384	100	75.9509281769
216.000009896	40.1144834131	100	72.6279170233
219.000009896	38.6083236666	100	71.4459202899
222.000009896	39.5702955601	100	70.5854933043
225.000009896	37.5791213022	100	68.5457059303
228.000009896	42.4578977562	100	74.5982996338
231.000009896	39.0946202558	100	71.1164091137
234.000009896	38.3461946431	100	69.694437137
237.000009896	41.6973853818	100	72.9839910338
240.000009896	42.702336792	100	76.2164009334
243.000009896	39.5286966654	100	72.4890173597
246.000028016	35.3821276135	100	67.8328810699
249.000009896	40.9580764941	100	73.1969290844
252.000009896	42.2707028506	100	73.571778582
255.000009896	42.5790818676	100	74.0822353524
258.000009896	43.4298800365	100	76.4461732128
261.000009896	38.8315845524	100	71.7389205898
264.000009896	42.6246647094	100	76.2529719854
267.000009896	40.3150416838	100	70.8052668917
270.000009896	40.1704249825	100	72.1208181348
273.000009896	39.5998445402	100	70.3685225268
276.000009896	40.2889889572	100	71.7972991757
279.000009896	42.4834717369	100	73.8464429864
282.000009896	38.5992063498	100	71.5977137649
285.000009896	40.4158879347	100	72.5481766261
288.000009896	44.3102232788	100	75.0326026642
291.000009896	43.5739533932	100	75.7752845425
294.000009896	34.7451201256	100	66.9157337301
297.000009896	39.739638353	100	72.7997294146
300.000009896	37.2033266618	100	68.160270745

