	real_status	dso	threshold	attackFree
3	10.3890586609	10.389059	25	10.320091
6	9.6060916328	9.606092	25	9.18972
9	7.5863536036	7.586354	25	10.45695
12	12.6962843791	12.696284	25	9.116979
15	10.3773125975	10.377313	25	9.055073
18	9.0659821169	9.065982	25	11.988283
21	11.7719046717	11.771905	25	11.299497
24	9.220892365	9.220892	25	9.075681
27	8.5275910852	8.527591	25	10.313802
30	10.1269285121	10.126929	25	8.71717
33	10.1907745269	10.190775	25	9.268931
36	8.0813410726	8.081341	25	12.313526
39	6.8565624052	6.856562	25	10.549354
42	10.5811291455	10.581129	25	11.442902
45	10.636003244	10.636003	25	10.582384
48	10.6208834625	10.620883	25	9.068634
51	9.4587565004	9.458757	25	9.141069
54	12.106723258	12.106723	25	10.235045
57	8.078241681	8.078242	25	10.470747
60	42.2839198096	10.313802	25	42.701378
63	42.1202994013	10.313802	25	9.230124
66	42.9990435363	10.313802	25	9.677593
69	42.9021247404	10.313802	25	8.527698
72	42.1741534635	10.313802	25	10.046412
75	42.0481444765	10.313802	25	8.141057
78	44.1839345705	10.313802	25	9.430073
81	43.4853109742	10.313802	25	9.194044
84	41.1350049633	10.313802	25	9.692339
87	41.2144118635	10.313802	25	8.537716
90	42.4674139673	10.313802	25	8.854469
93	42.3088038873	10.313802	25	9.265846
96	42.5358603267	10.313802	25	8.834328
99	41.7378119388	10.313802	25	8.000737
102	40.7238387442	10.313802	25	7.268774
105	42.0493789902	10.313802	25	9.431935
108	41.8852769578	10.313802	25	10.910446
111	41.5347250061	10.313802	25	8.357433
114	40.290334614	10.313802	25	9.796565
117	40.6381200177	10.313802	25	10.325099
120	41.2794890172	10.313802	25	9.561579
123	41.4624821819	10.313802	25	9.577083
126	41.4462475397	10.313802	25	10.03616
129	41.1933990385	10.313802	25	7.242652
132	43.4115398703	10.313802	25	8.07908
135	40.050933144	10.313802	25	9.621667
138	42.2022596137	10.313802	25	8.649399
141	42.7902786288	10.313802	25	7.984943
144	41.3337893533	10.313802	25	7.787334
147	39.8808895605	10.313802	25	9.108818
150	40.9630185099	10.313802	25	6.609027
153	40.8358330749	10.313802	25	8.375213
156	41.9586519984	10.313802	25	9.692091
159	40.726026651	10.313802	25	9.314304
162	42.4635110467	10.313802	25	8.025996
165	42.075218276	10.313802	25	7.627059
168	42.4419092036	10.313802	25	7.912792
171	41.8052244728	10.313802	25	9.505457
174	42.4129874218	10.313802	25	8.647593
177	40.3067371109	10.313802	25	9.326934
180	41.7649620436	10.313802	25	9.107304
183	42.1981429774	10.313802	25	9.523221
186	42.6158019655	10.313802	25	7.630332
189	40.7104316007	10.313802	25	9.144307
192	41.0750609503	10.313802	25	10.448546
195	43.2011374059	10.313802	25	9.92996
198	40.3424879837	10.313802	25	9.76381
201	43.0011032519	10.313802	25	8.615826
204	43.0879834618	10.313802	25	8.084234
207	42.4962931473	10.313802	25	9.009598
210	42.5133212322	10.313802	25	9.556273
213	42.7231771769	10.313802	25	8.663506
216	42.8272360233	10.313802	25	8.697373
219	43.1513992899	10.313802	25	9.462199
222	41.3289993043	10.313802	25	10.257187
225	41.2803859303	10.313802	25	8.687008
228	42.4542036338	10.313802	25	6.881989
231	42.3355911137	10.313802	25	9.901902
234	41.662044137	10.313802	25	9.817506
237	41.6004070338	10.313802	25	9.974953
240	43.8278659334	10.313802	25	10.322643
243	43.2741223597	10.313802	25	10.867855
246	42.7645550699	10.313802	25	9.087482
249	42.5526550844	10.313802	25	9.18803
252	41.614877582	10.313802	25	9.080117
255	41.8169543524	10.313802	25	10.243988
258	43.3300962128	10.313802	25	7.675608
261	43.2211375898	10.313802	25	8.817664
264	43.9421099854	10.313802	25	7.947691
267	40.8040278917	10.313802	25	10.209847
270	42.2641951348	10.313802	25	10.190205
273	41.0824795268	10.313802	25	9.801746
276	41.8221121757	10.313802	25	10.202342
279	41.6767729864	10.313802	25	10.449007
282	43.3123097649	10.313802	25	10.951921
285	42.4460906261	10.313802	25	10.106681
288	41.0361806642	10.313802	25	9.065323
291	42.5151335425	10.313802	25	8.715387
294	42.4844157301	10.313802	25	8.393171
297	43.3738924146	10.313802	25	7.356318
300	41.270746745	10.313802	25	8.553347

