time	dso	threshold	real
3.000009896	41.0507984803	100	41.050798263
6.000009896	37.0619195827	100	37.0619196678
9.000009896	35.4159403498	100	35.4159397514
12.000009896	35.0010433459	100	35.0010437597
15.000009896	45.3559388056	100	45.3559382927
18.000009896	42.6101264355	100	42.6101259609
21.000009896	38.0831010955	100	38.0831003759
24.000009896	44.954392963	100	44.954393761
27.000009896	41.1426497075	100	41.1426494556
30.000009896	38.0212158161	100	38.0212147539
33.000009896	44.0123827171	100	44.0123827492
36.000009896	38.9983901464	100	38.9983894221
39.000009896	40.7861072213	100	40.7861070537
42.000009896	38.5188770437	100	38.5188762076
45.000009896	40.6096958535	100	40.6096957233
48.000009896	35.4467775046	100	35.4467778101
51.000009896	38.4844605825	100	38.4844606817
54.000009896	38.2035695265	100	38.203569898
57.000009896	44.3619831382	100	44.3619829382
60.000009896	55.6334906504	100	33.3963589284
63.000009896	60.0482223299	100	34.2705367011
66.000009896	64.1935028775	100	41.1869605756
69.000009896	62.1910609988	100	37.33765453
72.000009896	61.4379257548	100	37.1654290751
75.000009896	60.5291661653	100	36.1051016273
78.000009896	60.5963527577	100	34.344979
81.000009896	63.7471961489	100	37.495823
84.000009896	60.0604834959	100	33.809109
87.000009896	59.8667744093	100	33.6154
90.000009896	65.2744885446	100	39.023115
93.000009896	63.8866782367	100	34.8522891619
96.000009896	60.2779587737	100	30.853743856
99.000009896	62.2512630416	100	33.673597642
102.000009896	61.0107828863	100	32.7161295346
105.000009896	57.4132494674	100	28.9964697823
108.000009896	32.7792734105	100	32.779273
111.000009896	30.149666692	100	30.149666
114.000009896	31.2192903646	100	31.219291
117.000009896	31.1142666385	100	31.114266
120.000009896	28.5127197507	100	28.512719
123.000028016	30.179658594	100	30.179658
126.000009896	26.7123370403	100	26.712337
129.000009896	27.2999250474	100	27.299924
132.000009896	30.7123721144	100	30.712372
135.000009896	25.5717535732	100	25.571754
138.000009896	29.7703025235	100	29.770302
141.000009896	32.389822101	100	32.389822
144.000009896	30.0449708407	100	30.044971
147.000009896	30.5180126119	100	30.518012
150.000009896	31.316400164	100	31.3164
153.000009896	29.8304599194	100	29.83046
156.000009896	30.8061889663	100	30.806189
159.000009896	28.5174443876	100	28.517444
162.000009896	31.5366871523	100	31.536687
165.000009896	29.6400847421	100	29.640084
168.000009896	33.4202862437	100	33.420286
171.000009896	30.3974161446	100	30.397416
174.000009896	33.7008612617	100	33.700862
177.000009896	28.8370521764	100	28.837052
180.000009896	31.0632149042	100	31.063215
183.000009896	28.5333438377	100	28.533344
186.000009896	30.4673123021	100	30.467312
189.000009896	25.2451345056	100	25.245135
192.000009896	28.2000413987	100	28.200041
195.000009896	31.2732408714	100	31.273241
198.000009896	29.8710112651	100	29.871011
201.000009896	32.0999788085	100	32.099979
204.000009896	32.3368822293	100	32.336883
207.000009896	29.9714068881	100	29.971408
210.000009896	26.7855234907	100	26.785524
213.000009896	29.434450761	100	29.43445
216.000009896	32.1370787916	100	32.137078
219.000009896	31.5456891074	100	31.545689
222.000009896	28.8405524696	100	28.840552
225.000009896	34.5281916513	100	34.528191
228.000009896	27.7637106524	100	27.76371
231.000009896	25.0471955404	100	25.047196
234.000009896	31.7711874999	100	31.771187
237.000009896	30.9885796033	100	30.98858
240.000009896	29.4738843964	100	29.473884
243.000009896	32.6915435141	100	32.691544
246.000028016	27.9794264129	100	27.979427
249.000009896	29.6307333825	100	29.630734
252.000009896	29.9741064095	100	29.974106
255.000009896	31.1064649464	100	31.106466
258.000009896	31.4946376092	100	31.494638
261.000009896	24.3977374439	100	24.397737
264.000009896	31.9322972377	100	31.932297
267.000009896	30.7052404122	100	30.705239
270.000009896	26.226619536	100	26.22662
273.000009896	33.4190685353	100	33.419068
276.000009896	26.5615586803	100	26.561558
279.000009896	30.9002951569	100	30.900295
282.000009896	31.2658492038	100	31.265849
285.000009896	34.1536282938	100	34.153629
288.000009896	29.9982856623	100	29.998286
291.000009896	27.89925933	100	27.89926
294.000009896	33.636588973	100	33.636589
297.000009896	30.986831212	100	30.986831
300.000009896	31.2143436947	100	31.214344

