	real	compromisedValues	threshold	AttackFree
3	10.319759263	10.319759	25	10.704755
6	8.8501126678	8.850113	25	12.622824
9	9.5759627514	9.575963	25	9.453946
12	9.3056947597	9.305695	25	10.853449
15	11.1293202927	11.12932	25	9.007804
18	10.3801999609	10.3802	25	7.48636
21	9.5264893759	9.526489	25	9.218323
24	11.661360761	11.661361	25	10.7613
27	10.1084514556	10.108451	25	9.988237
30	9.4309307539	9.430931	25	10.817469
33	8.9043447492	8.904345	25	10.794109
36	8.2563354221	8.256335	25	8.049903
39	9.6460590537	9.646059	25	11.0463
42	9.6370432076	9.637043	25	10.925903
45	8.7577487233	8.757749	25	11.382092
48	9.4156798101	9.41568	25	9.168542
51	9.4548336817	9.454834	25	9.940235
54	9.384887898	9.384888	25	8.532177
57	12.7267289382	12.726729	25	10.191699
60	9.0142419284	31.251374	25	9.830174
63	5.4736877011	31.251374	25	9.996697
66	8.2448305756	31.251374	25	11.700043
69	6.39796753	31.251374	25	12.69816
72	6.9788760751	31.251374	25	9.215574
75	6.8273086273	31.251374	25	10.271301
78	5	31.251374	25	9.145076
81	5	31.251374	25	11.826112
84	5	31.251374	25	9.487255
87	5	31.251374	25	8.602372
90	5	31.251374	25	11.433303
93	2.2169841619	31.251374	25	11.829015
96	1.827158856	31.251374	25	9.609627
99	2.673708642	31.251374	25	8.776548
102	2.9567205346	31.251374	25	11.372582
105	2.8345947823	31.251374	25	12.579841
108	0	0	25	8.748442
111	0	0	25	10.393656
114	0	0	25	8.669014
117	0	0	25	11.607146
120	0	0	25	9.589732
123	0	0	25	10.733063
126	0	0	25	9.609214
129	0	0	25	9.727793
132	0	0	25	10.601631
135	0	0	25	11.231253
138	0	0	25	8.754694
141	0	0	25	10.8212
144	0	0	25	10.789464
147	0	0	25	10.776479
150	0	0	25	10.812277
153	0	0	25	10.644661
156	0	0	25	11.060126
159	0	0	25	11.082765
162	0	0	25	10.114411
165	0	0	25	7.885634
168	0	0	25	10.637916
171	0	0	25	11.044753
174	0	0	25	8.263048
177	0	0	25	10.795935
180	0	0	25	10.583035
183	0	0	25	11.54038
186	0	0	25	9.621429
189	0	0	25	9.965001
192	0	0	25	9.679668
195	0	0	25	8.654681
198	0	0	25	10.310223
201	0	0	25	8.520612
204	0	0	25	8.545713
207	0	0	25	8.41843
210	0	0	25	10.303913
213	0	0	25	11.904941
216	0	0	25	8.861085
219	0	0	25	9.43496
222	0	0	25	11.826915
225	0	0	25	11.572457
228	0	0	25	8.989008
231	0	0	25	9.338138
234	0	0	25	10.332093
237	0	0	25	8.688104
240	0	0	25	9.076129
243	0	0	25	10.88956
246	0	0	25	9.875799
249	0	0	25	9.716707
252	0	0	25	9.81001
255	0	0	25	10.230358
258	0	0	25	10.888579
261	0	0	25	8.814575
264	0	0	25	9.961092
267	0	0	25	7.582931
270	0	0	25	10.816601
273	0	0	25	11.070354
276	0	0	25	9.577023
279	0	0	25	10.046455
282	0	0	25	12.018239
285	0	0	25	9.72812
288	0	0	25	7.092701
291	0	0	25	11.170669
294	0	0	25	11.934126
297	0	0	25	11.504869
300	0	0	25	8.926691

