496	4631	3.000545879999	1
496	5925	6.000545879999	4
496	7219	9.000545879999	4
496	8513	12.000545879999	4
496	9807	15.000545879999	4
496	11101	18.000545879999	4
496	12395	21.000545879999	4
496	13689	24.000545879999	4
496	14983	27.000545879999	4
496	18343	30.000617719993	4
496	20669	33.000545879999	4
496	21963	36.000545879999	4
496	23257	39.000545879999	4
496	24551	42.000545879999	4
496	25845	45.000545879999	4
496	27139	48.000545879999	4
496	28433	51.000545879999	4
496	29727	54.000545879999	4
496	31021	57.000545879999	4
496	31768	59.000545879999	4
496	673388	60.000581479992	2001
496	1316130	61.000815399998	2004
496	1956130	62.000815399998	2000
496	2597517	63.000839399985	2003
496	3237959	64.001315399998	2002
496	3878279	65.00181539957	2001
496	4519881	66.002315399143	2005
496	5160201	67.002815398716	2001
496	5800521	68.003315398289	2001
496	6442123	69.003815397863	2005
496	7082443	70.004315397436	2001
496	7722763	71.00481539728	2001
496	8364045	72.00481539728	2004
496	9004045	73.00481539728	2000
496	9644045	74.00481539728	2000
496	10285327	75.00481539728	2004
496	10925327	76.00481539728	2000
496	11565327	77.00481539728	2000
496	12206609	78.00481539728	2004
496	12846609	79.00481539728	2000
496	13486609	80.00481539728	2000
496	14127891	81.00481539728	2004
496	14767891	82.00481539728	2000
496	15407891	83.00481539728	2000
496	16049173	84.00481539728	2004
496	16689173	85.00481539728	2000
496	17329173	86.00481539728	2000
496	17970455	87.00481539728	2004
496	18610455	88.00481539728	2000
496	19250455	89.00481539728	2000
496	19893993	90.00481539728	2004
496	20533994	91.00481539728	2000
496	21173994	92.00481539728	2000
496	21816707	93.00481539728	2004
496	22456707	94.00481539728	2000
496	23096707	95.00481539728	2000
496	23737989	96.00481539728	2004
496	24377989	97.00481539728	2000
496	25017989	98.00481539728	2000
496	25659271	99.00481539728	2004
496	26299271	100.00481539728	2000
496	26939271	101.00481539728	2000
496	27580553	102.00481539728	2004
496	28220553	103.00481539728	2000
496	28860553	104.00481539728	2000
496	29501835	105.00481539728	2004
496	30141835	106.00481539728	2000
496	30781835	107.00481539728	2000
496	31423117	108.00481539728	2004
496	32063117	109.00481539728	2000
496	32703117	110.00481539728	2000
496	33344399	111.00481539728	2004
496	33984399	112.00481539728	2000
496	34624399	113.00481539728	2000
496	35265681	114.00481539728	2004
496	35905681	115.00481539728	2000
496	36545681	116.00481539728	2000
496	37186963	117.00481539728	2004
496	37826963	118.00481539728	2000
496	38466963	119.00481539728	2000
496	39110007	120.00481539728	2004
496	39750007	121.00481539728	2000
496	40390007	122.00481539728	2000
496	41033296	123.00481539728	2004
496	41673296	124.00481539728	2000
496	42313296	125.00481539728	2000
496	42954805	126.00481539728	2004
496	43594805	127.00481539728	2000
496	44235125	128.005315397272	2001
496	44876727	129.005815395839	2005
496	45517047	130.006315394407	2001
496	46157367	131.006815392974	2001
496	46798969	132.007315391541	2005
496	47439289	133.007815390108	2001
496	48079609	134.008315388676	2001
496	48721211	135.008815387243	2005
496	49361531	136.00931538581	2001
496	50001851	137.009815384377	2001
496	50643453	138.010315382945	2005
496	51283773	139.010815381512	2001
496	51924093	140.011315380079	2001
496	52565695	141.011815378788	2005
496	53206015	142.012315377875	2001
496	53846335	143.012815376929	2001
496	54487937	144.013315375925	2005
496	55128257	145.013815374889	2001
496	55768577	146.01431537385	2001
496	56410179	147.014815372782	2005
496	57050499	148.015315371709	2001
496	57690819	149.015815370637	2001
496	58332955	150.016315369564	2005
496	58973275	151.016815368491	2001
496	59613595	152.017315367419	2001
496	60256488	153.017815366346	2005
496	60896808	154.018315365273	2001
496	61537128	155.018815364201	2001
496	62179981	156.019315363129	2005
496	62820301	157.019815362056	2001
496	63460621	158.020315360984	2001
496	64102223	159.020815359911	2005
496	64742543	160.021315358838	2001
496	65382863	161.021815357766	2001
496	66024465	162.022315356693	2005
496	66664785	163.02281535562	2001
496	67305105	164.023315354548	2001
496	67946707	165.023815353476	2005
496	68587027	166.024315352403	2001
496	69227347	167.024815351331	2001
496	69868949	168.025315350258	2005
496	70509269	169.025815349185	2001
496	71149589	170.026315348113	2001
496	71791191	171.02681534704	2005
496	72431511	172.027315345967	2001
496	73071831	173.027815344895	2001
496	73713433	174.028315343823	2005
496	74353753	175.02881534275	2001
496	74994073	176.029315341678	2001
496	75635675	177.029815340605	2005
496	76275995	178.030315339532	2001
496	76916315	179.03081533846	2001
496	77558420	180.031315337387	2005
496	78198740	181.031815336314	2001
496	78839060	182.032315335242	2001
496	79481406	183.03281533417	2005
496	80121726	184.033315333097	2001
496	80762046	185.033815332025	2001
496	81405527	186.034315330952	2005
496	82045847	187.034815329879	2001
496	82686167	188.035315328807	2001
496	83327996	189.035815327734	2005
496	83968316	190.036315326661	2001
496	84608636	191.036815325589	2001
496	85250238	192.037315324517	2005
496	85890558	193.037815323444	2001
496	86530878	194.038315322372	2001
496	87172480	195.038815321299	2005
496	87812800	196.039315320226	2001
496	88453120	197.039815319154	2001
496	89094722	198.040315318081	2005
496	89735042	199.040815317008	2001
496	90375362	200.041315315936	2001
496	91016964	201.041815314864	2005
496	91657284	202.042315313791	2001
496	92297604	203.042815312719	2001
496	92939206	204.043315311646	2005
496	93579526	205.043815310573	2001
496	94219846	206.044315309501	2001
496	94861448	207.044815308428	2005
496	95501768	208.045315307355	2001
496	96142088	209.045815306283	2001
496	96784251	210.046315305211	2005
496	97424571	211.046815304138	2001
496	98064891	212.047315303066	2001
496	98706901	213.047815301993	2005
496	99347221	214.048315300882	2001
496	99987541	215.048815299757	2001
496	100630434	216.049315298634	2005
496	101270754	217.049815297388	2001
496	101911074	218.05031529609	2001
496	102553927	219.050815294793	2005
496	103194247	220.051315293495	2001
496	103834567	221.051815292199	2001
496	104476169	222.052315290883	2005
496	105116489	223.052815289535	2001
496	105756809	224.053315288177	2001
496	106398411	225.053815286818	2005
496	107038731	226.054315285455	2001
496	107679051	227.05481528408	2001
496	108320653	228.055315282697	2005
496	108960973	229.055815281316	2001
496	109601293	230.056315279934	2001
496	110242895	231.056815278552	2005
496	110883215	232.05731527717	2001
496	111523535	233.057815275789	2001
496	112165137	234.058315274407	2005
496	112805457	235.058815273025	2001
496	113445777	236.059315271644	2001
496	114087379	237.059815270261	2005
496	114727699	238.06031526888	2001
496	115368019	239.060815267497	2001
496	116010653	240.061315266116	2005
496	116650973	241.061815264734	2001
496	117291293	242.062315263352	2001
496	117933332	243.06281526197	2005
496	118573652	244.063315260589	2001
496	119213972	245.063815259206	2001
496	119856318	246.064315257825	2005
496	120496638	247.064815256443	2001
496	121136958	248.065315255061	2001
496	121780439	249.06581525368	2005
496	122420759	250.066315252298	2001
496	123061079	251.066815250916	2001
496	123702908	252.067315249534	2005
496	124343228	253.067815248153	2001
496	124983548	254.06831524677	2001
496	125625150	255.068815245389	2005
496	126265470	256.069315244054	2001
496	126905790	257.069815243351	2001
496	127547392	258.070315242649	2005
496	128187712	259.070815241946	2001
496	128828032	260.071315241243	2001
496	129469634	261.07181524054	2005
496	130109954	262.072315239837	2001
496	130750274	263.072815239134	2001
496	131391876	264.073315238432	2005
496	132032196	265.073815237729	2001
496	132672516	266.074315237026	2001
496	133314118	267.074815236323	2005
496	133954438	268.07531523562	2001
496	134594758	269.075815234917	2001
496	135236921	270.076315234215	2005
496	135877241	271.076815233512	2001
496	136517561	272.077315232809	2001
496	137159163	273.077815232106	2005
496	137799483	274.078315231403	2001
496	138439803	275.0788152307	2001
496	139081813	276.079315229998	2005
496	139722133	277.079815229295	2001
496	140362453	278.080315228592	2001
496	141005346	279.080815227889	2005
496	141645666	280.081315227186	2001
496	142285986	281.081815226483	2001
496	142928839	282.082315225781	2005
496	143569159	283.082815225078	2001
496	144209479	284.083315224375	2001
496	144851081	285.083815223673	2005
496	145491401	286.08431522297	2001
496	146131721	287.084815222267	2001
496	146773323	288.085315221564	2005
496	147413643	289.085815220861	2001
496	148053963	290.086315220158	2001
496	148695565	291.086815219456	2005
496	149335885	292.087315218753	2001
496	149976205	293.08781521805	2001
496	150617807	294.088315217347	2005
496	151258127	295.088815216644	2001
496	151898447	296.089315215941	2001
496	152540049	297.089815215239	2005
496	153180369	298.090315214536	2001
496	153820689	299.090815213833	2001
496	154462826	300.09131521313	2005
