520	4601	3.000530879999	0.000530879999
520	4787	3.000600479997	0.000600479997
520	4926	3.000670079995	0.000670079995
520	5048	3.000739679993	0.000739679993
520	5895	6.000530879999	0.000530879999
520	6081	6.000600479997	0.000600479997
520	6220	6.000670079995	0.000670079995
520	6342	6.000739679993	0.000739679993
520	7189	9.000530879999	0.000530879999
520	7375	9.000600479997	0.000600479997
520	7514	9.000670079995	0.000670079995
520	7636	9.000739679993	0.000739679993
520	8483	12.000530879999	0.000530879999
520	8669	12.000600479997	0.000600479997
520	8808	12.000670079995	0.000670079995
520	8930	12.000739679993	0.000739679993
520	9777	15.000530879999	0.000530879999
520	9963	15.000600479997	0.000600479997
520	10102	15.000670079995	0.000670079995
520	10224	15.000739679993	0.000739679993
520	11071	18.000530879999	0.000530879999
520	11257	18.000600479997	0.000600479997
520	11396	18.000670079995	0.000670079995
520	11518	18.000739679993	0.000739679993
520	12365	21.000530879999	0.000530879999
520	12551	21.000600479997	0.000600479997
520	12690	21.000670079995	0.000670079995
520	12812	21.000739679993	0.000739679993
520	13659	24.000530879999	0.000530879999
520	13845	24.000600479997	0.000600479997
520	13984	24.000670079995	0.000670079995
520	14106	24.000739679993	0.000739679993
520	14953	27.000530879999	0.000530879999
520	15139	27.000600479997	0.000600479997
520	15278	27.000670079995	0.000670079995
520	15400	27.000739679993	0.000739679993
520	19968	30.000831679992	0.000831679992
520	20163	30.00090127999	0.00090127999
520	20314	30.000970879988	0.000970879988
520	20436	30.001040479986	0.001040479986
520	21283	33.000530879999	0.000530879999
520	21469	33.000600479997	0.000600479997
520	21608	33.000670079995	0.000670079995
520	21730	33.000739679993	0.000739679993
520	22577	36.000530879999	0.000530879999
520	22763	36.000600479997	0.000600479997
520	22902	36.000670079995	0.000670079995
520	23024	36.000739679993	0.000739679993
520	23871	39.000530879999	0.000530879999
520	24057	39.000600479997	0.000600479997
520	24196	39.000670079995	0.000670079995
520	24318	39.000739679993	0.000739679993
520	25165	42.000530879999	0.000530879999
520	25351	42.000600479997	0.000600479997
520	25490	42.000670079995	0.000670079995
520	25612	42.000739679993	0.000739679993
520	26459	45.000530879999	0.000530879999
520	26645	45.000600479997	0.000600479997
520	26784	45.000670079995	0.000670079995
520	26906	45.000739679993	0.000739679993
520	27753	48.000530879999	0.000530879999
520	27939	48.000600479997	0.000600479997
520	28078	48.000670079995	0.000670079995
520	28200	48.000739679993	0.000739679993
520	29047	51.000530879999	0.000530879999
520	29233	51.000600479997	0.000600479997
520	29372	51.000670079995	0.000670079995
520	29494	51.000739679993	0.000739679993
520	30341	54.000530879999	0.000530879999
520	30527	54.000600479997	0.000600479997
520	30666	54.000670079995	0.000670079995
520	30788	54.000739679993	0.000739679993
520	31635	57.000530879999	0.000530879999
520	31821	57.000600479997	0.000600479997
520	31960	57.000670079995	0.000670079995
520	32082	57.000739679993	0.000739679993
520	35105	60.000700079995	0.000700079995
520	35667	60.000769679993	0.000769679993
520	36763	60.001027999989	0.001027999989
520	36885	60.001097599987	0.001097599987
520	38482	63.000752639996	0.000752639996
520	38668	63.000822239994	0.000822239994
520	38807	63.000891839992	0.000891839992
520	38929	63.00096143999	0.00096143999
520	39776	66.000530879999	0.000530879999
520	39962	66.000600479997	0.000600479997
520	40101	66.000670079995	0.000670079995
520	40223	66.000739679993	0.000739679993
520	41070	69.000530879999	0.000530879999
520	41256	69.000600479997	0.000600479997
520	41395	69.000670079995	0.000670079995
520	41517	69.000739679993	0.000739679993
520	42364	72.000530879999	0.000530879999
520	42550	72.000600479997	0.000600479997
520	42689	72.000670079995	0.000670079995
520	42811	72.000739679993	0.000739679993
520	43658	75.000530879999	0.000530879999
520	43844	75.000600479997	0.000600479997
520	43983	75.000670079995	0.000670079995
520	44105	75.000739679993	0.000739679993
520	44952	78.000530879999	0.000530879999
520	45138	78.000600479997	0.000600479997
520	45277	78.000670079995	0.000670079995
520	45399	78.000739679993	0.000739679993
520	46246	81.000530879999	0.000530879999
520	46432	81.000600479997	0.000600479997
520	46571	81.000670079995	0.000670079995
520	46693	81.000739679993	0.000739679993
520	47540	84.000530879999	0.000530879999
520	47726	84.000600479997	0.000600479997
520	47865	84.000670079995	0.000670079995
520	47987	84.000739679993	0.000739679993
520	48834	87.000530879999	0.000530879999
520	49020	87.000600479997	0.000600479997
520	49159	87.000670079995	0.000670079995
520	49281	87.000739679993	0.000739679993
520	50753	90.000530879999	0.000530879999
520	51415	90.000698399995	0.000698399995
520	51840	90.000790959991	0.000790959991
520	52372	90.000870159989	0.000870159989
520	56191	93.000843119992	0.000843119992
520	56377	93.00091271999	0.00091271999
520	56516	93.000982319988	0.000982319988
520	56638	93.001051919986	0.001051919986
520	57485	96.000530879999	0.000530879999
520	57671	96.000600479997	0.000600479997
520	57810	96.000670079995	0.000670079995
520	57932	96.000739679993	0.000739679993
520	58779	99.000530879999	0.000530879999
520	58965	99.000600479997	0.000600479997
520	59104	99.000670079995	0.000670079995
520	59226	99.000739679993	0.000739679993
520	60073	102.000530879999	0.000530879999
520	60259	102.000600479997	0.000600479997
520	60398	102.000670079995	0.000670079995
520	60520	102.000739679993	0.000739679993
520	61367	105.000530879999	0.000530879999
520	61553	105.000600479997	0.000600479997
520	61692	105.000670079995	0.000670079995
520	61814	105.000739679993	0.000739679993
520	62661	108.000530879999	0.000530879999
520	62847	108.000600479997	0.000600479997
520	62986	108.000670079995	0.000670079995
520	63108	108.000739679993	0.000739679993
520	63955	111.000530879999	0.000530879999
520	64141	111.000600479997	0.000600479997
520	64280	111.000670079995	0.000670079995
520	64402	111.000739679993	0.000739679993
520	65249	114.000530879999	0.000530879999
520	65435	114.000600479997	0.000600479997
520	65574	114.000670079995	0.000670079995
520	65696	114.000739679993	0.000739679993
520	66543	117.000530879999	0.000530879999
520	66729	117.000600479997	0.000600479997
520	66868	117.000670079995	0.000670079995
520	66990	117.000739679993	0.000739679993
520	68858	120.000791519992	0.000791519992
520	68996	120.000811999991	0.000811999991
520	69680	120.000949599984	0.000949599984
520	69830	120.000970079983	0.000970079983
520	73068	123.000749199994	0.000749199994
520	73283	123.000769679993	0.000769679993
520	73508	123.000839279991	0.000839279991
520	73632	123.000908879989	0.000908879989
520	75229	126.000752639996	0.000752639996
520	75415	126.000822239994	0.000822239994
520	75554	126.000891839992	0.000891839992
520	75676	126.00096143999	0.00096143999
520	76523	129.000530879999	0.000530879999
520	76709	129.000600479997	0.000600479997
520	76848	129.000670079995	0.000670079995
520	76970	129.000739679993	0.000739679993
520	77817	132.000530879999	0.000530879999
520	78003	132.000600479997	0.000600479997
520	78142	132.000670079995	0.000670079995
520	78264	132.000739679993	0.000739679993
520	79111	135.000530879999	0.000530879999
520	79297	135.000600479997	0.000600479997
520	79436	135.000670079995	0.000670079995
520	79558	135.000739679993	0.000739679993
520	80405	138.000530879999	0.000530879999
520	80591	138.000600479997	0.000600479997
520	80730	138.000670079995	0.000670079995
520	80852	138.000739679993	0.000739679993
520	81699	141.000530879999	0.000530879999
520	81885	141.000600479997	0.000600479997
520	82024	141.000670079995	0.000670079995
520	82146	141.000739679993	0.000739679993
520	82993	144.000530879999	0.000530879999
520	83179	144.000600479997	0.000600479997
520	83318	144.000670079995	0.000670079995
520	83440	144.000739679993	0.000739679993
520	84287	147.000530879999	0.000530879999
520	84473	147.000600479997	0.000600479997
520	84612	147.000670079995	0.000670079995
520	84734	147.000739679993	0.000739679993
520	85581	150.000530879999	0.000530879999
520	85767	150.000600479997	0.000600479997
520	85906	150.000670079995	0.000670079995
520	86028	150.000739679993	0.000739679993
520	87542	153.000581279994	0.000581279994
520	88253	153.000711679994	0.000711679994
520	89507	153.000921999992	0.000921999992
520	90018	153.001096319988	0.001096319988
520	93134	156.000749199994	0.000749199994
520	93211	156.000769679993	0.000769679993
520	93423	156.00088839999	0.00088839999
520	93485	156.000908879989	0.000908879989
520	94332	159.000530879999	0.000530879999
520	94518	159.000600479997	0.000600479997
520	94657	159.000670079995	0.000670079995
520	94779	159.000739679993	0.000739679993
520	95626	162.000530879999	0.000530879999
520	95812	162.000600479997	0.000600479997
520	95951	162.000670079995	0.000670079995
520	96073	162.000739679993	0.000739679993
520	96920	165.000530879999	0.000530879999
520	97106	165.000600479997	0.000600479997
520	97245	165.000670079995	0.000670079995
520	97367	165.000739679993	0.000739679993
520	98214	168.000530879999	0.000530879999
520	98400	168.000600479997	0.000600479997
520	98539	168.000670079995	0.000670079995
520	98661	168.000739679993	0.000739679993
520	99508	171.000530879999	0.000530879999
520	99694	171.000600479997	0.000600479997
520	99833	171.000670079995	0.000670079995
520	99955	171.000739679993	0.000739679993
520	100802	174.000530879999	0.000530879999
520	100988	174.000600479997	0.000600479997
520	101127	174.000670079995	0.000670079995
520	101249	174.000739679993	0.000739679993
520	102096	177.000530879999	0.000530879999
520	102282	177.000600479997	0.000600479997
520	102421	177.000670079995	0.000670079995
520	102543	177.000739679993	0.000739679993
520	103390	180.000530879999	0.000530879999
520	103576	180.000600479997	0.000600479997
520	103715	180.000670079995	0.000670079995
520	103837	180.000739679993	0.000739679993
520	104758	183.000530879999	0.000530879999
520	105546	183.000822159993	0.000822159993
520	105765	183.000891759991	0.000891759991
520	106313	183.000975359987	0.000975359987
520	109780	186.000662559995	0.000662559995
520	110273	186.000732159993	0.000732159993
520	110481	186.000851279991	0.000851279991
520	110603	186.000920879989	0.000920879989
520	111895	189.000530879999	0.000530879999
520	112063	189.000600479997	0.000600479997
520	112233	189.000672159997	0.000672159997
520	112364	189.000741759995	0.000741759995
520	113211	192.000530879999	0.000530879999
520	113397	192.000600479997	0.000600479997
520	113536	192.000670079995	0.000670079995
520	113658	192.000739679993	0.000739679993
520	114505	195.000530879999	0.000530879999
520	114691	195.000600479997	0.000600479997
520	114830	195.000670079995	0.000670079995
520	114952	195.000739679993	0.000739679993
520	115799	198.000530879999	0.000530879999
520	115985	198.000600479997	0.000600479997
520	116124	198.000670079995	0.000670079995
520	116246	198.000739679993	0.000739679993
520	117093	201.000530879999	0.000530879999
520	117279	201.000600479997	0.000600479997
520	117418	201.000670079995	0.000670079995
520	117540	201.000739679993	0.000739679993
520	118387	204.000530879999	0.000530879999
520	118573	204.000600479997	0.000600479997
520	118712	204.000670079995	0.000670079995
520	118834	204.000739679993	0.000739679993
520	119681	207.000530879999	0.000530879999
520	119867	207.000600479997	0.000600479997
520	120006	207.000670079995	0.000670079995
520	120128	207.000739679993	0.000739679993
520	120975	210.000530879999	0.000530879999
520	121161	210.000600479997	0.000600479997
520	121300	210.000670079995	0.000670079995
520	121422	210.000739679993	0.000739679993
520	122269	213.000530879999	0.000530879999
520	122487	213.000600479997	0.000600479997
520	122626	213.000670079995	0.000670079995
520	122748	213.000739679993	0.000739679993
520	124949	216.000678239996	0.000678239996
520	126850	216.00110767999	0.00110767999
520	126912	216.001128159989	0.001128159989
520	127034	216.001197759987	0.001197759987
520	128548	219.000530879999	0.000530879999
520	128911	219.000600479997	0.000600479997
520	129196	219.000798319993	0.000798319993
520	129327	219.000867919991	0.000867919991
520	130174	222.000530879999	0.000530879999
520	130360	222.000600479997	0.000600479997
520	130499	222.000670079995	0.000670079995
520	130621	222.000739679993	0.000739679993
520	131468	225.000530879999	0.000530879999
520	131654	225.000600479997	0.000600479997
520	131793	225.000670079995	0.000670079995
520	131915	225.000739679993	0.000739679993
520	132762	228.000530879999	0.000530879999
520	132948	228.000600479997	0.000600479997
520	133087	228.000670079995	0.000670079995
520	133209	228.000739679993	0.000739679993
520	134056	231.000530879999	0.000530879999
520	134242	231.000600479997	0.000600479997
520	134381	231.000670079995	0.000670079995
520	134503	231.000739679993	0.000739679993
520	135350	234.000530879999	0.000530879999
520	135536	234.000600479997	0.000600479997
520	135675	234.000670079995	0.000670079995
520	135797	234.000739679993	0.000739679993
520	136644	237.000530879999	0.000530879999
520	136830	237.000600479997	0.000600479997
520	136969	237.000670079995	0.000670079995
520	137091	237.000739679993	0.000739679993
520	137947	240.000530879999	0.000530879999
520	138132	240.000600479997	0.000600479997
520	138354	240.000676799994	0.000676799994
520	138521	240.000753119991	0.000753119991
520	139958	243.000581599998	0.000581599998
520	140144	243.000651199996	0.000651199996
520	140283	243.000720799994	0.000720799994
520	140405	243.000790399992	0.000790399992
520	141329	246.000530879999	0.000530879999
520	142551	246.000822239993	0.000822239993
520	142659	246.000891839991	0.000891839991
520	143294	246.000975439987	0.000975439987
520	146498	249.000776159993	0.000776159993
520	146664	249.000845759991	0.000845759991
520	146786	249.000915359989	0.000915359989
520	146908	249.000984959987	0.000984959987
520	147987	252.000530879999	0.000530879999
520	148173	252.000600479997	0.000600479997
520	148312	252.000670079995	0.000670079995
520	148434	252.000739679993	0.000739679993
520	149281	255.000530879999	0.000530879999
520	149467	255.000600479997	0.000600479997
520	149606	255.000670079995	0.000670079995
520	149728	255.000739679993	0.000739679993
520	150575	258.000530879999	0.000530879999
520	150761	258.000600479997	0.000600479997
520	150900	258.000670079995	0.000670079995
520	151022	258.000739679993	0.000739679993
520	151869	261.000530879999	0.000530879999
520	152055	261.000600479997	0.000600479997
520	152194	261.000670079995	0.000670079995
520	152316	261.000739679993	0.000739679993
520	153163	264.000530879999	0.000530879999
520	153349	264.000600479997	0.000600479997
520	153488	264.000670079995	0.000670079995
520	153610	264.000739679993	0.000739679993
520	154457	267.000530879999	0.000530879999
520	154643	267.000600479997	0.000600479997
520	154782	267.000670079995	0.000670079995
520	154904	267.000739679993	0.000739679993
520	155751	270.000530879999	0.000530879999
520	155937	270.000600479997	0.000600479997
520	156076	270.000670079995	0.000670079995
520	156198	270.000739679993	0.000739679993
520	157045	273.000530879999	0.000530879999
520	157231	273.000600479997	0.000600479997
520	157370	273.000670079995	0.000670079995
520	157492	273.000739679993	0.000739679993
520	158339	276.000530879999	0.000530879999
520	158557	276.000600479997	0.000600479997
520	158696	276.000670079995	0.000670079995
520	158818	276.000739679993	0.000739679993
520	161827	279.000655919996	0.000655919996
520	163203	279.00088735999	0.00088735999
520	163582	279.001114159986	0.001114159986
520	163644	279.001134639985	0.001134639985
520	164844	282.000530879999	0.000530879999
520	165181	282.000600479997	0.000600479997
520	165356	282.000670079995	0.000670079995
520	165538	282.000847439992	0.000847439992
520	166385	285.000530879999	0.000530879999
520	166571	285.000600479997	0.000600479997
520	166710	285.000670079995	0.000670079995
520	166832	285.000739679993	0.000739679993
520	167679	288.000530879999	0.000530879999
520	167865	288.000600479997	0.000600479997
520	168004	288.000670079995	0.000670079995
520	168126	288.000739679993	0.000739679993
520	168973	291.000530879999	0.000530879999
520	169159	291.000600479997	0.000600479997
520	169298	291.000670079995	0.000670079995
520	169420	291.000739679993	0.000739679993
520	170267	294.000530879999	0.000530879999
520	170453	294.000600479997	0.000600479997
520	170592	294.000670079995	0.000670079995
520	170714	294.000739679993	0.000739679993
520	171561	297.000530879999	0.000530879999
520	171747	297.000600479997	0.000600479997
520	171886	297.000670079995	0.000670079995
520	172008	297.000739679993	0.000739679993
520	172855	300.000530879999	0.000530879999
520	173041	300.000600479997	0.000600479997
520	173180	300.000670079995	0.000670079995
520	173302	300.000739679993	0.000739679993
