vector 262  Topo.s1.open_Flow_Processing  droppedPkts:vector  ETV
4	17627	26.2	262
30	34362	52.4	262
56	50879	78.6	262
82	34363	52.4	262
105	17696	26.20021064	262
111	17690	26.20021064	262
132	21683	31.500469119994	262
138	21681	31.500469119994	262
159	34432	52.40021064	262
165	34426	52.40021064	262
240	262	0.100042199999	64
262	175182	181.000006759691	29
262	176122	182.000006759689	28
262	177070	183.000006759686	28
262	178049	184.000006759682	29
262	178989	185.00000675968	28
262	179937	186.000006759676	28
262	180884	187.000006759673	29
262	182083	188.000006759671	28
262	183031	189.000006759668	28
262	183978	190.000006759664	29
262	184918	191.000006759661	28
262	185866	192.000006759658	28
262	186813	193.000006759654	29
262	187753	194.000006759651	28
262	188701	195.000006759649	28
262	189648	196.000006759645	29
262	190588	197.000006759642	28
262	191536	198.000006759639	28
262	192483	199.000006759635	29
262	193423	200.000006759633	28
262	194371	201.00000675963	28
262	195318	202.000006759627	29
262	196258	203.000006759623	28
262	197206	204.00000675962	28
262	198153	205.000006759617	29
262	199093	206.000006759613	28
262	200041	207.000006759611	28
262	200988	208.000006759606	29
262	201928	209.000006759601	28
262	202876	210.000006759599	28
262	203823	211.000006759593	29
262	204795	212.000006759589	28
262	205743	213.000006759586	28
262	206690	214.000006759582	29
262	207630	215.000006759579	28
262	208578	216.000006759574	28
262	209525	217.00000675957	29
262	210465	218.000006759565	28
262	211640	219.000006759561	28
262	212587	220.000006759555	29
262	213527	221.000006759551	28
262	214475	222.000006759546	28
262	215422	223.000006759541	29
262	216362	224.000006759536	28
262	217320	225.000006759531	28
262	218319	226.000006759527	29
262	219259	227.000006759521	28
262	220207	228.000006759517	28
262	221154	229.000006759512	29
262	222094	230.000006759508	28
262	223042	231.000006759503	28
262	223989	232.000006759498	29
262	224929	233.000006759493	28
262	225877	234.000006759489	28
262	226824	235.000006759483	29
262	227764	236.000006759478	28
262	228712	237.000006759474	28
262	229659	238.000006759469	29
262	230599	239.000006759465	28
262	231547	240.000006759459	28
262	233384	241.000006759455	29
262	234324	242.000006759449	28
262	235272	243.000006759445	28
262	236219	244.00000675944	29
262	237159	245.000006759436	28
262	238107	246.000006759431	28
262	239054	247.000006759427	29
262	239994	248.000006759421	28
262	240942	249.000006759416	28
