512	4631	3.000545879999	0.000545879999
512	4792	3.000615479997	0.000615479997
512	4931	3.000685079995	0.000685079995
512	5053	3.000754679993	0.000754679993
512	5925	6.000545879999	0.000545879999
512	6086	6.000615479997	0.000615479997
512	6225	6.000685079995	0.000685079995
512	6347	6.000754679993	0.000754679993
512	7219	9.000545879999	0.000545879999
512	7380	9.000615479997	0.000615479997
512	7519	9.000685079995	0.000685079995
512	7641	9.000754679993	0.000754679993
512	10763	12.000648679994	0.000648679994
512	10963	12.000729559995	0.000729559995
512	11119	12.000799159993	0.000799159993
512	11241	12.000868759991	0.000868759991
512	12113	15.000545879999	0.000545879999
512	12274	15.000615479997	0.000615479997
512	12413	15.000685079995	0.000685079995
512	12535	15.000754679993	0.000754679993
512	13407	18.000545879999	0.000545879999
512	13568	18.000615479997	0.000615479997
512	13707	18.000685079995	0.000685079995
512	13829	18.000754679993	0.000754679993
512	14701	21.000545879999	0.000545879999
512	14862	21.000615479997	0.000615479997
512	15001	21.000685079995	0.000685079995
512	15123	21.000754679993	0.000754679993
512	18047	24.000648679994	0.000648679994
512	18247	24.000729559995	0.000729559995
512	18403	24.000799159993	0.000799159993
512	18525	24.000868759991	0.000868759991
512	19397	27.000545879999	0.000545879999
512	19558	27.000615479997	0.000615479997
512	19697	27.000685079995	0.000685079995
512	19819	27.000754679993	0.000754679993
512	20691	30.000545879999	0.000545879999
512	20852	30.000615479997	0.000615479997
512	20991	30.000685079995	0.000685079995
512	21113	30.000754679993	0.000754679993
512	21985	33.000545879999	0.000545879999
512	22146	33.000615479997	0.000615479997
512	22285	33.000685079995	0.000685079995
512	22407	33.000754679993	0.000754679993
512	25331	36.000648679994	0.000648679994
512	25531	36.000729559995	0.000729559995
512	25687	36.000799159993	0.000799159993
512	25809	36.000868759991	0.000868759991
512	26681	39.000545879999	0.000545879999
512	26842	39.000615479997	0.000615479997
512	26981	39.000685079995	0.000685079995
512	27103	39.000754679993	0.000754679993
512	27975	42.000545879999	0.000545879999
512	28136	42.000615479997	0.000615479997
512	28275	42.000685079995	0.000685079995
512	28397	42.000754679993	0.000754679993
512	29269	45.000545879999	0.000545879999
512	29430	45.000615479997	0.000615479997
512	29569	45.000685079995	0.000685079995
512	29691	45.000754679993	0.000754679993
512	32615	48.000648679994	0.000648679994
512	32815	48.000729559995	0.000729559995
512	32971	48.000799159993	0.000799159993
512	33093	48.000868759991	0.000868759991
512	33965	51.000545879999	0.000545879999
512	34126	51.000615479997	0.000615479997
512	34265	51.000685079995	0.000685079995
512	34387	51.000754679993	0.000754679993
512	35259	54.000545879999	0.000545879999
512	35420	54.000615479997	0.000615479997
512	35559	54.000685079995	0.000685079995
512	35681	54.000754679993	0.000754679993
512	36553	57.000545879999	0.000545879999
512	36714	57.000615479997	0.000615479997
512	36853	57.000685079995	0.000685079995
512	36975	57.000754679993	0.000754679993
512	184691	60.000683159995	0.000683159995
512	184850	60.000752759993	0.000752759993
512	184989	60.000822359991	0.000822359991
512	185212	60.000891959989	0.000891959989
512	1229329	63.000545879999	0.000545879999
512	1229532	63.000615479997	0.000615479997
512	1229704	63.000685079995	0.000685079995
512	1229849	63.000754679993	0.000754679993
512	2573119	66.000545879999	0.000545879999
512	2573322	66.000615479997	0.000615479997
512	2573494	66.000685079995	0.000685079995
512	2573639	66.000754679993	0.000754679993
512	3916951	69.000545879999	0.000545879999
512	3917154	69.000615479997	0.000615479997
512	3917318	69.000685079995	0.000685079995
512	3917448	69.000754679993	0.000754679993
512	4897373	72.000899879985	0.000899879985
512	4898262	72.001160199984	0.001160199984
512	4898881	72.001278919981	0.001278919981
512	4901828	72.002107279956	0.002107279956
512	6247613	75.000949319982	0.000949319982
512	6247854	75.001048675089	0.001048675089
512	6248712	75.001224515086	0.001224515086
512	6252079	75.00210955995	0.00210955995
512	7597916	78.000949319982	0.000949319982
512	7598157	78.001048673754	0.001048673754
512	7599015	78.001224513751	0.001224513751
512	7602382	78.00210955995	0.00210955995
512	8664503	81.000949319982	0.000949319982
512	8664744	81.00104867242	0.00104867242
512	8665602	81.001224512417	0.001224512417
512	8668969	81.00210955995	0.00210955995
512	10016400	84.000899879985	0.000899879985
512	10017289	84.001160199984	0.001160199984
512	10017908	84.001278919981	0.001278919981
512	10020855	84.002107279956	0.002107279956
512	11367792	87.000949319982	0.000949319982
512	11368033	87.001048669752	0.001048669752
512	11368891	87.001224509749	0.001224509749
512	11372258	87.00210955995	0.00210955995
512	12608911	90.000902588424	0.000902588424
512	12609177	90.000972188422	0.000972188422
512	12610050	90.00104178842	0.00104178842
512	12611484	90.00129923997	0.00129923997
512	13960159	93.001154067086	0.001154067086
512	13960680	93.001223667084	0.001223667084
512	13960846	93.001293267082	0.001293267082
512	13961696	93.00136286708	0.00136286708
512	15309454	96.000728279991	0.000728279991
512	15311535	96.001221639982	0.001221639982
512	15311886	96.00129123998	0.00129123998
512	15312352	96.001393959968	0.001393959968
512	16659835	99.001154064418	0.001154064418
512	16660356	99.001223664416	0.001223664416
512	16660522	99.001293264414	0.001293264414
512	16661372	99.001362864412	0.001362864412
512	17611976	102.000949319982	0.000949319982
512	17612217	102.00104866308	0.00104866308
512	17613075	102.001224503077	0.001224503077
512	17616442	102.00210955995	0.00210955995
512	18963335	105.000949319982	0.000949319982
512	18963576	105.001048661746	0.001048661746
512	18964434	105.001224501743	0.001224501743
512	18967801	105.00210955995	0.00210955995
512	20315136	108.000899879985	0.000899879985
512	20316025	108.001160199984	0.001160199984
512	20316644	108.001278919981	0.001278919981
512	20319591	108.002107279956	0.002107279956
512	21557242	111.000975139082	0.000975139082
512	21557279	111.000995619081	0.000995619081
512	21558286	111.00121259997	0.00121259997
512	21559338	111.001320119959	0.001320119959
512	22907321	114.001133697746	0.001133697746
512	22907777	114.001203297744	0.001203297744
512	22908162	114.001272897742	0.001272897742
512	22908715	114.00134249774	0.00134249774
512	24257233	117.001133696412	0.001133696412
512	24257689	117.00120329641	0.00120329641
512	24258074	117.001272896408	0.001272896408
512	24258627	117.001342496406	0.001342496406
512	25354242	120.001011079984	0.001011079984
512	25355571	120.001326439971	0.001326439971
512	25356119	120.001407559968	0.001407559968
512	25356330	120.001428039967	0.001428039967
512	26560990	123.00062523999	0.00062523999
512	26562975	123.001219373732	0.001219373732
512	26563151	123.001239853731	0.001239853731
512	26563686	123.001355533725	0.001355533725
512	27910380	126.00062523999	0.00062523999
512	27912365	126.001219372397	0.001219372397
512	27912541	126.001239852396	0.001239852396
512	27913076	126.00135553239	0.00135553239
512	29259770	129.00062523999	0.00062523999
512	29261755	129.001219371508	0.001219371508
512	29261931	129.001239851507	0.001239851507
512	29262466	129.001355531501	0.001355531501
512	30387293	132.000899879985	0.000899879985
512	30388182	132.001160199984	0.001160199984
512	30388801	132.001278919981	0.001278919981
512	30391748	132.002107279956	0.002107279956
512	31738493	135.000949319982	0.000949319982
512	31738734	135.001048651517	0.001048651517
512	31739592	135.001224491514	0.001224491514
512	31742959	135.00210955995	0.00210955995
512	33089756	138.000949319982	0.000949319982
512	33089997	138.001048651517	0.001048651517
512	33090855	138.001224491514	0.001224491514
512	33094222	138.00210955995	0.00210955995
512	34218181	141.000909211523	0.000909211523
512	34218435	141.000980279976	0.000980279976
512	34219318	141.001098999973	0.001098999973
512	34222168	141.001981399952	0.001981399952
512	35569407	144.000899879985	0.000899879985
512	35570296	144.001160199984	0.001160199984
512	35570915	144.001278919981	0.001278919981
512	35573707	144.002053919957	0.002053919957
512	36920525	147.000949319982	0.000949319982
512	36920766	147.001048651517	0.001048651517
512	36921624	147.001224491514	0.001224491514
512	36924818	147.002061479951	0.002061479951
512	38160629	150.000909211523	0.000909211523
512	38160883	150.000980279976	0.000980279976
512	38161766	150.001098999973	0.001098999973
512	38164542	150.001915959952	0.001915959952
512	39399404	153.000949319982	0.000949319982
512	39399645	153.001048651517	0.001048651517
512	39400503	153.001224491514	0.001224491514
512	39403870	153.00210955995	0.00210955995
512	40751205	156.000899879985	0.000899879985
512	40752094	156.001160199984	0.001160199984
512	40752713	156.001278919981	0.001278919981
512	40755660	156.002107279956	0.002107279956
512	42102501	159.000949319982	0.000949319982
512	42102742	159.001048651517	0.001048651517
512	42103600	159.001224491514	0.001224491514
512	42106967	159.00210955995	0.00210955995
512	43230657	162.000949319982	0.000949319982
512	43230898	162.001048651517	0.001048651517
512	43231756	162.001224491514	0.001224491514
512	43235123	162.00210955995	0.00210955995
512	44582112	165.000949319982	0.000949319982
512	44582353	165.001048651517	0.001048651517
512	44583211	165.001224491514	0.001224491514
512	44586578	165.00210955995	0.00210955995
512	45934009	168.000899879985	0.000899879985
512	45934898	168.001160199984	0.001160199984
512	45935517	168.001278919981	0.001278919981
512	45938464	168.002107279956	0.002107279956
512	47062788	171.000909211523	0.000909211523
512	47063042	171.000980279976	0.000980279976
512	47063925	171.001098999973	0.001098999973
512	47066775	171.001981399952	0.001981399952
512	48413573	174.000949319982	0.000949319982
512	48413814	174.001048651517	0.001048651517
512	48414672	174.001224491514	0.001224491514
512	48417866	174.002061479951	0.002061479951
512	49764728	177.000949319982	0.000949319982
512	49764969	177.001048651517	0.001048651517
512	49765827	177.001224491514	0.001224491514
512	49769021	177.002061479951	0.002061479951
512	51005275	180.000899879985	0.000899879985
512	51006143	180.001160199984	0.001160199984
512	51006830	180.001282919972	0.001282919972
512	51009654	180.002059959956	0.002059959956
512	52244605	183.000949319982	0.000949319982
512	52244846	183.001048651517	0.001048651517
512	52245704	183.001224491514	0.001224491514
512	52248777	183.002050919952	0.002050919952
512	53595403	186.000949319982	0.000949319982
512	53595644	186.001048651517	0.001048651517
512	53596502	186.001224491514	0.001224491514
512	53599575	186.002050919952	0.002050919952
512	54946201	189.000949319982	0.000949319982
512	54946442	189.001048651517	0.001048651517
512	54947300	189.001224491514	0.001224491514
512	54950373	189.002050919952	0.002050919952
512	55930590	192.000899879985	0.000899879985
512	55931479	192.001160199984	0.001160199984
512	55932098	192.001278919981	0.001278919981
512	55935045	192.002107279956	0.002107279956
512	57281886	195.000949319982	0.000949319982
512	57282127	195.001048651517	0.001048651517
512	57282985	195.001224491514	0.001224491514
512	57286352	195.00210955995	0.00210955995
512	58633245	198.000949319982	0.000949319982
512	58633486	198.001048651517	0.001048651517
512	58634344	198.001224491514	0.001224491514
512	58637711	198.00210955995	0.00210955995
512	59619126	201.000924651516	0.000924651516
512	59619329	201.000945131515	0.000945131515
512	59620364	201.001014731513	0.001014731513
512	59622763	201.001721559962	0.001721559962
512	60969700	204.000899879985	0.000899879985
512	60970589	204.001160199984	0.001160199984
512	60971208	204.001278919981	0.001278919981
512	60974155	204.002107279956	0.002107279956
512	62321092	207.000949319982	0.000949319982
512	62321333	207.001048651517	0.001048651517
512	62322191	207.001224491514	0.001224491514
512	62325558	207.00210955995	0.00210955995
512	63561487	210.000949319982	0.000949319982
512	63561728	210.001048651517	0.001048651517
512	63562586	210.001224491514	0.001224491514
512	63565953	210.00210955995	0.00210955995
512	64657151	213.000949319982	0.000949319982
512	64657392	213.001048651517	0.001048651517
512	64658250	213.001224491514	0.001224491514
512	64661617	213.00210955995	0.00210955995
512	66009048	216.000899879985	0.000899879985
512	66009937	216.001160199984	0.001160199984
512	66010556	216.001278919981	0.001278919981
512	66013503	216.002107279956	0.002107279956
512	67360440	219.000949319982	0.000949319982
512	67360681	219.001048651517	0.001048651517
512	67361539	219.001224491514	0.001224491514
512	67364906	219.00210955995	0.00210955995
512	68345270	222.000949319982	0.000949319982
512	68345511	222.001048651517	0.001048651517
512	68346369	222.001224491514	0.001224491514
512	68349736	222.00210955995	0.00210955995
512	69696725	225.000949319982	0.000949319982
512	69696966	225.001048651517	0.001048651517
512	69697824	225.001224491514	0.001224491514
512	69701191	225.00210955995	0.00210955995
512	71048622	228.000899879985	0.000899879985
512	71049511	228.001160199984	0.001160199984
512	71050130	228.001278919981	0.001278919981
512	71053077	228.002107279956	0.002107279956
512	72034761	231.000924651516	0.000924651516
512	72034964	231.000945131515	0.000945131515
512	72035999	231.001014731513	0.001014731513
512	72038398	231.001721559962	0.001721559962
512	73384894	234.000949319982	0.000949319982
512	73385135	234.001048651517	0.001048651517
512	73385993	234.001224491514	0.001224491514
512	73389360	234.00210955995	0.00210955995
512	74736349	237.000949319982	0.000949319982
512	74736590	237.001048651517	0.001048651517
512	74737448	237.001224491514	0.001224491514
512	74740815	237.00210955995	0.00210955995
512	75977351	240.000852359985	0.000852359985
512	75977891	240.001169879979	0.001169879979
512	75978030	240.001256759968	0.001256759968
512	75982374	240.00225195995	0.00225195995
512	77074118	243.001042011518	0.001042011518
512	77074738	243.001168731516	0.001168731516
512	77075434	243.001287451513	0.001287451513
512	77078435	243.002110719948	0.002110719948
512	78425424	246.000949319982	0.000949319982
512	78425665	246.001048651517	0.001048651517
512	78426523	246.001224491514	0.001224491514
512	78429890	246.00210955995	0.00210955995
512	79776879	249.000949319982	0.000949319982
512	79777120	249.001048651517	0.001048651517
512	79777978	249.001224491514	0.001224491514
512	79781345	249.00210955995	0.00210955995
512	80762073	252.000899879985	0.000899879985
512	80762962	252.001160199984	0.001160199984
512	80763581	252.001278919981	0.001278919981
512	80766528	252.002107279956	0.002107279956
512	82113465	255.000949319982	0.000949319982
512	82113706	255.001048651517	0.001048651517
512	82114564	255.001224491514	0.001224491514
512	82117931	255.00210955995	0.00210955995
512	83464920	258.000949319982	0.000949319982
512	83465161	258.001048651291	0.001048651291
512	83466019	258.001224491288	0.001224491288
512	83469386	258.00210955995	0.00210955995
512	84564701	261.00096161091	0.00096161091
512	84564771	261.000982090909	0.000982090909
512	84565083	261.001051690907	0.001051690907
512	84566579	261.001227530904	0.001227530904
512	85914161	264.000728279991	0.000728279991
512	85915530	264.001013719982	0.001013719982
512	85915649	264.001034199981	0.001034199981
512	85917128	264.001283479979	0.001283479979
512	87264461	267.000990409998	0.000990409998
512	87264775	267.001060009996	0.001060009996
512	87265073	267.001080489995	0.001080489995
512	87266467	267.001256329992	0.001256329992
512	88502289	270.000715479989	0.000715479989
512	88503208	270.000948439986	0.000948439986
512	88503700	270.001018039984	0.001018039984
512	88504329	270.001087639982	0.001087639982
512	89595036	273.00070883999	0.00070883999
512	89595822	273.000896359983	0.000896359983
512	89596081	273.001045559979	0.001045559979
512	89599070	273.00210459996	0.00210459996
512	90945807	276.000641879993	0.000641879993
512	90947298	276.001160199984	0.001160199984
512	90947868	276.001278919981	0.001278919981
512	90950209	276.002074839953	0.002074839953
512	92296474	279.00070883999	0.00070883999
512	92297260	279.000896359983	0.000896359983
512	92297519	279.001045559979	0.001045559979
512	92300508	279.00210459996	0.00210459996
512	93393940	282.000949319982	0.000949319982
512	93394181	282.001048647324	0.001048647324
512	93395039	282.001224487321	0.001224487321
512	93398406	282.00210955995	0.00210955995
512	94745125	285.000949319982	0.000949319982
512	94745366	285.001048647324	0.001048647324
512	94746224	285.001224487321	0.001224487321
512	94749591	285.00210955995	0.00210955995
512	96096830	288.000899879985	0.000899879985
512	96097719	288.001160199984	0.001160199984
512	96098338	288.001278919981	0.001278919981
512	96101285	288.002107279956	0.002107279956
512	97308247	291.00095696733	0.00095696733
512	97308723	291.001026567328	0.001026567328
512	97309499	291.001096167326	0.001096167326
512	97311068	291.001558087311	0.001558087311
512	98657598	294.000845447331	0.000845447331
512	98657937	294.000949759981	0.000949759981
512	98659227	294.001198559977	0.001198559977
512	98660079	294.001268159975	0.001268159975
512	100007339	297.000845447331	0.000845447331
512	100007678	297.000949759981	0.000949759981
512	100008968	297.001198559977	0.001198559977
512	100009820	297.001268159975	0.001268159975
512	101358663	300.000685079992	0.000685079992
512	101360338	300.001012039985	0.001012039985
512	101361391	300.001249519983	0.001249519983
512	101362035	300.001319119981	0.001319119981
