513	4631	3.000545879999	1
513	5925	6.000545879999	4
513	7219	9.000545879999	4
513	10763	12.000648679994	4
513	12113	15.000545879999	4
513	13407	18.000545879999	4
513	14701	21.000545879999	4
513	18047	24.000648679994	4
513	19397	27.000545879999	4
513	20691	30.000545879999	4
513	21985	33.000545879999	4
513	25331	36.000648679994	4
513	26681	39.000545879999	4
513	27975	42.000545879999	4
513	29269	45.000545879999	4
513	32615	48.000648679994	4
513	33965	51.000545879999	4
513	35259	54.000545879999	4
513	36553	57.000545879999	4
513	184691	60.000683159995	4
513	1229329	63.000545879999	4
513	2573119	66.000545879999	4
513	3916951	69.000545879999	4
513	4897373	72.000899879985	4
513	6247613	75.000949319982	4
513	7597916	78.000949319982	4
513	8664503	81.000949319982	4
513	10016400	84.000899879985	4
513	11367792	87.000949319982	4
513	12608911	90.000902588424	4
513	13960159	93.001154067086	4
513	15309454	96.000728279991	4
513	16659835	99.001154064418	4
513	17611976	102.000949319982	4
513	18963335	105.000949319982	4
513	20315136	108.000899879985	4
513	21557242	111.000975139082	4
513	22907321	114.001133697746	4
513	24257233	117.001133696412	4
513	25354242	120.001011079984	4
513	26560990	123.00062523999	4
513	27910380	126.00062523999	4
513	29259770	129.00062523999	4
513	30387293	132.000899879985	4
513	31738493	135.000949319982	4
513	33089756	138.000949319982	4
513	34218181	141.000909211523	4
513	35569407	144.000899879985	4
513	36920525	147.000949319982	4
513	38160629	150.000909211523	4
513	39399404	153.000949319982	4
513	40751205	156.000899879985	4
513	42102501	159.000949319982	4
513	43230657	162.000949319982	4
513	44582112	165.000949319982	4
513	45934009	168.000899879985	4
513	47062788	171.000909211523	4
513	48413573	174.000949319982	4
513	49764728	177.000949319982	4
513	51005275	180.000899879985	4
513	52244605	183.000949319982	4
513	53595403	186.000949319982	4
513	54946201	189.000949319982	4
513	55930590	192.000899879985	4
513	57281886	195.000949319982	4
513	58633245	198.000949319982	4
513	59619126	201.000924651516	4
513	60969700	204.000899879985	4
513	62321092	207.000949319982	4
513	63561487	210.000949319982	4
513	64657151	213.000949319982	4
513	66009048	216.000899879985	4
513	67360440	219.000949319982	4
513	68345270	222.000949319982	4
513	69696725	225.000949319982	4
513	71048622	228.000899879985	4
513	72034761	231.000924651516	4
513	73384894	234.000949319982	4
513	74736349	237.000949319982	4
513	75977351	240.000852359985	4
513	77074118	243.001042011518	4
513	78425424	246.000949319982	4
513	79776879	249.000949319982	4
513	80762073	252.000899879985	4
513	82113465	255.000949319982	4
513	83464920	258.000949319982	4
513	84564701	261.00096161091	4
513	85914161	264.000728279991	4
513	87264461	267.000990409998	4
513	88502289	270.000715479989	4
513	89595036	273.00070883999	4
513	90945807	276.000641879993	4
513	92296474	279.00070883999	4
513	93393940	282.000949319982	4
513	94745125	285.000949319982	4
513	96096830	288.000899879985	4
513	97308247	291.00095696733	4
513	98657598	294.000845447331	4
513	100007339	297.000845447331	4
513	101358663	300.000685079992	4
