539	2911	0.000303079993	5
539	3424	0.000370679993	5
539	4100	3.0002796	5
539	4665	3.0005592	5
539	4721	3.000579679999	5
539	5394	6.0002796	5
539	5959	6.0005592	5
539	6015	6.000579679999	5
539	6688	9.0002796	5
539	7253	9.0005592	5
539	7309	9.000579679999	5
539	9745	12.000382399995	5
539	10824	12.000661999995	5
539	10887	12.000682479994	5
539	11582	15.0002796	5
539	12147	15.0005592	5
539	12203	15.000579679999	5
539	12876	18.0002796	5
539	13441	18.0005592	5
539	13497	18.000579679999	5
539	14170	21.0002796	5
539	14735	21.0005592	5
539	14791	21.000579679999	5
539	17029	24.000382399995	5
539	18108	24.000661999995	5
539	18171	24.000682479994	5
539	18866	27.0002796	5
539	19431	27.0005592	5
539	19487	27.000579679999	5
539	20160	30.0002796	5
539	20725	30.0005592	5
539	20781	30.000579679999	5
539	21454	33.0002796	5
539	22019	33.0005592	5
539	22075	33.000579679999	5
539	24313	36.000382399995	5
539	25392	36.000661999995	5
539	25455	36.000682479994	5
539	26150	39.0002796	5
539	26715	39.0005592	5
539	26771	39.000579679999	5
539	27444	42.0002796	5
539	28009	42.0005592	5
539	28065	42.000579679999	5
539	28738	45.0002796	5
539	29303	45.0005592	5
539	29359	45.000579679999	5
539	31597	48.000382399995	5
539	32676	48.000661999995	5
539	32739	48.000682479994	5
539	33434	51.0002796	5
539	33999	51.0005592	5
539	34055	51.000579679999	5
539	34728	54.0002796	5
539	35293	54.0005592	5
539	35349	54.000579679999	5
539	36022	57.0002796	5
539	36587	57.0005592	5
539	36643	57.000579679999	5
539	183590	60.000382399995	5
539	184723	60.000696479996	5
539	184779	60.000716959995	5
539	1228578	63.0002796	5
539	1229377	63.0005592	5
539	1229440	63.000579679999	5
539	2572368	66.0002796	5
539	2573167	66.0005592	5
539	2573230	66.000579679999	5
539	3916246	69.0002796	5
539	3916999	69.0005592	5
539	3917062	69.000579679999	5
539	4896733	72.000609599989	5
539	4900233	72.001389879971	5
539	4900280	72.00139659997	5
539	6247293	75.00078239509	5
539	6250201	75.001346959965	5
539	6250378	75.001365279965	5
539	7597596	78.000782393755	5
539	7600504	78.001346959965	5
539	7600681	78.001365279965	5
539	8664183	81.000782392421	5
539	8667091	81.001346959965	5
539	8667268	81.001365279965	5
539	10015760	84.000609599989	5
539	10019260	84.001389879971	5
539	10019307	84.00139659997	5
539	11367472	87.000782389753	5
539	11370380	87.001346959965	5
539	11370557	87.001365279965	5
539	12607984	90.000702228423	5
539	12610939	90.001104199976	5
539	12611243	90.001167639974	5
539	13959337	93.000739147088	5
539	13962667	93.001432747065	5
539	13962852	93.001461467063	5
539	15307914	96.000461999992	5
539	15310924	96.000906679987	5
539	15310978	96.000913399986	5
539	16659013	99.00073914442	5
539	16662343	99.001432744397	5
539	16662528	99.001461464395	5
539	17611656	102.000782383081	5
539	17614564	102.001346959965	5
539	17614741	102.001365279965	5
539	18963015	105.000782381747	5
539	18965923	105.001346959965	5
539	18966100	105.001365279965	5
539	20314496	108.000609599989	5
539	20317996	108.001389879971	5
539	20318043	108.00139659997	5
539	21556224	111.000708859083	5
539	21559821	111.001357039959	5
539	21559898	111.001363759958	5
539	22906506	114.000761177748	5
539	22910167	114.00145725772	5
539	22910230	114.001463977719	5
539	24256418	117.000761176414	5
539	24260079	117.001457256386	5
539	24260142	117.001463976385	5
539	25352425	120.000701599986	5
539	25355167	120.001133039982	5
539	25355190	120.001139759981	5
539	26559517	123.000323813753	5
539	26561535	123.000694079989	5
539	26561603	123.000700799988	5
539	27908907	126.000323812418	5
539	27910925	126.000694079989	5
539	27910993	126.000700799988	5
539	29258297	129.000323811529	5
539	29260315	129.000694079989	5
539	29260383	129.000700799988	5
539	30386653	132.000609599989	5
539	30390153	132.001389879971	5
539	30390200	132.00139659997	5
539	31738173	135.000782371518	5
539	31741081	135.001346959965	5
539	31741258	135.001365279965	5
539	33089436	138.000782371518	5
539	33092344	138.001346959965	5
539	33092521	138.001365279965	5
539	34217840	141.000782371518	5
539	34220358	141.001213119968	5
539	34220824	141.001320799964	5
539	35568767	144.000609599989	5
539	35572315	144.001393319969	5
539	35572332	144.001400039968	5
539	36920205	147.000782371518	5
539	36923113	147.001346959965	5
539	36923290	147.001365279965	5
539	38160288	150.000782371518	5
539	38162806	150.001213119968	5
539	38163212	150.001303599966	5
539	39399084	153.000782371518	5
539	39401992	153.001346959965	5
539	39402169	153.001365279965	5
539	40750565	156.000609599989	5
539	40754065	156.001389879971	5
539	40754112	156.00139659997	5
539	42102181	159.000782371518	5
539	42105089	159.001346959965	5
539	42105266	159.001365279965	5
539	43230337	162.000782371518	5
539	43233245	162.001346959965	5
539	43233422	162.001365279965	5
539	44581792	165.000782371518	5
539	44584700	165.001346959965	5
539	44584877	165.001365279965	5
539	45933369	168.000609599989	5
539	45936869	168.001389879971	5
539	45936916	168.00139659997	5
539	47062447	171.000782371518	5
539	47064965	171.001213119968	5
539	47065431	171.001320799964	5
539	48413253	174.000782371518	5
539	48416161	174.001346959965	5
539	48416338	174.001365279965	5
539	49764408	177.000782371518	5
539	49767316	177.001346959965	5
539	49767493	177.001365279965	5
539	51004627	180.000609599989	5
539	51008254	180.001399359968	5
539	51008271	180.001406079967	5
539	52244285	183.000782371518	5
539	52247167	183.001346959965	5
539	52247287	183.001365279965	5
539	53595083	186.000782371518	5
539	53597965	186.001346959965	5
539	53598085	186.001365279965	5
539	54945881	189.000782371518	5
539	54948763	189.001346959965	5
539	54948883	189.001365279965	5
539	55929950	192.000609599989	5
539	55933450	192.001389879971	5
539	55933497	192.00139659997	5
539	57281566	195.000782371518	5
539	57284474	195.001346959965	5
539	57284651	195.001365279965	5
539	58632925	198.000782371518	5
539	58635833	198.001346959965	5
539	58636010	198.001365279965	5
539	59618273	201.000631171523	5
539	59621198	201.001072559975	5
539	59621389	201.001090879975	5
539	60969060	204.000609599989	5
539	60972560	204.001389879971	5
539	60972607	204.00139659997	5
539	62320772	207.000782371518	5
539	62323680	207.001346959965	5
539	62323857	207.001365279965	5
539	63561167	210.000782371518	5
539	63564075	210.001346959965	5
539	63564252	210.001365279965	5
539	64656831	213.000782371518	5
539	64659739	213.001346959965	5
539	64659916	213.001365279965	5
539	66008408	216.000609599989	5
539	66011908	216.001389879971	5
539	66011955	216.00139659997	5
539	67360120	219.000782371518	5
539	67363028	219.001346959965	5
539	67363205	219.001365279965	5
539	68344950	222.000782371518	5
539	68347858	222.001346959965	5
539	68348035	222.001365279965	5
539	69696405	225.000782371518	5
539	69699313	225.001346959965	5
539	69699490	225.001365279965	5
539	71047982	228.000609599989	5
539	71051482	228.001389879971	5
539	71051529	228.00139659997	5
539	72033908	231.000631171523	5
539	72036833	231.001072559975	5
539	72037024	231.001090879975	5
539	73384574	234.000782371518	5
539	73387482	234.001346959965	5
539	73387659	234.001365279965	5
539	74736029	237.000782371518	5
539	74738937	237.001346959965	5
539	74739114	237.001365279965	5
539	75976099	240.00049133152	5
539	75980174	240.001444039963	5
539	75980376	240.001462359963	5
539	77073628	243.000775731519	5
539	77076808	243.001379959963	5
539	77076839	243.001386679962	5
539	78425104	246.000782371518	5
539	78428012	246.001346959965	5
539	78428189	246.001365279965	5
539	79776559	249.000782371518	5
539	79779467	249.001346959965	5
539	79779644	249.001365279965	5
539	80761433	252.000609599989	5
539	80764933	252.001389879971	5
539	80764980	252.00139659997	5
539	82113145	255.000782371518	5
539	82116053	255.001346959965	5
539	82116230	255.001365279965	5
539	83464600	258.000782371292	5
539	83467508	258.001346959965	5
539	83467685	258.001365279965	5
539	84563913	261.000695330911	5
539	84567403	261.001278719969	5
539	84567612	261.001297039969	5
539	85912664	264.000461999992	5
539	85915387	264.000956999985	5
539	85916188	264.001116079982	5
539	87263822	267.000724129999	5
539	87267096	267.001297359967	5
539	87267519	267.001344479967	5
539	88501017	270.00044919999	5
539	88503117	270.000921039981	5
539	88503136	270.00092775998	5
539	89593985	273.000442559991	5
539	89595845	273.000902879983	5
539	89595862	273.000909599982	5
539	90944452	276.000375599994	5
539	90946373	276.000710639992	5
539	90946403	276.000717359991	5
539	92295423	279.000442559991	5
539	92297283	279.000902879983	5
539	92297300	279.000909599982	5
539	93393620	282.000782367325	5
539	93396528	282.001346959965	5
539	93396705	282.001365279965	5
539	94744805	285.000782367325	5
539	94747713	285.001346959965	5
539	94747890	285.001365279965	5
539	96096190	288.000609599989	5
539	96099690	288.001389879971	5
539	96099737	288.00139659997	5
539	97307443	291.00063116733	5
539	97310016	291.001121487316	5
539	97310306	291.001139807316	5
539	98656197	294.000485719987	5
539	98659759	294.001239399969	5
539	98659836	294.001246119968	5
539	100005938	297.000485719987	5
539	100009500	297.001239399969	5
539	100009577	297.001246119968	5
539	101357181	300.000418799993	5
539	101359880	300.000817239986	5
539	101359893	300.000823959985	5
