564	3184	0.00033171999	5
564	3657	0.000406039989	5
564	4264	3.000377839998	5
564	4963	3.000698399996	5
564	4999	3.000718879995	5
564	5558	6.000377839998	5
564	6257	6.000698399996	5
564	6293	6.000718879995	5
564	6852	9.000377839998	5
564	7551	9.000698399996	5
564	7587	9.000718879995	5
564	10422	12.000513199994	5
564	11151	12.000812479994	5
564	11187	12.000832959993	5
564	11746	15.000377839998	5
564	12445	15.000698399996	5
564	12481	15.000718879995	5
564	13040	18.000377839998	5
564	13739	18.000698399996	5
564	13775	18.000718879995	5
564	14334	21.000377839998	5
564	15033	21.000698399996	5
564	15069	21.000718879995	5
564	17706	24.000513199994	5
564	18435	24.000812479994	5
564	18471	24.000832959993	5
564	19030	27.000377839998	5
564	19729	27.000698399996	5
564	19765	27.000718879995	5
564	20324	30.000377839998	5
564	21023	30.000698399996	5
564	21059	30.000718879995	5
564	21618	33.000377839998	5
564	22317	33.000698399996	5
564	22353	33.000718879995	5
564	24990	36.000513199994	5
564	25719	36.000812479994	5
564	25755	36.000832959993	5
564	26314	39.000377839998	5
564	27013	39.000698399996	5
564	27049	39.000718879995	5
564	27608	42.000377839998	5
564	28307	42.000698399996	5
564	28343	42.000718879995	5
564	28902	45.000377839998	5
564	29601	45.000698399996	5
564	29637	45.000718879995	5
564	32274	48.000513199994	5
564	33003	48.000812479994	5
564	33039	48.000832959993	5
564	33598	51.000377839998	5
564	34297	51.000698399996	5
564	34333	51.000718879995	5
564	34892	54.000377839998	5
564	35591	54.000698399996	5
564	35627	54.000718879995	5
564	36186	57.000377839998	5
564	36885	57.000698399996	5
564	36921	57.000718879995	5
564	184285	60.000513199994	5
564	185030	60.000835679992	5
564	185102	60.000856159991	5
564	185111	60.00086287999	5
564	1228765	63.000377839998	5
564	1229736	63.000698399996	5
564	1229771	63.000718879995	5
564	2572555	66.000377839998	5
564	2573526	66.000698399996	5
564	2573561	66.000718879995	5
564	3916441	69.000377839998	5
564	3917350	69.000698399996	5
564	3917385	69.000718879995	5
564	4900413	72.001439959969	5
564	4902976	72.002321116434	5
564	4902990	72.002327836433	5
564	6250664	75.001442239963	5
564	6253279	75.0023211151	5
564	6253293	75.002327835099	5
564	7600967	78.001442239963	5
564	7603582	78.002321113766	5
564	7603596	78.002327833765	5
564	8667554	81.001442239963	5
564	8670169	81.002321112431	5
564	8670183	81.00232783243	5
564	10019440	84.001439959969	5
564	10022003	84.002321111097	5
564	10022017	84.002327831096	5
564	11370843	87.001442239963	5
564	11373458	87.002321109763	5
564	11373472	87.002327829762	5
564	12608854	90.000893599984	5
564	12612166	90.001424439967	5
564	12612180	90.001431159966	5
564	13959303	93.000732427089	5
564	13962891	93.001468187062	5
564	13962945	93.001479787063	5
564	15309697	96.000747359983	5
564	15313340	96.001519159965	5
564	15313354	96.001525879964	5
564	16658979	99.000732424421	5
564	16662567	99.001468184394	5
564	16662621	99.001479784395	5
564	17615027	102.001442239963	5
564	17617642	102.002321103091	5
564	17617656	102.00232782309	5
564	18966386	105.001442239963	5
564	18969001	105.002321101757	5
564	18969015	105.002327821756	5
564	20318176	108.001439959969	5
564	20320739	108.002321100423	5
564	20320753	108.002327820422	5
564	21557073	111.000901279977	5
564	21560718	111.001506239951	5
564	21560732	111.00151295995	5
564	22906551	114.000767897747	5
564	22910632	114.001546297715	5
564	22910646	114.001553017714	5
564	24256463	117.000767896413	5
564	24260544	117.001546296381	5
564	24260558	117.00155301638	5
564	25353899	120.000874319988	5
564	25357501	120.00154043996	5
564	25357680	120.001603879958	5
564	26561779	123.000744159987	5
564	26565055	123.001540413716	5
564	26565069	123.001547133715	5
564	27911169	126.000744159987	5
564	27914445	126.001540412381	5
564	27914459	126.00154713238	5
564	29260559	129.000744159987	5
564	29263835	129.001540411492	5
564	29263849	129.001547131491	5
564	30390333	132.001439959969	5
564	30392896	132.002321091529	5
564	30392910	132.002327811528	5
564	31741544	135.001442239963	5
564	31744159	135.002321091529	5
564	31744173	135.002327811528	5
564	33092807	138.001442239963	5
564	33095422	138.002321091529	5
564	33095436	138.002327811528	5
564	34220799	141.001314079965	5
564	34223458	141.002297651529	5
564	34223472	141.002304371528	5
564	35572267	144.00138659997	5
564	35574563	144.002179199954	5
564	35574597	144.002185919953	5
564	36923424	147.001394159964	5
564	36925633	147.002168811535	5
564	36925739	147.002187131535	5
564	38163025	150.001248599967	5
564	38165429	150.002041159949	5
564	38165438	150.002047879948	5
564	39402455	153.001442239963	5
564	39405070	153.002321091529	5
564	39405084	153.002327811528	5
564	40754245	156.001439959969	5
564	40756808	156.002321091529	5
564	40756822	156.002327811528	5
564	42105552	159.001442239963	5
564	42108167	159.002321091529	5
564	42108181	159.002327811528	5
564	43233708	162.001442239963	5
564	43236323	162.002321091529	5
564	43236337	162.002327811528	5
564	44585163	165.001442239963	5
564	44587778	165.002321091529	5
564	44587792	165.002327811528	5
564	45937049	168.001439959969	5
564	45939612	168.002321091529	5
564	45939626	168.002327811528	5
564	47065406	171.001314079965	5
564	47068065	171.002297651529	5
564	47068079	171.002304371528	5
564	48416472	174.001394159964	5
564	48418681	174.002168811535	5
564	48418787	174.002187131535	5
564	49767627	177.001394159964	5
564	49769836	177.002168811535	5
564	49769942	177.002187131535	5
564	51008206	180.001392639969	5
564	51010529	180.002185239953	5
564	51010550	180.002191959952	5
564	52247383	183.001383599965	5
564	52249710	183.002297571529	5
564	52249724	183.002304291528	5
564	53598181	186.001383599965	5
564	53600508	186.002297571529	5
564	53600522	186.002304291528	5
564	54948979	189.001383599965	5
564	54951306	189.002297571529	5
564	54951320	189.002304291528	5
564	55933630	192.001439959969	5
564	55936193	192.002321091529	5
564	55936207	192.002327811528	5
564	57284937	195.001442239963	5
564	57287552	195.002321091529	5
564	57287566	195.002327811528	5
564	58636296	198.001442239963	5
564	58638911	198.002321091529	5
564	58638925	198.002327811528	5
564	59621001	201.001054239975	5
564	59623905	201.001899959958	5
564	59623919	201.001906679957	5
564	60972740	204.001439959969	5
564	60975303	204.002321091529	5
564	60975317	204.002327811528	5
564	62324143	207.001442239963	5
564	62326758	207.002321091529	5
564	62326772	207.002327811528	5
564	63564538	210.001442239963	5
564	63567156	210.002321091529	5
564	63567170	210.002327811528	5
564	64660202	213.001442239963	5
564	64662817	213.002321091529	5
564	64662831	213.002327811528	5
564	66012088	216.001439959969	5
564	66014651	216.002321091529	5
564	66014665	216.002327811528	5
564	67363491	219.001442239963	5
564	67366106	219.002321091529	5
564	67366120	219.002327811528	5
564	68348321	222.001442239963	5
564	68350936	222.002321091529	5
564	68350950	222.002327811528	5
564	69699776	225.001442239963	5
564	69702391	225.002321091529	5
564	69702405	225.002327811528	5
564	71051662	228.001439959969	5
564	71054225	228.002321091529	5
564	71054239	228.002327811528	5
564	72036636	231.001054239975	5
564	72039540	231.001899959958	5
564	72039554	231.001906679957	5
564	73387945	234.001442239963	5
564	73390560	234.002321091529	5
564	73390574	234.002327811528	5
564	74739400	237.001442239963	5
564	74742015	237.002321091529	5
564	74742029	237.002327811528	5
564	75980675	240.001541439964	5
564	75983563	240.002430359946	5
564	75983577	240.002437079945	5
564	77077020	243.001443399961	5
564	77079635	243.002321091529	5
564	77079649	243.002327811528	5
564	78428475	246.001442239963	5
564	78431090	246.002321091529	5
564	78431104	246.002327811528	5
564	79779930	249.001442239963	5
564	79782545	249.002321091529	5
564	79782559	249.002327811528	5
564	80765113	252.001439959969	5
564	80767676	252.002321091529	5
564	80767690	252.002327811528	5
564	82116516	255.001442239963	5
564	82119131	255.002321091529	5
564	82119145	255.002327811528	5
564	83467971	258.001442239963	5
564	83470586	258.002321091303	5
564	83470600	258.002327811302	5
564	84564239	261.000745330909	5
564	84567769	261.001325839969	5
564	84567783	261.001332559968	5
564	85914363	264.000747439983	5
564	85918154	264.00138743997	5
564	85918168	264.001394159969	5
564	87263873	267.000730849998	5
564	87267319	267.001315679967	5
564	87267533	267.001351199966	5
564	88502265	270.000708849452	5
564	88505402	270.001196719974	5
564	88505416	270.001203439973	5
564	89597662	273.001437279973	5
564	89600225	273.002314448906	5
564	89600239	273.002321168905	5
564	90948815	276.001407519966	5
564	90951404	276.002314448352	5
564	90951418	276.002321168351	5
564	92299100	279.001437279973	5
564	92301663	279.002314447797	5
564	92301677	279.002321167796	5
564	93396991	282.001442239963	5
564	93399606	282.002321087336	5
564	93399620	282.002327807335	5
564	94748176	285.001442239963	5
564	94750791	285.002321087336	5
564	94750805	285.002327807335	5
564	96099870	288.001439959969	5
564	96102433	288.002321087336	5
564	96102447	288.002327807335	5
564	97310484	291.001158127316	5
564	97312210	291.001736487307	5
564	97312224	291.001743207306	5
564	98657260	294.000708847329	5
564	98661105	294.001376119964	5
564	98661119	294.001382839963	5
564	100007001	297.000708847329	5
564	100010846	297.001376119964	5
564	100010860	297.001382839963	5
564	101359443	300.000743319989	5
564	101362637	300.001361479969	5
564	101362985	300.001424919967	5
