589	3183	0.00033171999	5
589	3620	0.00039931999	5
589	4173	3.000328719999	5
589	4833	3.000628799998	5
589	4877	3.000649279997	5
589	5467	6.000328719999	5
589	6127	6.000628799998	5
589	6171	6.000649279997	5
589	6761	9.000328719999	5
589	7421	9.000628799998	5
589	7465	9.000649279997	5
589	10143	12.000463279996	5
589	11011	12.000742879996	5
589	11056	12.000763359995	5
589	11655	15.000328719999	5
589	12315	15.000628799998	5
589	12359	15.000649279997	5
589	12949	18.000328719999	5
589	13609	18.000628799998	5
589	13653	18.000649279997	5
589	14243	21.000328719999	5
589	14903	21.000628799998	5
589	14947	21.000649279997	5
589	17427	24.000463279996	5
589	18295	24.000742879996	5
589	18340	24.000763359995	5
589	18939	27.000328719999	5
589	19599	27.000628799998	5
589	19643	27.000649279997	5
589	20233	30.000328719999	5
589	20893	30.000628799998	5
589	20937	30.000649279997	5
589	21527	33.000328719999	5
589	22187	33.000628799998	5
589	22231	33.000649279997	5
589	24711	36.000463279996	5
589	25579	36.000742879996	5
589	25624	36.000763359995	5
589	26223	39.000328719999	5
589	26883	39.000628799998	5
589	26927	39.000649279997	5
589	27517	42.000328719999	5
589	28177	42.000628799998	5
589	28221	42.000649279997	5
589	28811	45.000328719999	5
589	29471	45.000628799998	5
589	29515	45.000649279997	5
589	31995	48.000463279996	5
589	32863	48.000742879996	5
589	32908	48.000763359995	5
589	33507	51.000328719999	5
589	34167	51.000628799998	5
589	34211	51.000649279997	5
589	34801	54.000328719999	5
589	35461	54.000628799998	5
589	35505	54.000649279997	5
589	36095	57.000328719999	5
589	36755	57.000628799998	5
589	36799	57.000649279997	5
589	183998	60.000463279996	5
589	184891	60.000766079994	5
589	184935	60.000786559993	5
589	1228651	63.000328719999	5
589	1229591	63.000628799998	5
589	1229651	63.000649279997	5
589	2572441	66.000328719999	5
589	2573381	66.000628799998	5
589	2573441	66.000649279997	5
589	3916327	69.000328719999	5
589	3917213	69.000628799998	5
589	3917265	69.000649279997	5
589	4896114	72.000522959992	5
589	4899252	72.001300959971	5
589	4899728	72.001337919967	5
589	6245943	75.000467519988	5
589	6248828	75.00123375997	5
589	6249198	75.001263999967	5
589	7596246	78.000467519988	5
589	7599131	78.00123375997	5
589	7599501	78.001263999967	5
589	8662833	81.000467519988	5
589	8665718	81.00123375997	5
589	8666088	81.001263999967	5
589	10015141	84.000522959992	5
589	10018279	84.001300959971	5
589	10018755	84.001337919967	5
589	11366122	87.000467519988	5
589	11369007	87.00123375997	5
589	11369377	87.001263999967	5
589	12606751	90.000467519988	5
589	12609763	90.001019519978	5
589	12609849	90.001026239977	5
589	13958304	93.000547759983	5
589	13962098	93.001391427062	5
589	13962223	93.001398147061	5
589	15308731	96.000596559988	5
589	15312556	96.001408319964	5
589	15312762	96.001426559962	5
589	16657980	99.000547759983	5
589	16661774	99.001391424394	5
589	16661899	99.001398144393	5
589	17610306	102.000467519988	5
589	17613191	102.00123375997	5
589	17613561	102.001263999967	5
589	18961665	105.000467519988	5
589	18964550	105.00123375997	5
589	18964920	105.001263999967	5
589	20313877	108.000522959992	5
589	20317015	108.001300959971	5
589	20317491	108.001337919967	5
589	21554992	111.000467519988	5
589	21558196	111.001181359965	5
589	21558516	111.001250639961	5
589	22905349	114.000547759983	5
589	22909377	114.001385177723	5
589	22909462	114.001391897722	5
589	24255261	117.000547759983	5
589	24259289	117.001385176389	5
589	24259374	117.001391896388	5
589	25353311	120.00078791999	5
589	25356372	120.001432319966	5
589	25356735	120.001462559963	5
589	26560548	123.00055183999	5
589	26563873	123.001368453722	5
589	26564138	123.00139197372	5
589	27909938	126.00055183999	5
589	27913263	126.001368452387	5
589	27913528	126.001391972385	5
589	29259328	129.00055183999	5
589	29262653	129.001368451498	5
589	29262918	129.001391971496	5
589	30386034	132.000522959992	5
589	30389172	132.001300959971	5
589	30389648	132.001337919967	5
589	31736823	135.000467519988	5
589	31739708	135.00123375997	5
589	31740078	135.001263999967	5
589	33088086	138.000467519988	5
589	33090971	138.00123375997	5
589	33091341	138.001263999967	5
589	34216504	141.000467519988	5
589	34218765	141.001035119973	5
589	34219114	141.001074479973	5
589	35568148	144.000522959992	5
589	35571286	144.001300959971	5
589	35571762	144.001337919967	5
589	36918855	147.000467519988	5
589	36921740	147.00123375997	5
589	36922110	147.001263999967	5
589	38158951	150.000467519988	5
589	38161213	150.001035119973	5
589	38161562	150.001074479973	5
589	39397734	153.000467519988	5
589	39400619	153.00123375997	5
589	39400989	153.001263999967	5
589	40749946	156.000522959992	5
589	40753084	156.001300959971	5
589	40753560	156.001337919967	5
589	42100831	159.000467519988	5
589	42103716	159.00123375997	5
589	42104086	159.001263999967	5
589	43228987	162.000467519988	5
589	43231872	162.00123375997	5
589	43232242	162.001263999967	5
589	44580442	165.000467519988	5
589	44583327	165.00123375997	5
589	44583697	165.001263999967	5
589	45932750	168.000522959992	5
589	45935888	168.001300959971	5
589	45936364	168.001337919967	5
589	47061111	171.000467519988	5
589	47063372	171.001035119973	5
589	47063721	171.001074479973	5
589	48411903	174.000467519988	5
589	48414788	174.00123375997	5
589	48415158	174.001263999967	5
589	49763058	177.000467519988	5
589	49765943	177.00123375997	5
589	49766313	177.001263999967	5
589	51004010	180.000522959992	5
589	51007243	180.00130767997	5
589	51007691	180.001344639966	5
589	52242935	183.000467519988	5
589	52245820	183.00123375997	5
589	52246190	183.001263999967	5
589	53593733	186.000467519988	5
589	53596618	186.00123375997	5
589	53596988	186.001263999967	5
589	54944531	189.000467519988	5
589	54947416	189.00123375997	5
589	54947786	189.001263999967	5
589	55929331	192.000522959992	5
589	55932469	192.001300959971	5
589	55932945	192.001337919967	5
589	57280216	195.000467519988	5
589	57283101	195.00123375997	5
589	57283471	195.001263999967	5
589	58631575	198.000467519988	5
589	58634460	198.00123375997	5
589	58634830	198.001263999967	5
589	59617346	201.000467519988	5
589	59620083	201.000997439978	5
589	59620444	201.001021039978	5
589	60968441	204.000522959992	5
589	60971579	204.001300959971	5
589	60972055	204.001337919967	5
589	62319422	207.000467519988	5
589	62322307	207.00123375997	5
589	62322677	207.001263999967	5
589	63559817	210.000467519988	5
589	63562702	210.00123375997	5
589	63563072	210.001263999967	5
589	64655481	213.000467519988	5
589	64658366	213.00123375997	5
589	64658736	213.001263999967	5
589	66007789	216.000522959992	5
589	66010927	216.001300959971	5
589	66011403	216.001337919967	5
589	67358770	219.000467519988	5
589	67361655	219.00123375997	5
589	67362025	219.001263999967	5
589	68343600	222.000467519988	5
589	68346485	222.00123375997	5
589	68346855	222.001263999967	5
589	69695055	225.000467519988	5
589	69697940	225.00123375997	5
589	69698310	225.001263999967	5
589	71047363	228.000522959992	5
589	71050501	228.001300959971	5
589	71050977	228.001337919967	5
589	72032981	231.000467519988	5
589	72035718	231.000997439978	5
589	72036079	231.001021039978	5
589	73383224	234.000467519988	5
589	73386109	234.00123375997	5
589	73386479	234.001263999967	5
589	74734679	237.000467519988	5
589	74737564	237.00123375997	5
589	74737934	237.001263999967	5
589	75976401	240.000541039986	5
589	75979752	240.001413119966	5
589	75979858	240.001419839965	5
589	77072458	243.000517359986	5
589	77075302	243.001271839967	5
589	77076174	243.001326559961	5
589	78423754	246.000467519988	5
589	78426639	246.00123375997	5
589	78427009	246.001263999967	5
589	79775209	249.000467519988	5
589	79778094	249.00123375997	5
589	79778464	249.001263999967	5
589	80760814	252.000522959992	5
589	80763952	252.001300959971	5
589	80764428	252.001337919967	5
589	82111795	255.000467519988	5
589	82114680	255.00123375997	5
589	82115050	255.001263999967	5
589	83463250	258.000467519988	5
589	83466135	258.00123375997	5
589	83466505	258.001263999967	5
589	84562530	261.000467519988	5
589	84565970	261.001166879973	5
589	84566232	261.001195679971	5
589	85913076	264.000522959992	5
589	85916840	264.001252239974	5
589	85917115	264.001281039972	5
589	87262713	267.000485679986	5
589	87265712	267.001178799972	5
589	87265982	267.001214319969	5
589	88501283	270.000485679986	5
589	88503677	270.001011999978	5
589	88503849	270.001030319978	5
589	89594119	273.000467519988	5
589	89596873	273.00125463997	5
589	89596926	273.001261359969	5
589	90945170	276.000522959992	5
589	90947855	276.001277439973	5
589	90948304	276.001321119968	5
589	92295557	279.000467519988	5
589	92298311	279.00125463997	5
589	92298364	279.001261359969	5
589	93392270	282.000467519988	5
589	93395155	282.00123375997	5
589	93395525	282.001263999967	5
589	94743455	285.000467519988	5
589	94746340	285.00123375997	5
589	94746710	285.001263999967	5
589	96095571	288.000522959992	5
589	96098709	288.001300959971	5
589	96099185	288.001337919967	5
589	97306582	291.000467519988	5
589	97309820	291.001108607318	5
589	97310162	291.001126927318	5
589	98656063	294.000474199986	5
589	98659418	294.001209639968	5
589	98659481	294.001216359967	5
589	100005804	297.000474199986	5
589	100009159	297.001209639968	5
589	100009222	297.001216359967	5
589	101357635	300.000523039992	5
589	101361321	300.001236479975	5
589	101361437	300.001254719973	5
