614	3297	0.00035003999	5
614	3709	0.00041763999	5
614	4376	3.000426959997	5
614	5086	3.000767999994	5
614	5122	3.000788479993	5
614	5670	6.000426959997	5
614	6380	6.000767999994	5
614	6416	6.000788479993	5
614	6964	9.000426959997	5
614	7674	9.000767999994	5
614	7710	9.000788479993	5
614	10598	12.000563119992	5
614	11274	12.000882079992	5
614	11310	12.000902559991	5
614	11858	15.000426959997	5
614	12568	15.000767999994	5
614	12604	15.000788479993	5
614	13152	18.000426959997	5
614	13862	18.000767999994	5
614	13898	18.000788479993	5
614	14446	21.000426959997	5
614	15156	21.000767999994	5
614	15192	21.000788479993	5
614	17882	24.000563119992	5
614	18558	24.000882079992	5
614	18594	24.000902559991	5
614	19142	27.000426959997	5
614	19852	27.000767999994	5
614	19888	27.000788479993	5
614	20436	30.000426959997	5
614	21146	30.000767999994	5
614	21182	30.000788479993	5
614	21730	33.000426959997	5
614	22440	33.000767999994	5
614	22476	33.000788479993	5
614	25166	36.000563119992	5
614	25842	36.000882079992	5
614	25878	36.000902559991	5
614	26426	39.000426959997	5
614	27136	39.000767999994	5
614	27172	39.000788479993	5
614	27720	42.000426959997	5
614	28430	42.000767999994	5
614	28466	42.000788479993	5
614	29014	45.000426959997	5
614	29724	45.000767999994	5
614	29760	45.000788479993	5
614	32450	48.000563119992	5
614	33126	48.000882079992	5
614	33162	48.000902559991	5
614	33710	51.000426959997	5
614	34420	51.000767999994	5
614	34456	51.000788479993	5
614	35004	54.000426959997	5
614	35714	54.000767999994	5
614	35750	54.000788479993	5
614	36298	57.000426959997	5
614	37008	57.000767999994	5
614	37044	57.000788479993	5
614	184461	60.000563119992	5
614	185253	60.00090527999	5
614	185289	60.000925759989	5
614	1228898	63.000426959997	5
614	1229882	63.000767999994	5
614	1229932	63.000788479993	5
614	2572688	66.000426959997	5
614	2573672	66.000767999994	5
614	2573722	66.000788479993	5
614	3916574	69.000426959997	5
614	3917480	69.000767999994	5
614	3917516	69.000788479993	5
614	4896681	72.00059999999	5
614	4900140	72.001374879963	5
614	4900186	72.001381599962	5
614	6246317	75.000531039986	5
614	6249755	75.001307199962	5
614	6249983	75.00132543996	5
614	7596620	78.000531039986	5
614	7600058	78.001307199962	5
614	7600286	78.00132543996	5
614	8663207	81.000531039986	5
614	8666645	81.001307199962	5
614	8666873	81.00132543996	5
614	10015708	84.00059999999	5
614	10019167	84.001374879963	5
614	10019213	84.001381599962	5
614	11366496	87.000531039986	5
614	11369934	87.001307199962	5
614	11370162	87.00132543996	5
614	12607350	90.000606548429	5
614	12610997	90.001116159976	5
614	12611038	90.001122879975	5
614	13958607	93.000611199979	5
614	13962480	93.00141494706	5
614	13962549	93.001421667059	5
614	15309125	96.000673439984	5
614	15313017	96.00145007996	5
614	15313065	96.001456799959	5
614	16658283	99.000611199979	5
614	16662156	99.001414944392	5
614	16662225	99.001421664391	5
614	17610680	102.000531039986	5
614	17614118	102.001307199962	5
614	17614346	102.00132543996	5
614	18962039	105.000531039986	5
614	18965477	105.001307199962	5
614	18965705	105.00132543996	5
614	20314444	108.00059999999	5
614	20317903	108.001374879963	5
614	20317949	108.001381599962	5
614	21555628	111.000615199984	5
614	21559556	111.001339759955	5
614	21559631	111.001346479954	5
614	22905658	114.000616159979	5
614	22909549	114.001403417721	5
614	22909758	114.001421657719	5
614	24255570	117.000616159979	5
614	24259461	117.001403416387	5
614	24259670	117.001421656385	5
614	25353510	120.00080623999	5
614	25356606	120.001455839964	5
614	25357193	120.001504319959	5
614	26560657	123.00057015999	5
614	26563943	123.001375173721	5
614	26564234	123.001398693719	5
614	27910047	126.00057015999	5
614	27913333	126.001375172386	5
614	27913624	126.001398692384	5
614	29259437	129.00057015999	5
614	29262723	129.001375171497	5
614	29263014	129.001398691495	5
614	30386601	132.00059999999	5
614	30390060	132.001374879963	5
614	30390106	132.001381599962	5
614	31737197	135.000531039986	5
614	31740635	135.001307199962	5
614	31740863	135.00132543996	5
614	33088460	138.000531039986	5
614	33091898	138.001307199962	5
614	33092126	138.00132543996	5
614	34216879	141.000531039986	5
614	34219193	141.001081199972	5
614	34219255	141.001087919971	5
614	35568715	144.00059999999	5
614	35572175	144.001374879963	5
614	35572230	144.001381599962	5
614	36919229	147.000531039986	5
614	36922667	147.001307199962	5
614	36922895	147.00132543996	5
614	38159327	150.000531039986	5
614	38161641	150.001081199972	5
614	38161703	150.001087919971	5
614	39398108	153.000531039986	5
614	39401546	153.001307199962	5
614	39401774	153.00132543996	5
614	40750513	156.00059999999	5
614	40753972	156.001374879963	5
614	40754018	156.001381599962	5
614	42101205	159.000531039986	5
614	42104643	159.001307199962	5
614	42104871	159.00132543996	5
614	43229361	162.000531039986	5
614	43232799	162.001307199962	5
614	43233027	162.00132543996	5
614	44580816	165.000531039986	5
614	44584254	165.001307199962	5
614	44584482	165.00132543996	5
614	45933317	168.00059999999	5
614	45936776	168.001374879963	5
614	45936822	168.001381599962	5
614	47061486	171.000531039986	5
614	47063800	171.001081199972	5
614	47063862	171.001087919971	5
614	48412277	174.000531039986	5
614	48415715	174.001307199962	5
614	48415943	174.00132543996	5
614	49763432	177.000531039986	5
614	49766870	177.001307199962	5
614	49767098	177.00132543996	5
614	51004575	180.00059999999	5
614	51007902	180.001362879964	5
614	51008169	180.001387839961	5
614	52243309	183.000531039986	5
614	52246747	183.001307199962	5
614	52246975	183.00132543996	5
614	53594107	186.000531039986	5
614	53597545	186.001307199962	5
614	53597773	186.00132543996	5
614	54944905	189.000531039986	5
614	54948343	189.001307199962	5
614	54948571	189.00132543996	5
614	55929898	192.00059999999	5
614	55933357	192.001374879963	5
614	55933403	192.001381599962	5
614	57280590	195.000531039986	5
614	57284028	195.001307199962	5
614	57284256	195.00132543996	5
614	58631949	198.000531039986	5
614	58635387	198.001307199962	5
614	58635615	198.00132543996	5
614	59617853	201.000531039986	5
614	59621405	201.001094479976	5
614	59621422	201.001101199975	5
614	60969008	204.00059999999	5
614	60972467	204.001374879963	5
614	60972513	204.001381599962	5
614	62319796	207.000531039986	5
614	62323234	207.001307199962	5
614	62323462	207.00132543996	5
614	63560191	210.000531039986	5
614	63563629	210.001307199962	5
614	63563857	210.00132543996	5
614	64655855	213.000531039986	5
614	64659293	213.001307199962	5
614	64659521	213.00132543996	5
614	66008356	216.00059999999	5
614	66011815	216.001374879963	5
614	66011861	216.001381599962	5
614	67359144	219.000531039986	5
614	67362582	219.001307199962	5
614	67362810	219.00132543996	5
614	68343974	222.000531039986	5
614	68347412	222.001307199962	5
614	68347640	222.00132543996	5
614	69695429	225.000531039986	5
614	69698867	225.001307199962	5
614	69699095	225.00132543996	5
614	71047930	228.00059999999	5
614	71051389	228.001374879963	5
614	71051435	228.001381599962	5
614	72033488	231.000531039986	5
614	72037040	231.001094479976	5
614	72037057	231.001101199975	5
614	73383598	234.000531039986	5
614	73387036	234.001307199962	5
614	73387264	234.00132543996	5
614	74735053	237.000531039986	5
614	74738491	237.001307199962	5
614	74738719	237.00132543996	5
614	75976854	240.000618079984	5
614	75980091	240.001436719966	5
614	75980165	240.001443439965	5
614	77072927	243.000580879984	5
614	77076683	243.001369759956	5
614	77076855	243.001387999954	5
614	78424128	246.000531039986	5
614	78427566	246.001307199962	5
614	78427794	246.00132543996	5
614	79775583	249.000531039986	5
614	79779021	249.001307199962	5
614	79779249	249.00132543996	5
614	80761381	252.00059999999	5
614	80764840	252.001374879963	5
614	80764886	252.001381599962	5
614	82112169	255.000531039986	5
614	82115607	255.001307199962	5
614	82115835	255.00132543996	5
614	83463624	258.000531039986	5
614	83467062	258.001307199962	5
614	83467290	258.00132543996	5
614	84563056	261.000531039986	5
614	84567605	261.001296290903	5
614	84567650	261.001303010902	5
614	85913645	264.00059127999	5
614	85917991	264.00135447997	5
614	85918041	264.001361199969	5
614	87263088	267.000535759984	5
614	87267391	267.001325089991	5
614	87267444	267.00133180999	5
614	88501673	270.000535759984	5
614	88505239	270.001163759974	5
614	88505289	270.001170479973	5
614	89594513	273.000531039986	5
614	89596953	273.001268079968	5
614	89596975	273.001274799967	5
614	90945625	276.00059999999	5
614	90948569	276.001346079965	5
614	90948682	276.001364399965	5
614	92295951	279.000531039986	5
614	92298391	279.001268079968	5
614	92298413	279.001274799967	5
614	93392644	282.000531039986	5
614	93396082	282.001307199962	5
614	93396310	282.00132543996	5
614	94743829	285.000531039986	5
614	94747267	285.001307199962	5
614	94747495	285.00132543996	5
614	96096138	288.00059999999	5
614	96099597	288.001374879963	5
614	96099643	288.001381599962	5
614	97307595	291.000679327335	5
614	97310386	291.001145247318	5
614	97310503	291.001163567318	5
614	98656739	294.000549159981	5
614	98660942	294.001343159964	5
614	98660992	294.001349879963	5
614	100006480	297.000549159981	5
614	100010683	297.001343159964	5
614	100010733	297.001349879963	5
614	101358087	300.000583759994	5
614	101362866	300.001389519966	5
614	101362905	300.001396239965	5
