520	4601	3.000530879999	0.000530879999
520	4787	3.000600479997	0.000600479997
520	4926	3.000670079995	0.000670079995
520	5048	3.000739679993	0.000739679993
520	5895	6.000530879999	0.000530879999
520	6081	6.000600479997	0.000600479997
520	6220	6.000670079995	0.000670079995
520	6342	6.000739679993	0.000739679993
520	7189	9.000530879999	0.000530879999
520	7375	9.000600479997	0.000600479997
520	7514	9.000670079995	0.000670079995
520	7636	9.000739679993	0.000739679993
520	10955	12.000791839995	0.000791839995
520	11141	12.000861439993	0.000861439993
520	11280	12.000931039991	0.000931039991
520	11402	12.001000639989	0.001000639989
520	12249	15.000530879999	0.000530879999
520	12435	15.000600479997	0.000600479997
520	12574	15.000670079995	0.000670079995
520	12696	15.000739679993	0.000739679993
520	13543	18.000530879999	0.000530879999
520	13729	18.000600479997	0.000600479997
520	13868	18.000670079995	0.000670079995
520	13990	18.000739679993	0.000739679993
520	14837	21.000530879999	0.000530879999
520	15023	21.000600479997	0.000600479997
520	15162	21.000670079995	0.000670079995
520	15284	21.000739679993	0.000739679993
520	18603	24.000791839995	0.000791839995
520	18789	24.000861439993	0.000861439993
520	18928	24.000931039991	0.000931039991
520	19050	24.001000639989	0.001000639989
520	19897	27.000530879999	0.000530879999
520	20083	27.000600479997	0.000600479997
520	20222	27.000670079995	0.000670079995
520	20344	27.000739679993	0.000739679993
520	21191	30.000530879999	0.000530879999
520	21377	30.000600479997	0.000600479997
520	21516	30.000670079995	0.000670079995
520	21638	30.000739679993	0.000739679993
520	22485	33.000530879999	0.000530879999
520	22671	33.000600479997	0.000600479997
520	22810	33.000670079995	0.000670079995
520	22932	33.000739679993	0.000739679993
520	26251	36.000791839995	0.000791839995
520	26437	36.000861439993	0.000861439993
520	26576	36.000931039991	0.000931039991
520	26698	36.001000639989	0.001000639989
520	27545	39.000530879999	0.000530879999
520	27731	39.000600479997	0.000600479997
520	27870	39.000670079995	0.000670079995
520	27992	39.000739679993	0.000739679993
520	28839	42.000530879999	0.000530879999
520	29025	42.000600479997	0.000600479997
520	29164	42.000670079995	0.000670079995
520	29286	42.000739679993	0.000739679993
520	30133	45.000530879999	0.000530879999
520	30319	45.000600479997	0.000600479997
520	30458	45.000670079995	0.000670079995
520	30580	45.000739679993	0.000739679993
520	33899	48.000791839995	0.000791839995
520	34085	48.000861439993	0.000861439993
520	34224	48.000931039991	0.000931039991
520	34346	48.001000639989	0.001000639989
520	35193	51.000530879999	0.000530879999
520	35379	51.000600479997	0.000600479997
520	35518	51.000670079995	0.000670079995
520	35640	51.000739679993	0.000739679993
520	36487	54.000530879999	0.000530879999
520	36673	54.000600479997	0.000600479997
520	36812	54.000670079995	0.000670079995
520	36934	54.000739679993	0.000739679993
520	37781	57.000530879999	0.000530879999
520	37967	57.000600479997	0.000600479997
520	38106	57.000670079995	0.000670079995
520	38228	57.000739679993	0.000739679993
520	1741649	60.001267279971	0.001267279971
520	1742126	60.001379679964	0.001379679964
520	1747569	60.002689999982	0.002689999982
520	1747742	60.002710479981	0.002710479981
520	7119629	63.001275279969	0.001275279969
520	7119978	63.001380959963	0.001380959963
520	7125484	63.00269247998	0.00269247998
520	7127813	63.00318607997	0.00318607997
520	12497720	66.001275279115	0.001275279115
520	12498069	66.001380959109	0.001380959109
520	12503575	66.002692479126	0.002692479126
520	12505904	66.003186079116	0.003186079116
520	17876012	69.001275277836	0.001275277836
520	17876356	69.00138095783	0.00138095783
520	17882078	69.002692557846	0.002692557846
520	17884532	69.003186157836	0.003186157836
520	23329084	72.001267277253	0.001267277253
520	23329561	72.001379677246	0.001379677246
520	23335004	72.002689997264	0.002689997264
520	23335177	72.002710477263	0.002710477263
520	28707064	75.001275277251	0.001275277251
520	28707413	75.001380957245	0.001380957245
520	28712919	75.002692477262	0.002692477262
520	28715248	75.003186077252	0.003186077252
520	34085155	78.001275277251	0.001275277251
520	34085504	78.001380957245	0.001380957245
520	34091010	78.002692477262	0.002692477262
520	34093339	78.003186077252	0.003186077252
520	39463246	81.001275277251	0.001275277251
520	39463595	81.001380957245	0.001380957245
520	39469101	81.002692477262	0.002692477262
520	39471430	81.003186077252	0.003186077252
520	44842515	84.001267277253	0.001267277253
520	44842992	84.001379677246	0.001379677246
520	44848435	84.002689997264	0.002689997264
520	44848608	84.002710477263	0.002710477263
520	50220495	87.001275277251	0.001275277251
520	50220844	87.001380957245	0.001380957245
520	50226350	87.002692477262	0.002692477262
520	50228679	87.003186077252	0.003186077252
520	55599053	90.001268637252	0.001268637252
520	55599399	90.001374237246	0.001374237246
520	55604982	90.002692477262	0.002692477262
520	55607311	90.003186077252	0.003186077252
520	60977219	93.001275277251	0.001275277251
520	60977568	93.001380957245	0.001380957245
520	60983074	93.002692477262	0.002692477262
520	60985403	93.003186077252	0.003186077252
520	66356488	96.001267277253	0.001267277253
520	66356965	96.001379677246	0.001379677246
520	66362408	96.002689997264	0.002689997264
520	66362581	96.002710477263	0.002710477263
520	71734468	99.001275277251	0.001275277251
520	71734817	99.001380957245	0.001380957245
520	71740323	99.002692477262	0.002692477262
520	71742652	99.003186077252	0.003186077252
520	77112559	102.001275277251	0.001275277251
520	77112908	102.001380957245	0.001380957245
520	77118414	102.002692477262	0.002692477262
520	77120743	102.003186077252	0.003186077252
520	82490650	105.001275277251	0.001275277251
520	82490999	105.001380957245	0.001380957245
520	82496505	105.002692477262	0.002692477262
520	82498834	105.003186077252	0.003186077252
520	87869919	108.001267277253	0.001267277253
520	87870396	108.001379677246	0.001379677246
520	87875839	108.002689997264	0.002689997264
520	87876012	108.002710477263	0.002710477263
520	93247899	111.001275277251	0.001275277251
520	93248248	111.001380957245	0.001380957245
520	93253754	111.002692477262	0.002692477262
520	93256083	111.003186077252	0.003186077252
520	98625990	114.001275277251	0.001275277251
520	98626339	114.001380957245	0.001380957245
520	98631845	114.002692477262	0.002692477262
520	98634174	114.003186077252	0.003186077252
520	104004081	117.001275277251	0.001275277251
520	104004430	117.001380957245	0.001380957245
520	104009936	117.002692477262	0.002692477262
520	104012265	117.003186077252	0.003186077252
520	109383555	120.001294237248	0.001294237248
520	109385295	120.001658397242	0.001658397242
520	109391698	120.003168877252	0.003168877252
520	109391781	120.003189357251	0.003189357251
520	114762084	123.001275277251	0.001275277251
520	114762433	123.001380957245	0.001380957245
520	114767939	123.002692477262	0.002692477262
520	114770268	123.003186077252	0.003186077252
520	120140175	126.001275277251	0.001275277251
520	120140524	126.001380957245	0.001380957245
520	120146030	126.002692477262	0.002692477262
520	120148359	126.003186077252	0.003186077252
520	125518266	129.001275275818	0.001275275818
520	125518615	129.001380955812	0.001380955812
520	125524121	129.002692475827	0.002692475827
520	125526450	129.003186075817	0.003186075817
520	130897535	132.001267271524	0.001267271524
520	130898012	132.001379671517	0.001379671517
520	130903455	132.002689991533	0.002689991533
520	130903628	132.002710471532	0.002710471532
520	136275515	135.001275267226	0.001275267226
520	136275864	135.00138094722	0.00138094722
520	136281370	135.002692467235	0.002692467235
520	136283699	135.003186067225	0.003186067225
520	141653606	138.00127526293	0.00127526293
520	141653955	138.001380942924	0.001380942924
520	141659461	138.002692462939	0.002692462939
520	141661790	138.003186062929	0.003186062929
520	147031697	141.00127525877	0.00127525877
520	147032046	141.001380938764	0.001380938764
520	147037552	141.002692458779	0.002692458779
520	147039881	141.003186058769	0.003186058769
520	152410966	144.001267255912	0.001267255912
520	152411443	144.001379655905	0.001379655905
520	152416886	144.002689975921	0.002689975921
520	152417059	144.00271045592	0.00271045592
520	157788946	147.001275252767	0.001275252767
520	157789295	147.001380932761	0.001380932761
520	157794801	147.002692452777	0.002692452777
520	157797130	147.003186052767	0.003186052767
520	163167037	150.001275249553	0.001275249553
520	163167386	150.001380929547	0.001380929547
520	163172892	150.002692449561	0.002692449561
520	163175221	150.003186049551	0.003186049551
520	168545128	153.001275246335	0.001275246335
520	168545477	153.001380926329	0.001380926329
520	168550983	153.002692446344	0.002692446344
520	168553312	153.003186046334	0.003186046334
520	173924397	156.001267243122	0.001267243122
520	173924874	156.001379643115	0.001379643115
520	173930317	156.002689963132	0.002689963132
520	173930490	156.002710443131	0.002710443131
520	179302377	159.001275239904	0.001275239904
520	179302726	159.001380919898	0.001380919898
520	179308232	159.002692439914	0.002692439914
520	179310561	159.003186039904	0.003186039904
520	184680468	162.001275236688	0.001275236688
520	184680817	162.001380916682	0.001380916682
520	184686323	162.002692436697	0.002692436697
520	184688652	162.003186036687	0.003186036687
520	190058559	165.001275233472	0.001275233472
520	190058908	165.001380913466	0.001380913466
520	190064414	165.002692433481	0.002692433481
520	190066743	165.003186033471	0.003186033471
520	195437828	168.001267230257	0.001267230257
520	195438305	168.00137963025	0.00137963025
520	195443748	168.002689950267	0.002689950267
520	195443921	168.002710430266	0.002710430266
520	200815808	171.00127522704	0.00127522704
520	200816157	171.001380907034	0.001380907034
520	200821663	171.002692427049	0.002692427049
520	200823992	171.003186027039	0.003186027039
520	206193899	174.001275223823	0.001275223823
520	206194248	174.001380903817	0.001380903817
520	206199754	174.002692423832	0.002692423832
520	206202083	174.003186023822	0.003186023822
520	211571990	177.001275220608	0.001275220608
520	211572339	177.001380900602	0.001380900602
520	211577845	177.002692420617	0.002692420617
520	211580174	177.003186020607	0.003186020607
520	216951259	180.001267217394	0.001267217394
520	216951736	180.001379617387	0.001379617387
520	216957179	180.002689937403	0.002689937403
520	216957352	180.002710417402	0.002710417402
520	222329239	183.001275214175	0.001275214175
520	222329588	183.001380894169	0.001380894169
520	222335094	183.002692414185	0.002692414185
520	222337423	183.003186014175	0.003186014175
520	227707330	186.001275210959	0.001275210959
520	227707679	186.001380890953	0.001380890953
520	227713185	186.002692410969	0.002692410969
520	227715514	186.003186010959	0.003186010959
520	233085421	189.001275207743	0.001275207743
520	233085770	189.001380887737	0.001380887737
520	233091276	189.002692407752	0.002692407752
520	233093605	189.003186007742	0.003186007742
520	238464690	192.001267204529	0.001267204529
520	238465167	192.001379604522	0.001379604522
520	238470610	192.002689924538	0.002689924538
520	238470783	192.002710404537	0.002710404537
520	243842670	195.001275201311	0.001275201311
520	243843019	195.001380881305	0.001380881305
520	243848525	195.002692401321	0.002692401321
520	243850854	195.003186001311	0.003186001311
520	249220761	198.001275198095	0.001275198095
520	249221110	198.001380878089	0.001380878089
520	249226616	198.002692398104	0.002692398104
520	249228945	198.003185998094	0.003185998094
520	254598852	201.001275194879	0.001275194879
520	254599201	201.001380874873	0.001380874873
520	254604707	201.002692394888	0.002692394888
520	254607036	201.003185994878	0.003185994878
520	259978121	204.001267191664	0.001267191664
520	259978598	204.001379591657	0.001379591657
520	259984041	204.002689911674	0.002689911674
520	259984214	204.002710391673	0.002710391673
520	265356101	207.001275188446	0.001275188446
520	265356450	207.00138086844	0.00138086844
520	265361956	207.002692388456	0.002692388456
520	265364285	207.003185988446	0.003185988446
520	270734192	210.00127518523	0.00127518523
520	270734541	210.001380865224	0.001380865224
520	270740047	210.002692385239	0.002692385239
520	270742376	210.003185985229	0.003185985229
520	276112283	213.001275182014	0.001275182014
520	276112632	213.001380862008	0.001380862008
520	276118138	213.002692382023	0.002692382023
520	276120467	213.003185982013	0.003185982013
520	281491552	216.001267178658	0.001267178658
520	281492029	216.001379578651	0.001379578651
520	281497472	216.002689898668	0.002689898668
520	281497645	216.002710378667	0.002710378667
520	286869532	219.001275174831	0.001275174831
520	286869881	219.001380854825	0.001380854825
520	286875387	219.00269237484	0.00269237484
520	286877716	219.00318597483	0.00318597483
520	292247623	222.001275170922	0.001275170922
520	292247972	222.001380850916	0.001380850916
520	292253478	222.002692370931	0.002692370931
520	292255807	222.003185970921	0.003185970921
520	297625714	225.00127516686	0.00127516686
520	297626063	225.001380846854	0.001380846854
520	297631569	225.002692366869	0.002692366869
520	297633898	225.003185966859	0.003185966859
520	303004983	228.001267162747	0.001267162747
520	303005460	228.00137956274	0.00137956274
520	303010903	228.002689882755	0.002689882755
520	303011076	228.002710362754	0.002710362754
520	308382963	231.001275158601	0.001275158601
520	308383312	231.001380838595	0.001380838595
520	308388818	231.002692358611	0.002692358611
520	308391147	231.003185958601	0.003185958601
520	313761054	234.001275154458	0.001275154458
520	313761403	234.001380834452	0.001380834452
520	313766909	234.002692354467	0.002692354467
520	313769238	234.003185954457	0.003185954457
520	319139145	237.001275150315	0.001275150315
520	319139494	237.001380830309	0.001380830309
520	319145000	237.002692350324	0.002692350324
520	319147329	237.003185950314	0.003185950314
520	324518569	240.001269546147	0.001269546147
520	324519034	240.00138194614	0.00138194614
520	324524516	240.002689866182	0.002689866182
520	324524631	240.002710346181	0.002710346181
520	329897057	243.001282742003	0.001282742003
520	329897285	243.001362022001	0.001362022001
520	329902874	243.002689862039	0.002689862039
520	329903047	243.002710342038	0.002710342038
520	335274934	246.001275137884	0.001275137884
520	335275283	246.001380817878	0.001380817878
520	335280789	246.002692337893	0.002692337893
520	335283118	246.003185937883	0.003185937883
520	340653025	249.001275133741	0.001275133741
520	340653374	249.001380813735	0.001380813735
520	340658880	249.00269233375	0.00269233375
520	340661209	249.00318593374	0.00318593374
520	346032294	252.001267129599	0.001267129599
520	346032771	252.001379529592	0.001379529592
520	346038214	252.002689849608	0.002689849608
520	346038387	252.002710329607	0.002710329607
520	351410274	255.001275125454	0.001275125454
520	351410623	255.001380805448	0.001380805448
520	351416129	255.002692325463	0.002692325463
520	351418458	255.003185925453	0.003185925453
520	356788365	258.001275122669	0.001275122669
520	356788714	258.001380802663	0.001380802663
520	356794220	258.002692322679	0.002692322679
520	356796549	258.003185922669	0.003185922669
520	362166456	261.001275120561	0.001275120561
520	362166805	261.001380800555	0.001380800555
520	362172311	261.002692320571	0.002692320571
520	362174640	261.003185920561	0.003185920561
520	367545725	264.001267118456	0.001267118456
520	367546202	264.001379518449	0.001379518449
520	367551645	264.002689838466	0.002689838466
520	367551818	264.002710318465	0.002710318465
520	372923705	267.001275116346	0.001275116346
520	372924054	267.00138079634	0.00138079634
520	372929560	267.002692316356	0.002692316356
520	372931889	267.003185916346	0.003185916346
520	378301796	270.001275114239	0.001275114239
520	378302145	270.001380794233	0.001380794233
520	378307651	270.002692314249	0.002692314249
520	378309980	270.003185914239	0.003185914239
520	383679887	273.001275112132	0.001275112132
520	383680236	273.001380792126	0.001380792126
520	383685742	273.002692312141	0.002692312141
520	383688071	273.003185912131	0.003185912131
520	389059156	276.001267110026	0.001267110026
520	389059633	276.001379510019	0.001379510019
520	389065076	276.002689830036	0.002689830036
520	389065249	276.002710310035	0.002710310035
520	394437136	279.001275107917	0.001275107917
520	394437485	279.001380787911	0.001380787911
520	394442991	279.002692307927	0.002692307927
520	394445320	279.003185907917	0.003185907917
520	399815227	282.00127510581	0.00127510581
520	399815576	282.001380785804	0.001380785804
520	399821082	282.00269230582	0.00269230582
520	399823411	282.00318590581	0.00318590581
520	405193318	285.001275103702	0.001275103702
520	405193667	285.001380783696	0.001380783696
520	405199173	285.002692303712	0.002692303712
520	405201502	285.003185903702	0.003185903702
520	410572587	288.001267101597	0.001267101597
520	410573064	288.00137950159	0.00137950159
520	410578507	288.002689821607	0.002689821607
520	410578680	288.002710301606	0.002710301606
520	415950567	291.001275099487	0.001275099487
520	415950916	291.001380779481	0.001380779481
520	415956422	291.002692299497	0.002692299497
520	415958751	291.003185899487	0.003185899487
520	421328658	294.00127509738	0.00127509738
520	421329007	294.001380777374	0.001380777374
520	421334513	294.00269229739	0.00269229739
520	421336842	294.00318589738	0.00318589738
520	426706749	297.001275095272	0.001275095272
520	426707098	297.001380775266	0.001380775266
520	426712604	297.002692295282	0.002692295282
520	426714933	297.003185895272	0.003185895272
520	432086018	300.001267093167	0.001267093167
520	432086495	300.00137949316	0.00137949316
520	432091938	300.002689813177	0.002689813177
520	432092111	300.002710293176	0.002710293176
