513	4601	3.000530879999	1
513	5895	6.000530879999	4
513	7189	9.000530879999	4
513	8483	12.000530879999	4
513	9777	15.000530879999	4
513	11071	18.000530879999	4
513	12365	21.000530879999	4
513	13659	24.000530879999	4
513	14953	27.000530879999	4
513	18333	30.000571999996	4
513	20720	33.000530879999	4
513	22014	36.000530879999	4
513	23308	39.000530879999	4
513	24602	42.000530879999	4
513	25896	45.000530879999	4
513	27190	48.000530879999	4
513	28484	51.000530879999	4
513	29778	54.000530879999	4
513	31072	57.000530879999	4
513	31881	59.000559519999	4
513	2520881	60.00057647548	8001
513	5012099	61.000685390971	8006
513	7500410	62.000810386458	8001
513	9989495	63.000883501934	8000
513	12478322	64.000935377432	8005
513	14966633	65.001060372919	8001
513	17455384	66.001141408389	8001
513	19944187	67.001185363893	8004
513	22432498	68.00131035938	8001
513	24921166	69.001378834845	8001
513	27409943	70.001435350354	8004
513	29898254	71.001560345842	8001
513	32386908	72.001616261302	8001
513	34875699	73.001685336816	8004
513	37364010	74.001810332303	8001
513	39852658	75.001853687758	8001
513	42341455	76.001935323277	8004
513	44829766	77.002060318764	8001
513	47318408	78.002091114214	8001
513	49807211	79.002185309738	8004
513	52295522	80.002310305225	8001
513	54784158	81.00232854067	8001
513	57272967	82.002435296199	8004
513	59761278	83.002560291686	8001
513	62249908	84.002565967127	8001
513	64738723	85.00268528266	8004
513	67227034	86.002810278147	8001
513	69715959	87.00292211358	8002
513	72204479	88.002935269121	8003
513	74692790	89.003060264608	8001
513	77184193	90.003159540036	8002
513	79672720	91.003185255582	8003
513	82161031	92.003310251069	8001
513	84651581	93.003327366494	8001
513	87140401	94.003435242043	8004
513	89628712	95.00356023753	8001
513	92117621	96.003634392948	8002
513	94606157	97.003685228504	8003
513	97094468	98.003810223991	8001
513	99583354	99.003871819404	8002
513	102071913	100.003935214965	8003
513	104560224	101.004060210452	8001
513	107049097	102.004109245861	8002
513	109537669	103.004185201427	8003
513	112025980	104.004310196913	8001
513	114514838	105.004346672317	8002
513	117003425	106.004435187888	8003
513	119491736	107.004560183374	8001
513	121980587	108.004584098773	8002
513	124469181	109.004685174349	8003
513	126957492	110.004810169835	8001
513	129446339	111.004821525229	8002
513	131934937	112.00493516081	8003
513	134423248	113.005060156296	8001
513	136912403	114.005177671682	8003
513	139400693	115.005185147271	8002
513	141889004	116.005310142757	8001
513	144378138	117.005415098138	8003
513	146866449	118.005435133732	8002
513	149354760	119.005560129218	8001
513	151845315	120.005560684594	8002
513	154333913	121.005685120193	8003
513	156822224	122.00581011568	8001
513	159313099	123.005889951051	8003
513	161801438	124.005935106654	8002
513	164289749	125.006060102141	8001
513	166779311	126.006127377507	8003
513	169267661	127.006185093115	8002
513	171755972	128.006310088602	8001
513	174245026	129.006364803963	8003
513	176733417	130.006435079576	8002
513	179221728	131.006560075063	8001
513	181710779	132.006602230419	8003
513	184199173	133.006685066037	8002
513	186687484	134.006810061524	8001
513	189176510	135.006839656875	8003
513	191664929	136.006935052498	8002
513	194153240	137.007060047985	8001
513	196642255	138.007077083332	8003
513	199130685	139.007185038959	8002
513	201618996	140.007310034446	8001
513	204107984	141.007314509789	8003
513	206596441	142.007435025421	8002
513	209084752	143.007560020908	8001
513	211574037	144.007670656242	8004
513	214062197	145.007685011882	8001
513	216550508	146.007810007369	8001
513	219039782	147.007908082698	8004
513	221527953	148.007934998343	8001
513	224016264	149.00805999383	8001
513	226506100	150.008145509155	8004
513	228994276	151.008184984804	8001
513	231482587	152.008309980291	8001
513	233972765	153.008382935611	8004
513	236460971	154.008434971266	8001
513	238949282	155.008559966752	8001
513	241440291	156.008669482066	8004
513	243928446	157.008684957727	8001
513	246416757	158.008809953213	8001
513	248905952	159.008857788523	8004
513	251394202	160.008934944188	8001
513	253882513	161.009059939674	8001
513	256371686	162.009095214979	8004
513	258859958	163.009184930649	8001
513	261348269	164.009309926135	8001
513	263837429	165.009332641435	8004
513	266325714	166.00943491711	8001
513	268814025	167.009559912596	8001
513	271303180	168.009570067892	8004
513	273791470	169.009684903571	8001
513	276279781	170.009809899057	8001
513	278769226	171.009934894544	8005
513	281257537	172.010059890031	8001
513	283745848	173.010184885518	8001
513	286235293	174.010309881005	8005
513	288723604	175.010434876492	8001
513	291211915	176.010559871978	8001
513	293701360	177.010684867465	8005
513	296189671	178.010809862952	8001
513	298677982	179.010934858439	8001
513	301167957	180.011059853926	8005
513	303656268	181.011184849413	8001
513	306144579	182.011309844899	8001
513	308634644	183.011434840386	8005
513	311122955	184.011559835873	8001
513	313611266	185.01168483136	8001
513	316102237	186.011809826847	8005
513	318590548	187.011934822333	8001
513	321078859	188.01205981782	8001
513	323568771	189.012184813307	8005
513	326057082	190.012309808794	8001
513	328545393	191.012434804281	8001
513	331034838	192.012559799768	8005
513	333523149	193.012684795254	8001
513	336011460	194.012809790741	8001
513	338500905	195.012934786228	8005
513	340989216	196.013059781715	8001
513	343477527	197.013184777202	8001
513	345966972	198.013309772689	8005
513	348455283	199.013434768175	8001
513	350943594	200.013559763662	8001
513	353433039	201.013684759149	8005
513	355921350	202.013809754636	8001
513	358409661	203.013934750123	8001
513	360899106	204.014059745609	8005
513	363387417	205.014184741096	8001
513	365875728	206.014309736583	8001
513	368365173	207.01443473207	8005
513	370853484	208.014559727557	8001
513	373341795	209.014684723044	8001
513	375831711	210.01480971853	8005
513	378320022	211.014934714017	8001
513	380808333	212.015059709504	8001
513	383297970	213.015184704991	8005
513	385786281	214.015309700478	8001
513	388274592	215.015434695965	8001
513	390764842	216.015559691451	8005
513	393253153	217.015684686938	8001
513	395741464	218.015809682425	8001
513	398232628	219.015934677912	8005
513	400720939	220.016059673399	8001
513	403209250	221.016184668885	8001
513	405698695	222.016309664372	8005
513	408187006	223.016434659859	8001
513	410675317	224.016559655346	8001
513	413164762	225.016684650833	8005
513	415653073	226.01680964632	8001
513	418141384	227.016934641806	8001
513	420630829	228.017059637293	8005
513	423119140	229.01718463278	8001
513	425607451	230.017309628267	8001
513	428096896	231.017434623754	8005
513	430585207	232.01755961924	8001
513	433073518	233.017684614727	8001
513	435562963	234.017809610214	8005
513	438051274	235.017934605701	8001
513	440539585	236.018059601188	8001
513	443029030	237.018184596675	8005
513	445517341	238.018309592161	8001
513	448005652	239.018434587648	8001
513	450496270	240.018559583135	8005
513	452984581	241.018684578622	8001
513	455472892	242.018809574109	8001
513	457962603	243.018934569596	8005
513	460450914	244.019059565082	8001
513	462939225	245.019184560569	8001
513	465429275	246.019309556056	8005
513	467917586	247.019434551543	8001
513	470405897	248.01955954703	8001
513	472896868	249.019684542516	8005
513	475385179	250.019809538003	8001
513	477873490	251.01993453349	8001
513	480363402	252.020059528977	8005
513	482851713	253.020184524464	8001
513	485340024	254.020309519951	8001
513	487829469	255.020434515437	8005
513	490317780	256.020559511016	8001
513	492805780	257.020559511016	8000
513	495294914	258.020559511016	8004
513	497782914	259.020559511016	8000
513	500270914	260.020559511016	8000
513	502760048	261.020559511016	8004
513	505248048	262.020559511016	8000
513	507736048	263.020559511016	8000
513	510225182	264.020559511016	8004
513	512713182	265.020559511016	8000
513	515201182	266.020559511016	8000
513	517690316	267.020559511016	8004
513	520178316	268.020559511016	8000
513	522666316	269.020559511016	8000
513	525156012	270.020559511016	8004
513	527644012	271.020559511016	8000
513	530132012	272.020559511016	8000
513	532621146	273.020559511016	8004
513	535109146	274.020559511016	8000
513	537597146	275.020559511016	8000
513	540086440	276.020559511016	8004
513	542574440	277.020559511016	8000
513	545062440	278.020559511016	8000
513	547552379	279.020559511016	8004
513	550040379	280.020559511016	8000
513	552528379	281.020559511016	8000
513	555019232	282.020559511016	8004
513	557507232	283.020559511016	8000
513	559995232	284.020559511016	8000
513	562484366	285.020559511016	8004
513	564972366	286.020559511016	8000
513	567460366	287.020559511016	8000
513	569949500	288.020559511016	8004
513	572437500	289.020559511016	8000
513	574925500	290.020559511016	8000
513	577414634	291.020559511016	8004
513	579902634	292.020559511016	8000
513	582390634	293.020559511016	8000
513	584879768	294.020559511016	8004
513	587367768	295.020559511016	8000
513	589855768	296.020559511016	8000
513	592344902	297.020559511016	8004
513	594832902	298.020559511016	8000
513	597320902	299.020559511016	8000
513	599810534	300.020559511016	8004
