496	4631	3.000545879999	1
496	5925	6.000545879999	4
496	7219	9.000545879999	4
496	8513	12.000545879999	4
496	9807	15.000545879999	4
496	11101	18.000545879999	4
496	12395	21.000545879999	4
496	13689	24.000545879999	4
496	14983	27.000545879999	4
496	18343	30.000617719993	4
496	20669	33.000545879999	4
496	21963	36.000545879999	4
496	23257	39.000545879999	4
496	24551	42.000545879999	4
496	25845	45.000545879999	4
496	27139	48.000545879999	4
496	28433	51.000545879999	4
496	29727	54.000545879999	4
496	31021	57.000545879999	4
496	31810	59.000574519999	4
496	2156442	60.000578339652	8726
496	4241812	61.000582319291	8731
496	6325175	62.000616378932	8730
496	8409317	63.00079779857	8730
496	10533535	64.000844178209	8731
496	12657613	65.00087823785	8730
496	14782075	66.00096141749	8729
496	16906353	67.001106037127	8732
496	19030431	68.001140096768	8730
496	21154922	69.001223276408	8729
496	23279066	70.001318776046	8732
496	25403249	71.001401955686	8730
496	27527635	72.001436015327	8729
496	29651672	73.001482394966	8731
496	31775753	74.001516454607	8730
496	33900078	75.001521874248	8729
496	36024176	76.001596893887	8731
496	38148257	77.001630953528	8730
496	40272701	78.001677333167	8729
496	42396785	79.001760512807	8731
496	44520863	80.001794572448	8730
496	46645236	81.001840952087	8730
496	48769289	82.001875011728	8730
496	50893370	83.001909071369	8730
496	53017715	84.001955451008	8730
496	55141898	85.002038630648	8730
496	57265976	86.002072690289	8730
496	59390324	87.002119069928	8730
496	61514402	88.002153129569	8730
496	63638480	89.00218718921	8730
496	65765483	90.002233568849	8730
496	67889562	91.00226762849	8730
496	70013745	92.00235080813	8730
496	72139020	93.002397187769	8730
496	74263101	94.00243124741	8730
496	76387179	95.002465307051	8730
496	78511524	96.00251168669	8730
496	80635602	97.002545746331	8730
496	82759680	98.002579805972	8730
496	84884130	99.00267530561	8730
496	87008211	100.002709365251	8730
496	89132289	101.002743424892	8730
496	91256634	102.002789804531	8730
496	93380715	103.002823864172	8730
496	95504793	104.002857923813	8730
496	97629141	105.002904303452	8730
496	99753321	106.002987483092	8730
496	101877402	107.003021542733	8730
496	104001747	108.003067922372	8730
496	106125828	109.003101982013	8730
496	108249906	110.003136041654	8730
496	110374251	111.003182421293	8730
496	112498332	112.003216480934	8730
496	114622512	113.003299660574	8730
496	116746860	114.003346040213	8730
496	118870938	115.003380099854	8730
496	120995019	116.003414159495	8730
496	123119364	117.003460539134	8730
496	125243442	118.003494598775	8730
496	127367523	119.003528658416	8730
496	129494315	120.003664878058	8730
496	131598034	121.003698937699	8730
496	133701756	122.00373299734	8730
496	135807530	123.003779376979	8730
496	137911252	124.00381343662	8730
496	140014971	125.003847496261	8730
496	142119296	126.0038938759	8730
496	144243479	127.00397705554	8730
496	146367560	128.004011115181	8730
496	148491905	129.00405749482	8730
496	150615983	130.004091554461	8730
496	152740064	131.004125614102	8730
496	154864409	132.004171993741	8730
496	156988490	133.004206053382	8730
496	159112670	134.004289233022	8730
496	161237018	135.004335612661	8730
496	163361096	136.004369672302	8730
496	165485177	137.004403731943	8730
496	167609522	138.004450111582	8730
496	169733600	139.004484171223	8730
496	171857681	140.004518230864	8730
496	173982131	141.004613730502	8730
496	176106209	142.004647790143	8730
496	178230287	143.004681849784	8730
496	180354635	144.004728229423	8730
496	182478713	145.004762289064	8730
496	184602791	146.004796348705	8730
496	186727139	147.004842728344	8730
496	188851322	148.004925907984	8730
496	190975400	149.004959967625	8730
496	193100552	150.005006347264	8730
496	195224630	151.005040406905	8730
496	197348708	152.005074466546	8730
496	199474897	153.005120846185	8730
496	201598975	154.005154905826	8730
496	203723158	155.005238085466	8730
496	205848427	156.005284465105	8730
496	207972508	157.005318524746	8730
496	210096586	158.005352584387	8730
496	212220931	159.005398964026	8730
496	214345012	160.005433023667	8730
496	216469090	161.005467083308	8730
496	218593540	162.005562582946	8730
496	220717618	163.005596642587	8730
496	222841699	164.005630702228	8730
496	224966044	165.005677081867	8730
496	227090125	166.005711141508	8730
496	229214203	167.005745201149	8730
496	231338548	168.005791580788	8730
496	233462731	169.005874760428	8730
496	235586812	170.005908820069	8730
496	237711157	171.005955199708	8730
496	239835235	172.005989259349	8730
496	241959316	173.00602331899	8730
496	244083661	174.006069698629	8730
496	246207742	175.00610375827	8730
496	248331922	176.00618693791	8730
496	250456270	177.006233317549	8730
496	252580348	178.00626737719	8730
496	254704429	179.006301436831	8730
496	256829236	180.00634781647	8730
496	258953314	181.006381876111	8730
496	261077395	182.006415935752	8730
496	263203033	183.00651143539	8730
496	265327111	184.006545495031	8730
496	267451189	185.006579554672	8730
496	269576760	186.006625934311	8730
496	271700838	187.006659993952	8730
496	273824916	188.006694053593	8730
496	275949496	189.006740433232	8730
496	278073679	190.006823612872	8730
496	280197757	191.006857672513	8730
496	282322102	192.006904052152	8730
496	284446180	193.006938111793	8730
496	286570258	194.006972171434	8730
496	288694606	195.007018551073	8730
496	290818684	196.007052610714	8730
496	292942867	197.007135790354	8730
496	295067212	198.007182169993	8730
496	297191293	199.007216229634	8730
496	299315371	200.007250289275	8730
496	301439716	201.007296668914	8730
496	303563797	202.007330728555	8730
496	305687875	203.007364788196	8730
496	307812325	204.007460287834	8730
496	309936403	205.007494347475	8730
496	312060484	206.007528407116	8730
496	314184829	207.007574786755	8730
496	316308910	208.007608846396	8730
496	318432988	209.007642906037	8730
496	320557857	210.007689285676	8730
496	322682040	211.007772465316	8730
496	324806121	212.007806524957	8730
496	326931096	213.007852904596	8730
496	329055174	214.007886964237	8730
496	331179255	215.007921023878	8730
496	333304528	216.007967403517	8730
496	335428609	217.008001463158	8730
496	337552789	218.008084642798	8730
496	339678061	219.008131022437	8730
496	341802139	220.008165082078	8730
496	343926217	221.008199141719	8730
496	346050565	222.008245521358	8730
496	348174643	223.008279580999	8730
496	350298724	224.00831364064	8730
496	352423174	225.008409140278	8730
496	354547252	226.008443199919	8730
496	356671330	227.00847725956	8730
496	358795678	228.008523639199	8730
496	360919756	229.00855769884	8730
496	363043834	230.008591758481	8730
496	365168182	231.00863813812	8730
496	367292365	232.00872131776	8730
496	369416443	233.008755377401	8730
496	371540791	234.00880175704	8730
496	373664869	235.008835816681	8730
496	375788947	236.008869876322	8730
496	377913295	237.008916255961	8730
496	380037373	238.008950315602	8730
496	382161556	239.009033495242	8730
496	384286886	240.009135154883	8730
496	386410964	241.009169214524	8730
496	388535045	242.009203274165	8730
496	390659968	243.009249653804	8730
496	392763687	244.009283713445	8730
496	394867409	245.009317773086	8730
496	396972957	246.009413272724	8730
496	399097035	247.009447332365	8730
496	401221113	248.009481392006	8730
496	403346477	249.009527771645	8730
496	405470555	250.009561831286	8730
496	407594633	251.009595890927	8730
496	409719216	252.009642270566	8730
496	411843399	253.009725450206	8730
496	413967477	254.009759509847	8730
496	416091822	255.009805889486	8730
496	418215900	256.009839949127	8730
496	420339978	257.009874008768	8730
496	422464326	258.009920388407	8730
496	424588404	259.009954448048	8730
496	426712587	260.010037627688	8730
496	428836932	261.010084007327	8730
496	430961013	262.010118066968	8730
496	433085091	263.010152126609	8730
496	435209436	264.010198506248	8730
496	437333517	265.010232565889	8730
496	439457595	266.01026662553	8730
496	441582045	267.010362125168	8730
496	443706123	268.010396184809	8730
496	445830204	269.01043024445	8730
496	447955029	270.010476624089	8730
496	450058751	271.01051068373	8730
496	452162470	272.010544743371	8730
496	454266694	273.01059112301	8730
496	456390877	274.01067430265	8730
496	458514958	275.010708362291	8730
496	460640330	276.01075474193	8730
496	462764408	277.010788801571	8730
496	464888489	278.010822861212	8730
496	467013333	279.010869240851	8730
496	469137414	280.010903300492	8730
496	471261594	281.010986480132	8730
496	473386872	282.011032859771	8730
496	475510950	283.011066919412	8730
496	477635031	284.011100979053	8730
496	479759373	285.011147358692	8730
496	481883451	286.011181418333	8730
496	484007532	287.011215477974	8730
496	486131982	288.011310977612	8730
496	488256060	289.011345037253	8730
496	490380138	290.011379096894	8730
496	492504486	291.011425476533	8730
496	494628564	292.011459536174	8730
496	496752642	293.011493595815	8730
496	498876990	294.011539975454	8730
496	501001173	295.011623155094	8730
496	503125251	296.011657214735	8730
496	505249599	297.011703594374	8730
496	507373677	298.011737654015	8730
496	509497755	299.011771713656	8730
496	511622525	300.011818093295	8730
