495	4631	3.000545879999	0.000545879999
495	4792	3.000615479997	0.000615479997
495	4931	3.000685079995	0.000685079995
495	5053	3.000754679993	0.000754679993
495	5925	6.000545879999	0.000545879999
495	6086	6.000615479997	0.000615479997
495	6225	6.000685079995	0.000685079995
495	6347	6.000754679993	0.000754679993
495	7219	9.000545879999	0.000545879999
495	7380	9.000615479997	0.000615479997
495	7519	9.000685079995	0.000685079995
495	7641	9.000754679993	0.000754679993
495	8513	12.000545879999	0.000545879999
495	8674	12.000615479997	0.000615479997
495	8813	12.000685079995	0.000685079995
495	8935	12.000754679993	0.000754679993
495	9807	15.000545879999	0.000545879999
495	9968	15.000615479997	0.000615479997
495	10107	15.000685079995	0.000685079995
495	10229	15.000754679993	0.000754679993
495	11101	18.000545879999	0.000545879999
495	11262	18.000615479997	0.000615479997
495	11401	18.000685079995	0.000685079995
495	11523	18.000754679993	0.000754679993
495	12395	21.000545879999	0.000545879999
495	12556	21.000615479997	0.000615479997
495	12695	21.000685079995	0.000685079995
495	12817	21.000754679993	0.000754679993
495	13689	24.000545879999	0.000545879999
495	13850	24.000615479997	0.000615479997
495	13989	24.000685079995	0.000685079995
495	14111	24.000754679993	0.000754679993
495	14983	27.000545879999	0.000545879999
495	15144	27.000615479997	0.000615479997
495	15283	27.000685079995	0.000685079995
495	15405	27.000754679993	0.000754679993
495	18343	30.000617719993	0.000617719993
495	19323	30.000716199995	0.000716199995
495	19666	30.00090819999	0.00090819999
495	19797	30.000977799988	0.000977799988
495	20669	33.000545879999	0.000545879999
495	20830	33.000615479997	0.000615479997
495	20969	33.000685079995	0.000685079995
495	21091	33.000754679993	0.000754679993
495	21963	36.000545879999	0.000545879999
495	22124	36.000615479997	0.000615479997
495	22263	36.000685079995	0.000685079995
495	22385	36.000754679993	0.000754679993
495	23257	39.000545879999	0.000545879999
495	23418	39.000615479997	0.000615479997
495	23557	39.000685079995	0.000685079995
495	23679	39.000754679993	0.000754679993
495	24551	42.000545879999	0.000545879999
495	24712	42.000615479997	0.000615479997
495	24851	42.000685079995	0.000685079995
495	24973	42.000754679993	0.000754679993
495	25845	45.000545879999	0.000545879999
495	26006	45.000615479997	0.000615479997
495	26145	45.000685079995	0.000685079995
495	26267	45.000754679993	0.000754679993
495	27139	48.000545879999	0.000545879999
495	27300	48.000615479997	0.000615479997
495	27439	48.000685079995	0.000685079995
495	27561	48.000754679993	0.000754679993
495	28433	51.000545879999	0.000545879999
495	28594	51.000615479997	0.000615479997
495	28733	51.000685079995	0.000685079995
495	28855	51.000754679993	0.000754679993
495	29727	54.000545879999	0.000545879999
495	29888	54.000615479997	0.000615479997
495	30027	54.000685079995	0.000685079995
495	30149	54.000754679993	0.000754679993
495	31021	57.000545879999	0.000545879999
495	31182	57.000615479997	0.000615479997
495	31321	57.000685079995	0.000685079995
495	31443	57.000754679993	0.000754679993
495	32997	60.000545879999	0.000545879999
495	33447	60.000644119997	0.000644119997
495	33910	60.000713719995	0.000713719995
495	34593	60.000783319993	0.000783319993
495	36771	63.000638279995	0.000638279995
495	36842	63.000658759994	0.000658759994
495	36964	63.000728359992	0.000728359992
495	37086	63.00079795999	0.00079795999
495	37958	66.000545879999	0.000545879999
495	38119	66.000615479997	0.000615479997
495	38258	66.000685079995	0.000685079995
495	38380	66.000754679993	0.000754679993
495	39252	69.000545879999	0.000545879999
495	39413	69.000615479997	0.000615479997
495	39552	69.000685079995	0.000685079995
495	39674	69.000754679993	0.000754679993
495	40546	72.000545879999	0.000545879999
495	40707	72.000615479997	0.000615479997
495	40846	72.000685079995	0.000685079995
495	40968	72.000754679993	0.000754679993
495	41840	75.000545879999	0.000545879999
495	42001	75.000615479997	0.000615479997
495	42140	75.000685079995	0.000685079995
495	42262	75.000754679993	0.000754679993
495	43134	78.000545879999	0.000545879999
495	43295	78.000615479997	0.000615479997
495	43434	78.000685079995	0.000685079995
495	43556	78.000754679993	0.000754679993
495	44428	81.000545879999	0.000545879999
495	44589	81.000615479997	0.000615479997
495	44728	81.000685079995	0.000685079995
495	44850	81.000754679993	0.000754679993
495	45722	84.000545879999	0.000545879999
495	45883	84.000615479997	0.000615479997
495	46022	84.000685079995	0.000685079995
495	46144	84.000754679993	0.000754679993
495	47016	87.000545879999	0.000545879999
495	47177	87.000615479997	0.000615479997
495	47316	87.000685079995	0.000685079995
495	47438	87.000754679993	0.000754679993
495	48799	90.000545879999	0.000545879999
495	48992	90.000615479997	0.000615479997
495	49131	90.000685079995	0.000685079995
495	49515	90.000754679993	0.000754679993
495	52669	93.000600559998	0.000600559998
495	53440	93.000716119995	0.000716119995
495	53662	93.000785719993	0.000785719993
495	53833	93.000949639987	0.000949639987
495	54705	96.000545879999	0.000545879999
495	54866	96.000615479997	0.000615479997
495	55005	96.000685079995	0.000685079995
495	55127	96.000754679993	0.000754679993
495	55999	99.000545879999	0.000545879999
495	56160	99.000615479997	0.000615479997
495	56299	99.000685079995	0.000685079995
495	56421	99.000754679993	0.000754679993
495	57293	102.000545879999	0.000545879999
495	57454	102.000615479997	0.000615479997
495	57593	102.000685079995	0.000685079995
495	57715	102.000754679993	0.000754679993
495	58587	105.000545879999	0.000545879999
495	58748	105.000615479997	0.000615479997
495	58887	105.000685079995	0.000685079995
495	59009	105.000754679993	0.000754679993
495	59881	108.000545879999	0.000545879999
495	60042	108.000615479997	0.000615479997
495	60181	108.000685079995	0.000685079995
495	60303	108.000754679993	0.000754679993
495	61175	111.000545879999	0.000545879999
495	61336	111.000615479997	0.000615479997
495	61475	111.000685079995	0.000685079995
495	61597	111.000754679993	0.000754679993
495	62469	114.000545879999	0.000545879999
495	62630	114.000615479997	0.000615479997
495	62769	114.000685079995	0.000685079995
495	62891	114.000754679993	0.000754679993
495	63763	117.000545879999	0.000545879999
495	63924	117.000615479997	0.000615479997
495	64063	117.000685079995	0.000685079995
495	64185	117.000754679993	0.000754679993
495	66192	120.000904039991	0.000904039991
495	66254	120.00092451999	0.00092451999
495	66316	120.000944999989	0.000944999989
495	66378	120.000965479988	0.000965479988
495	68283	123.000545879999	0.000545879999
495	68936	123.000664599996	0.000664599996
495	69643	123.000734199994	0.000734199994
495	70356	123.000924719989	0.000924719989
495	72031	126.000638279995	0.000638279995
495	72102	126.000658759994	0.000658759994
495	72224	126.000728359992	0.000728359992
495	72346	126.00079795999	0.00079795999
495	73218	129.000545879999	0.000545879999
495	73379	129.000615479997	0.000615479997
495	73518	129.000685079995	0.000685079995
495	73640	129.000754679993	0.000754679993
495	74512	132.000545879999	0.000545879999
495	74673	132.000615479997	0.000615479997
495	74812	132.000685079995	0.000685079995
495	74934	132.000754679993	0.000754679993
495	75806	135.000545879999	0.000545879999
495	75967	135.000615479997	0.000615479997
495	76106	135.000685079995	0.000685079995
495	76228	135.000754679993	0.000754679993
495	77100	138.000545879999	0.000545879999
495	77261	138.000615479997	0.000615479997
495	77400	138.000685079995	0.000685079995
495	77522	138.000754679993	0.000754679993
495	78394	141.000545879999	0.000545879999
495	78555	141.000615479997	0.000615479997
495	78694	141.000685079995	0.000685079995
495	78816	141.000754679993	0.000754679993
495	79688	144.000545879999	0.000545879999
495	79849	144.000615479997	0.000615479997
495	79988	144.000685079995	0.000685079995
495	80110	144.000754679993	0.000754679993
495	80982	147.000545879999	0.000545879999
495	81143	147.000615479997	0.000615479997
495	81282	147.000685079995	0.000685079995
495	81404	147.000754679993	0.000754679993
495	82276	150.000545879999	0.000545879999
495	82437	150.000615479997	0.000615479997
495	82576	150.000685079995	0.000685079995
495	82698	150.000754679993	0.000754679993
495	83762	153.000545879999	0.000545879999
495	83955	153.000615479997	0.000615479997
495	84262	153.000685079995	0.000685079995
495	84781	153.000754679993	0.000754679993
495	87680	156.000600559998	0.000600559998
495	88471	156.000716199993	0.000716199993
495	88646	156.000785799991	0.000785799991
495	88807	156.000905399991	0.000905399991
495	89679	159.000545879999	0.000545879999
495	89840	159.000615479997	0.000615479997
495	89979	159.000685079995	0.000685079995
495	90101	159.000754679993	0.000754679993
495	90973	162.000545879999	0.000545879999
495	91134	162.000615479997	0.000615479997
495	91273	162.000685079995	0.000685079995
495	91395	162.000754679993	0.000754679993
495	92267	165.000545879999	0.000545879999
495	92428	165.000615479997	0.000615479997
495	92567	165.000685079995	0.000685079995
495	92689	165.000754679993	0.000754679993
495	93561	168.000545879999	0.000545879999
495	93722	168.000615479997	0.000615479997
495	93861	168.000685079995	0.000685079995
495	93983	168.000754679993	0.000754679993
495	94855	171.000545879999	0.000545879999
495	95016	171.000615479997	0.000615479997
495	95155	171.000685079995	0.000685079995
495	95277	171.000754679993	0.000754679993
495	96149	174.000545879999	0.000545879999
495	96310	174.000615479997	0.000615479997
495	96449	174.000685079995	0.000685079995
495	96571	174.000754679993	0.000754679993
495	97443	177.000545879999	0.000545879999
495	97604	177.000615479997	0.000615479997
495	97743	177.000685079995	0.000685079995
495	97865	177.000754679993	0.000754679993
495	98737	180.000545879999	0.000545879999
495	98898	180.000615479997	0.000615479997
495	99037	180.000685079995	0.000685079995
495	99159	180.000754679993	0.000754679993
495	100031	183.000545879999	0.000545879999
495	100192	183.000615479997	0.000615479997
495	100331	183.000685079995	0.000685079995
495	100453	183.000754679993	0.000754679993
495	102582	186.000545879999	0.000545879999
495	103538	186.000687319996	0.000687319996
495	103895	186.000756919994	0.000756919994
495	104379	186.000924719989	0.000924719989
495	106054	189.000638279995	0.000638279995
495	106125	189.000658759994	0.000658759994
495	106247	189.000728359992	0.000728359992
495	106369	189.00079795999	0.00079795999
495	107241	192.000545879999	0.000545879999
495	107402	192.000615479997	0.000615479997
495	107541	192.000685079995	0.000685079995
495	107663	192.000754679993	0.000754679993
495	108535	195.000545879999	0.000545879999
495	108696	195.000615479997	0.000615479997
495	108835	195.000685079995	0.000685079995
495	108957	195.000754679993	0.000754679993
495	109829	198.000545879999	0.000545879999
495	109990	198.000615479997	0.000615479997
495	110129	198.000685079995	0.000685079995
495	110251	198.000754679993	0.000754679993
495	111123	201.000545879999	0.000545879999
495	111284	201.000615479997	0.000615479997
495	111423	201.000685079995	0.000685079995
495	111545	201.000754679993	0.000754679993
495	112417	204.000545879999	0.000545879999
495	112578	204.000615479997	0.000615479997
495	112717	204.000685079995	0.000685079995
495	112839	204.000754679993	0.000754679993
495	113711	207.000545879999	0.000545879999
495	113872	207.000615479997	0.000615479997
495	114011	207.000685079995	0.000685079995
495	114133	207.000754679993	0.000754679993
495	115005	210.000545879999	0.000545879999
495	115166	210.000615479997	0.000615479997
495	115305	210.000685079995	0.000685079995
495	115427	210.000754679993	0.000754679993
495	116299	213.000545879999	0.000545879999
495	116460	213.000615479997	0.000615479997
495	116599	213.000685079995	0.000685079995
495	116721	213.000754679993	0.000754679993
495	118075	216.000545879999	0.000545879999
495	118268	216.000615479997	0.000615479997
495	118577	216.000685079995	0.000685079995
495	118810	216.000754679993	0.000754679993
495	121424	219.000600559998	0.000600559998
495	122215	219.000716199993	0.000716199993
495	122390	219.000785799991	0.000785799991
495	122551	219.000905399991	0.000905399991
495	123423	222.000545879999	0.000545879999
495	123584	222.000615479997	0.000615479997
495	123723	222.000685079995	0.000685079995
495	123845	222.000754679993	0.000754679993
495	124717	225.000545879999	0.000545879999
495	124878	225.000615479997	0.000615479997
495	125017	225.000685079995	0.000685079995
495	125139	225.000754679993	0.000754679993
495	126011	228.000545879999	0.000545879999
495	126172	228.000615479997	0.000615479997
495	126311	228.000685079995	0.000685079995
495	126433	228.000754679993	0.000754679993
495	127305	231.000545879999	0.000545879999
495	127466	231.000615479997	0.000615479997
495	127605	231.000685079995	0.000685079995
495	127727	231.000754679993	0.000754679993
495	128599	234.000545879999	0.000545879999
495	128760	234.000615479997	0.000615479997
495	128899	234.000685079995	0.000685079995
495	129021	234.000754679993	0.000754679993
495	129893	237.000545879999	0.000545879999
495	130054	237.000615479997	0.000615479997
495	130193	237.000685079995	0.000685079995
495	130315	237.000754679993	0.000754679993
495	131197	240.000545879999	0.000545879999
495	131358	240.000615479997	0.000615479997
495	131540	240.000691799994	0.000691799994
495	131743	240.000768119991	0.000768119991
495	133207	243.000602599998	0.000602599998
495	133368	243.000672199996	0.000672199996
495	133507	243.000741799994	0.000741799994
495	133629	243.000811399992	0.000811399992
495	134736	246.000545879999	0.000545879999
495	134906	246.000615479997	0.000615479997
495	135055	246.000685079995	0.000685079995
495	135218	246.000754679993	0.000754679993
495	137273	249.000545879999	0.000545879999
495	138111	249.000664599996	0.000664599996
495	138543	249.000734199994	0.000734199994
495	139062	249.000924719989	0.000924719989
495	140737	252.000638279995	0.000638279995
495	140808	252.000658759994	0.000658759994
495	140930	252.000728359992	0.000728359992
495	141052	252.00079795999	0.00079795999
495	141924	255.000545879999	0.000545879999
495	142085	255.000615479997	0.000615479997
495	142224	255.000685079995	0.000685079995
495	142346	255.000754679993	0.000754679993
495	143218	258.000545879999	0.000545879999
495	143379	258.000615479997	0.000615479997
495	143518	258.000685079995	0.000685079995
495	143640	258.000754679993	0.000754679993
495	144512	261.000545879999	0.000545879999
495	144673	261.000615479997	0.000615479997
495	144812	261.000685079995	0.000685079995
495	144934	261.000754679993	0.000754679993
495	145806	264.000545879999	0.000545879999
495	145967	264.000615479997	0.000615479997
495	146106	264.000685079995	0.000685079995
495	146228	264.000754679993	0.000754679993
495	147100	267.000545879999	0.000545879999
495	147261	267.000615479997	0.000615479997
495	147400	267.000685079995	0.000685079995
495	147522	267.000754679993	0.000754679993
495	148394	270.000545879999	0.000545879999
495	148555	270.000615479997	0.000615479997
495	148694	270.000685079995	0.000685079995
495	148816	270.000754679993	0.000754679993
495	149688	273.000545879999	0.000545879999
495	149849	273.000615479997	0.000615479997
495	149988	273.000685079995	0.000685079995
495	150110	273.000754679993	0.000754679993
495	151014	276.000545879999	0.000545879999
495	151175	276.000615479997	0.000615479997
495	151314	276.000685079995	0.000685079995
495	151436	276.000754679993	0.000754679993
495	153009	279.000545879999	0.000545879999
495	153202	279.000615479997	0.000615479997
495	153511	279.000685079995	0.000685079995
495	153864	279.000754679993	0.000754679993
495	156358	282.000600559998	0.000600559998
495	157149	282.000716199993	0.000716199993
495	157324	282.000785799991	0.000785799991
495	157485	282.000905399991	0.000905399991
495	158357	285.000545879999	0.000545879999
495	158518	285.000615479997	0.000615479997
495	158657	285.000685079995	0.000685079995
495	158779	285.000754679993	0.000754679993
495	159651	288.000545879999	0.000545879999
495	159812	288.000615479997	0.000615479997
495	159951	288.000685079995	0.000685079995
495	160073	288.000754679993	0.000754679993
495	160945	291.000545879999	0.000545879999
495	161106	291.000615479997	0.000615479997
495	161245	291.000685079995	0.000685079995
495	161367	291.000754679993	0.000754679993
495	162239	294.000545879999	0.000545879999
495	162400	294.000615479997	0.000615479997
495	162539	294.000685079995	0.000685079995
495	162661	294.000754679993	0.000754679993
495	163533	297.000545879999	0.000545879999
495	163694	297.000615479997	0.000615479997
495	163833	297.000685079995	0.000685079995
495	163955	297.000754679993	0.000754679993
495	164827	300.000545879999	0.000545879999
495	164988	300.000615479997	0.000615479997
495	165127	300.000685079995	0.000685079995
495	165249	300.000754679993	0.000754679993
