34	2228	0.000189839995	2.7679999e-05
34	2333	0.000216479993	4.7599998e-05
34	2334	0.000216479993	4.0879999e-05
34	2450	0.000234639991	5.2319998e-05
34	2592	0.000252879989	5.1519994e-05
34	2933	0.000279599988	5.1599995e-05
34	2935	0.000279599988	4.4879996e-05
34	3131	0.000297839986	5.1679995e-05
34	17516	30.000422319996	3.9199999e-05
34	17768	30.000471439995	3.9199999e-05
34	18041	30.000520559994	3.9199999e-05
34	18450	30.000569759993	3.9279999e-05
34	33329	60.000464959994	0.000223199995
34	33456	60.000487439992	0.000245679993
34	33982	60.000548799986	2.9919992e-05
34	34554	60.000608159982	4.0159989e-05
34	35440	60.000738799994	5.3439998e-05
34	35442	60.000738799994	3.2959999e-05
34	36060	60.000808479992	5.3519998e-05
34	36062	60.000808479992	3.3039999e-05
34	51374	90.000678879995	0.000147039997
34	51516	90.000708879994	0.000148399996
34	51726	90.000771439991	0.000190479994
34	51873	90.00080151999	0.000191919993
34	52071	90.000833519988	0.000203439992
34	52279	90.000857039986	9.4239992e-05
34	52281	90.000857039986	6.0319995e-05
34	52532	90.000883199989	2.7759999e-05
34	52728	90.000903679988	2.7759999e-05
34	54002	93.000427119997	3.9199999e-05
34	54254	93.000476239996	3.9199999e-05
34	67363	120.000285759999	3.9199999e-05
34	67447	120.000323359998	2.7679999e-05
34	67531	120.000372479997	2.7679999e-05
34	67735	120.000421599996	2.7679999e-05
34	68961	120.00080543999	0.000131679996
34	69411	120.000879039986	0.000162879992
34	69584	120.000930079984	0.000186719992
34	69586	120.000930079984	0.000172959992
34	69863	120.000975999982	4.3039996e-05
34	70782	123.000378239996	0.000136479997
34	71387	123.000471359995	3.9199999e-05
34	72913	123.000726799991	4.1439995e-05
34	73327	123.000773679994	3.9199999e-05
34	86904	153.000414399997	0.000221759997
34	86970	153.000436879995	0.000195119996
34	87860	153.000643039995	0.000131679996
34	87941	153.000680319993	0.000162879997
34	87943	153.000680319993	0.000148479995
34	88417	153.000724719994	2.7759999e-05
34	88713	153.000759199992	4.1759998e-05
34	89804	153.000960719991	5.3439998e-05
34	89806	153.000960719991	3.2959999e-05
34	91557	156.000428639997	4.0799999e-05
34	105350	183.000753519994	0.000242159995
34	105352	183.000753519994	0.000221679996
34	105562	183.00082279999	0.000262319992
34	105698	183.000871919989	0.000290959992
34	105792	183.000906719988	0.000297119991
34	105794	183.000906719988	0.000276639992
34	106239	183.000965039983	8.7999991e-05
34	106241	183.000965039983	6.7519992e-05
34	106481	183.000988399987	2.7759999e-05
34	106679	183.001008879986	2.7759999e-05
34	108099	186.000435279996	4.552e-05
34	110108	186.000701279994	5.3439998e-05
34	110110	186.000701279994	3.2959999e-05
34	123913	216.000468239996	0.000275599996
34	124110	216.000524079994	0.000282319995
34	124163	216.000544639993	0.000302879994
34	124573	216.000628079991	0.000145359992
34	124575	216.000628079991	6.2799992e-05
34	124714	216.000646319989	3.1919991e-05
34	125205	216.000704639994	4.1119997e-05
34	125372	216.000722879992	3.8879996e-05
34	138017	240.000555359999	3.9199999e-05
34	138184	240.000613439997	2.7679999e-05
34	138374	240.000689759994	2.7679999e-05
34	138552	240.000759359992	2.7679999e-05
34	142210	246.000753599994	0.000242239995
34	142212	246.000753599994	0.000221759996
34	142567	246.00082287999	0.000262399992
34	142616	246.000871999989	0.000291039992
34	142734	246.000906799988	0.000297199991
34	142736	246.000906799988	0.000276719992
34	143394	246.000984159986	0.000176639992
34	143396	246.000984159986	0.000156159993
34	143398	246.000984159986	0.000107039994
34	143400	246.000984159986	8.6559995e-05
34	143570	246.001002399984	4.1679996e-05
34	143781	246.001020639982	3.9439995e-05
34	144848	249.000329119997	0.000136479997
34	145088	249.000422239996	3.9199999e-05
34	160775	279.000471359995	3.9199999e-05
34	161171	279.000587279997	0.000125039997
34	161526	279.000624559995	0.00014328
34	161528	279.000624559995	0.000141839996
34	161733	279.000642959993	0.000112559999
34	161967	279.000668959996	2.7759999e-05
34	162175	279.000689439995	2.7759999e-05
