134	16931	30.000281039997	0.000136559997
134	34726	60.000632399995	0.000169199996
134	34728	60.000632399995	0.000148719997
134	34923	60.000666879993	5.2960011e-05
134	53674	93.000285839998	0.000141359998
134	72192	123.000594879995	0.000131679996
134	72293	123.000626879993	0.000143199995
134	88904	153.000805199993	0.000169359996
134	88907	153.000805199993	0.000148879997
134	88997	153.000823519991	9.3039997e-05
134	89111	153.000841759989	7.6799997e-05
134	107475	186.000287679996	0.000143199996
134	160340	279.000367759995	0.000223279995
134	160376	279.000383519994	0.000189919995
