184	16964	30.000281919996	0.000136479997
184	36412	60.00086303999	0.000131679996
184	36542	60.000895039988	0.000143199995
184	53709	93.000286799997	0.000141359998
184	72337	123.000633359994	0.000169199996
184	72339	123.000633359994	0.000148719997
184	89637	153.000931359989	0.000131679996
184	89828	153.000963359987	0.000143199995
184	107457	186.000286719997	0.000141279998
184	146276	249.000673279992	0.000131679996
184	146333	249.00070527999	0.000143199995
184	160245	279.000281919996	0.000136479997
184	164108	282.000237599998	0.000141279998
