234	16966	30.000281919996	0.000136479997
234	36581	60.00090551999	0.000125039997
234	36637	60.000937519988	0.000136559996
234	53711	93.000286799997	0.000141359998
234	72895	123.000722399991	0.000131679996
234	73156	123.000754399989	0.000143199995
234	90861	156.000286799997	0.000141359998
234	108806	186.000546719995	0.000131679996
234	109136	186.000578719993	0.000143199995
234	126592	216.00095567999	0.000131679996
234	126646	216.000987679988	0.000143199995
234	144669	249.000234719995	0.000138399995
