295	1237	0.000072639997	6.6879997e-05
295	1238	0.000072639997	6.6879997e-05
295	1925	0.000133359996	4.9199999e-05
295	1927	0.000133359996	4.9199999e-05
295	18841	30.000618559993	0.000125039997
295	19417	30.000705759992	0.000191759997
295	19572	30.000735839991	0.000144079997
295	19782	30.000767839989	0.000155599996
295	37714	63.000269919997	0.000221759997
295	37768	63.000285679996	0.000237519996
295	55058	93.000629999993	0.000131679996
295	55626	93.000699279989	0.000180479993
295	55774	93.000729359988	0.000171999992
295	55964	93.000761359986	0.000183519991
295	68086	120.000468639995	3.9199999e-05
295	68208	120.000486799993	4.3919999e-05
295	74461	126.000269919997	0.000221759997
295	74515	126.000285679996	0.000237519996
295	91987	156.000491919996	0.000125039997
295	92080	156.000523919994	0.000136559996
295	92783	156.000624879994	0.000125039997
295	92903	156.000656879992	0.000136559996
295	109959	186.000679279991	0.000169199996
295	109961	186.000679279991	0.000148719997
295	111242	189.000189439998	0.000141279998
295	126184	216.000849359983	0.000131839994
295	126273	216.000881359981	0.000143359993
295	129025	219.000634319993	0.000169199996
295	129027	219.000634319993	0.000148719997
295	139086	243.000044959999	3.9199999e-05
295	139184	243.000063119997	5.7359997e-05
295	144561	249.000189439998	0.000141279998
295	147341	252.000189439998	0.000141279998
295	162034	279.000674239991	0.000131679996
295	162263	279.000706239989	0.000143199995
295	162431	279.000737919985	5.1679989e-05
295	162570	279.000756159983	4.9439988e-05
295	165283	282.000634319993	0.000169199996
295	165285	282.000634319993	0.000148719997
