356	1240	0.000072639997	6.6879997e-05
356	1241	0.000072639997	6.6879997e-05
356	1929	0.000133359996	4.9199999e-05
356	1931	0.000133359996	4.9199999e-05
356	19201	30.000667679992	0.000125039997
356	19728	30.000754959991	0.000191839997
356	19837	30.00078503999	0.000144079997
356	19923	30.000817039988	0.000155599996
356	37717	63.000269919997	0.000221759997
356	37770	63.000285679996	0.000237519996
356	55395	93.000679119992	0.000131679996
356	55906	93.000748399988	0.000180479993
356	56030	93.000778479987	0.000171999992
356	56093	93.000810479985	0.000183519991
356	68155	120.000475359994	3.9199999e-05
356	68247	120.000493519992	3.1599996e-05
356	74464	126.000269919997	0.000221759997
356	74517	126.000285679996	0.000237519996
356	91964	156.000486959996	0.000169199996
356	91966	156.000486959996	0.000148719997
356	92858	156.000639919993	0.000131679996
356	92939	156.000671919991	0.000143199995
356	109626	186.000638159992	0.000131679996
356	109872	186.00067015999	0.000143199995
356	111244	189.000189439998	0.000141279998
356	126120	216.000830959987	0.000131679996
356	126220	216.000862959985	0.000143199995
356	128852	219.000585199994	0.000169199996
356	128854	219.000585199994	0.000148719997
356	139088	243.000044959999	3.9199999e-05
356	139186	243.000063119997	5.7359997e-05
356	144559	249.000189439998	0.000141279998
356	146148	249.000635039992	0.000131679996
356	146234	249.00066703999	0.000143199995
356	162871	279.000827439991	0.000131679996
356	163279	279.000901039987	0.000186879994
356	163364	279.000952079985	0.000235839991
356	163366	279.000952079985	0.000217439993
