vector 146  Topo.server2.udp  delay:vector  ETV
1	118016	146	1250
1	118130	146.1	1250
1	118210	146.2	1250
1	118323	146.3	1250
1	118390	146.4	1250
1	118517	146.5	1250
1	118583	146.6	1250
1	118697	146.7	1250
1	118777	146.8	1250
1	118890	146.9	1250
3	118022	146	1258
3	118134	146.1	1258
3	118216	146.2	1258
3	118325	146.3	1258
3	118398	146.4	1258
3	118519	146.5	1258
3	118589	146.6	1258
3	118701	146.7	1258
3	118783	146.8	1258
3	118892	146.9	1258
4	10581	14.6	146
4	118022	146	1460
4	118134	146.1	1461
4	118216	146.2	1462
4	118325	146.3	1463
4	118398	146.4	1464
4	118519	146.5	1465
4	118589	146.6	1466
4	118701	146.7	1467
4	118783	146.8	1468
4	118892	146.9	1469
15	118050	146.00010432	1296
15	118148	146.10010432	1296
15	118244	146.20010432	1296
15	118332	146.30010432	1296
15	118432	146.40010432	1296
15	118526	146.50010432	1296
15	118617	146.60010432	1296
15	118715	146.70010432	1296
15	118811	146.80010432	1296
15	118899	146.90010432	1296
20	118037	146	1296
20	118144	146.1	1296
20	118231	146.2	1296
20	118330	146.3	1296
20	118418	146.4	1296
20	118524	146.5	1296
20	118604	146.6	1296
20	118711	146.7	1296
20	118798	146.8	1296
20	118897	146.9	1296
24	118034	146	1278
24	118142	146.1	1278
24	118228	146.2	1278
24	118329	146.3	1278
24	118414	146.4	1278
24	118523	146.5	1278
24	118601	146.6	1278
24	118709	146.7	1278
24	118795	146.8	1278
24	118896	146.9	1278
28	118014	146	1250
28	118208	146.2	1250
28	118388	146.4	1250
28	118581	146.6	1250
28	118775	146.8	1250
30	118020	146	1258
30	118214	146.2	1258
30	118396	146.4	1258
30	118587	146.6	1258
30	118781	146.8	1258
31	19507	29.2	146
31	118020	146	730
31	118214	146.2	731
31	118396	146.4	732
31	118587	146.6	733
31	118781	146.8	734
42	118048	146.00010432	1296
42	118242	146.20010432	1296
42	118430	146.40010432	1296
42	118615	146.60010432	1296
42	118809	146.80010432	1296
47	118035	146	1296
47	118229	146.2	1296
47	118416	146.4	1296
47	118602	146.6	1296
47	118796	146.8	1296
51	118032	146	1278
51	118226	146.2	1278
51	118412	146.4	1278
51	118599	146.6	1278
51	118793	146.8	1278
55	118129	146.1	1250
55	118387	146.4	1250
55	118696	146.7	1250
57	118101	146.03999999975	8
57	118116	146.07999999975	8
57	118133	146.1	1258
57	118172	146.11999999975	8
57	118187	146.15999999975	8
57	118202	146.19999999975	8
57	118295	146.239999999749	8
57	118310	146.279999999749	8
57	118351	146.319999999749	8
57	118366	146.359999999749	8
57	118381	146.399999999749	8
57	118395	146.4	1258
57	118489	146.439999999749	8
57	118504	146.479999999749	8
57	118545	146.519999999749	8
57	118560	146.559999999749	8
57	118575	146.599999999749	8
57	118668	146.639999999749	8
57	118683	146.679999999749	8
57	118700	146.7	1258
57	118739	146.719999999749	8
57	118754	146.759999999749	8
57	118769	146.799999999749	8
57	118862	146.839999999748	8
57	118877	146.879999999748	8
57	118918	146.919999999748	8
57	118933	146.959999999748	8
57	118948	146.999999999748	8
58	29200	43.8	146
58	118101	146.03999999975	1888
58	118116	146.07999999975	1889
58	118133	146.1	1890
58	118172	146.11999999975	1891
58	118187	146.15999999975	1892
58	118202	146.19999999975	1893
58	118295	146.239999999749	1894
58	118310	146.279999999749	1895
58	118351	146.319999999749	1896
58	118366	146.359999999749	1897
58	118381	146.399999999749	1898
58	118395	146.4	1899
58	118489	146.439999999749	1900
58	118504	146.479999999749	1901
58	118545	146.519999999749	1902
58	118560	146.559999999749	1903
58	118575	146.599999999749	1904
58	118668	146.639999999749	1905
58	118683	146.679999999749	1906
58	118700	146.7	1907
58	118739	146.719999999749	1908
58	118754	146.759999999749	1909
58	118769	146.799999999749	1910
58	118862	146.839999999748	1911
58	118877	146.879999999748	1912
58	118918	146.919999999748	1913
58	118933	146.959999999748	1914
58	118948	146.999999999748	1915
69	118042	146.00000575975	64
69	118108	146.04000575975	64
69	118123	146.08000575975	64
69	118147	146.10010432	1296
69	118179	146.12000575975	64
69	118194	146.16000575975	64
69	118236	146.20000575975	64
69	118302	146.240005759749	64
69	118317	146.280005759749	64
69	118358	146.320005759749	64
69	118373	146.360005759749	64
69	118423	146.400005759749	64
69	118451	146.400111039748	1296
69	118496	146.440005759749	64
69	118511	146.480005759749	64
69	118552	146.520005759749	64
69	118567	146.560005759749	64
69	118609	146.600005759749	64
69	118675	146.640005759749	64
69	118690	146.680005759749	64
69	118714	146.70010432	1296
69	118746	146.720005759749	64
69	118761	146.760005759749	64
69	118803	146.800005759749	64
69	118869	146.840005759748	64
69	118884	146.880005759748	64
69	118925	146.920005759748	64
69	118940	146.960005759748	64
74	118106	146.03999999975	64
74	118121	146.07999999975	64
74	118143	146.1	1296
74	118177	146.11999999975	64
74	118192	146.15999999975	64
74	118207	146.19999999975	64
74	118300	146.239999999749	64
74	118315	146.279999999749	64
74	118356	146.319999999749	64
74	118371	146.359999999749	64
74	118386	146.399999999749	64
74	118415	146.4	1296
74	118494	146.439999999749	64
74	118509	146.479999999749	64
74	118550	146.519999999749	64
74	118565	146.559999999749	64
74	118580	146.599999999749	64
74	118673	146.639999999749	64
74	118688	146.679999999749	64
74	118710	146.7	1296
74	118744	146.719999999749	64
74	118759	146.759999999749	64
74	118774	146.799999999749	64
74	118867	146.839999999748	64
74	118882	146.879999999748	64
74	118923	146.919999999748	64
74	118938	146.959999999748	64
74	118953	146.999999999748	64
78	118105	146.03999999975	28
78	118120	146.07999999975	28
78	118141	146.1	1278
78	118176	146.11999999975	28
78	118191	146.15999999975	28
78	118206	146.19999999975	28
78	118299	146.239999999749	28
78	118314	146.279999999749	28
78	118355	146.319999999749	28
78	118370	146.359999999749	28
78	118385	146.399999999749	28
78	118411	146.4	1278
78	118493	146.439999999749	28
78	118508	146.479999999749	28
78	118549	146.519999999749	28
78	118564	146.559999999749	28
78	118579	146.599999999749	28
78	118672	146.639999999749	28
78	118687	146.679999999749	28
78	118708	146.7	1278
78	118743	146.719999999749	28
78	118758	146.759999999749	28
78	118773	146.799999999749	28
78	118866	146.839999999748	28
78	118881	146.879999999748	28
78	118922	146.919999999748	28
78	118937	146.959999999748	28
78	118952	146.999999999748	28
82	118015	146	1250
82	118209	146.2	1250
82	118389	146.4	1250
82	118582	146.6	1250
82	118776	146.8	1250
84	118021	146	1258
84	118215	146.2	1258
84	118397	146.4	1258
84	118588	146.6	1258
84	118782	146.8	1258
85	19508	29.2	146
85	118021	146	730
85	118215	146.2	731
85	118397	146.4	732
85	118588	146.6	733
85	118782	146.8	734
96	118049	146.00010432	1296
96	118243	146.20010432	1296
96	118431	146.40010432	1296
96	118616	146.60010432	1296
96	118810	146.80010432	1296
101	118036	146	1296
101	118230	146.2	1296
101	118417	146.4	1296
101	118603	146.6	1296
101	118797	146.8	1296
105	118033	146	1278
105	118227	146.2	1278
105	118413	146.4	1278
105	118600	146.6	1278
105	118794	146.8	1278
108	118098	146.00021064	1250
108	118169	146.10021064	1250
108	118292	146.20021064	1250
108	118348	146.30021064	1250
108	118486	146.40021064	1250
108	118542	146.50021064	1250
108	118665	146.60021064	1250
108	118736	146.70021064	1250
108	118859	146.80021064	1250
108	118915	146.90021064	1250
109	10650	14.60021064	146
109	118098	146.00021064	1460
109	118169	146.10021064	1461
109	118292	146.20021064	1462
109	118348	146.30021064	1463
109	118486	146.40021064	1464
109	118542	146.50021064	1465
109	118665	146.60021064	1466
109	118736	146.70021064	1467
109	118859	146.80021064	1468
109	118915	146.90021064	1469
110	118098	146.00021064	10
111	118098	146.00021064	0.00021064
111	118169	146.10021064	0.00021064
111	118292	146.20021064	0.00021064
111	118348	146.30021064	0.00021064
111	118486	146.40021064	0.00021064
111	118542	146.50021064	0.00021064
111	118665	146.60021064	0.00021064
111	118736	146.70021064	0.00021064
111	118859	146.80021064	0.00021064
111	118915	146.90021064	0.00021064
114	118092	146.00021064	1258
114	118167	146.10021064	1258
114	118286	146.20021064	1258
114	118346	146.30021064	1258
114	118480	146.40021064	1258
114	118540	146.50021064	1258
114	118659	146.60021064	1258
114	118734	146.70021064	1258
114	118853	146.80021064	1258
114	118913	146.90021064	1258
115	10644	14.60021064	146
115	118092	146.00021064	1460
115	118167	146.10021064	1461
115	118286	146.20021064	1462
115	118346	146.30021064	1463
115	118480	146.40021064	1464
115	118540	146.50021064	1465
115	118659	146.60021064	1466
115	118734	146.70021064	1467
115	118853	146.80021064	1468
115	118913	146.90021064	1469
118	118092	146.00021064	0.00021064
118	118167	146.10021064	0.00021064
118	118286	146.20021064	0.00021064
118	118346	146.30021064	0.00021064
118	118480	146.40021064	0.00021064
118	118540	146.50021064	0.00021064
118	118659	146.60021064	0.00021064
118	118734	146.70021064	0.00021064
118	118853	146.80021064	0.00021064
118	118913	146.90021064	0.00021064
125	118077	146.00021064	1296
125	118162	146.10021064	1296
125	118271	146.20021064	1296
125	118341	146.30021064	1296
125	118465	146.40021064	1296
125	118535	146.50021064	1296
125	118644	146.60021064	1296
125	118729	146.70021064	1296
125	118838	146.80021064	1296
125	118908	146.90021064	1296
126	118077	146.00021064	1296
126	118162	146.10021064	1296
126	118271	146.20021064	1296
126	118341	146.30021064	1296
126	118465	146.40021064	1296
126	118535	146.50021064	1296
126	118644	146.60021064	1296
126	118729	146.70021064	1296
126	118838	146.80021064	1296
126	118908	146.90021064	1296
134	118080	146.00021064	1278
134	118163	146.10021064	1278
134	118274	146.20021064	1278
134	118342	146.30021064	1278
134	118468	146.40021064	1278
134	118536	146.50021064	1278
134	118647	146.60021064	1278
134	118730	146.70021064	1278
134	118841	146.80021064	1278
134	118909	146.90021064	1278
136	118096	146.00021064	1250
136	118290	146.20021064	1250
136	118484	146.40021064	1250
136	118663	146.60021064	1250
136	118857	146.80021064	1250
137	12530	17.60021064	146
137	118096	146.00021064	1455
137	118290	146.20021064	1456
137	118484	146.40021064	1457
137	118663	146.60021064	1458
137	118857	146.80021064	1459
138	118096	146.00021064	5
139	118096	146.00021064	0.00021064
139	118290	146.20021064	0.00021064
139	118484	146.40021064	0.00021064
139	118663	146.60021064	0.00021064
139	118857	146.80021064	0.00021064
142	118090	146.00021064	1258
142	118284	146.20021064	1258
142	118478	146.40021064	1258
142	118657	146.60021064	1258
142	118851	146.80021064	1258
143	12524	17.60021064	146
143	118090	146.00021064	1455
143	118284	146.20021064	1456
143	118478	146.40021064	1457
143	118657	146.60021064	1458
143	118851	146.80021064	1459
146	1430	0.200555599992	0.000555599992
146	1964	0.300569039992	0.000569039992
146	2036	0.40021064	0.00021064
146	2156	0.60021064	0.00021064
146	2172	0.600315919999	0.000315919999
146	2270	0.80021064	0.00021064
146	2325	0.90021064	0.00021064
146	2400	1.00021064	0.00021064
146	2520	1.20021064	0.00021064
146	2536	1.200315919999	0.000315919999
146	2634	1.40021064	0.00021064
146	2689	1.50021064	0.00021064
146	2764	1.60021064	0.00021064
146	2884	1.80021064	0.00021064
146	2900	1.800315919999	0.000315919999
146	2998	2.00021064	0.00021064
146	3053	2.10021064	0.00021064
146	3128	2.20021064	0.00021064
146	3248	2.40021064	0.00021064
146	3264	2.400315919999	0.000315919999
146	3362	2.60021064	0.00021064
146	3417	2.70021064	0.00021064
146	3492	2.80021064	0.00021064
146	3612	3.00021064	0.00021064
146	3628	3.000315919999	0.000315919999
146	3726	3.20021064	0.00021064
146	3781	3.30021064	0.00021064
146	3856	3.40021064	0.00021064
146	3976	3.60021064	0.00021064
146	3992	3.600315919999	0.000315919999
146	4090	3.80021064	0.00021064
146	4145	3.90021064	0.00021064
146	4220	4.00021064	0.00021064
146	4340	4.20021064	0.00021064
146	4356	4.200315919999	0.000315919999
146	4454	4.40021064	0.00021064
146	4509	4.50021064	0.00021064
146	4584	4.60021064	0.00021064
146	4704	4.80021064	0.00021064
146	4720	4.800315919999	0.000315919999
146	4818	5.00021064	0.00021064
146	4873	5.10021064	0.00021064
146	4948	5.20021064	0.00021064
146	5068	5.40021064	0.00021064
146	5084	5.400315919999	0.000315919999
146	5182	5.60021064	0.00021064
146	5237	5.70021064	0.00021064
146	5312	5.80021064	0.00021064
146	5432	6.00021064	0.00021064
146	5448	6.000315919999	0.000315919999
146	5546	6.20021064	0.00021064
146	5601	6.30021064	0.00021064
146	5676	6.40021064	0.00021064
146	5796	6.60021064	0.00021064
146	5812	6.600315919999	0.000315919999
146	5910	6.80021064	0.00021064
146	5965	6.90021064	0.00021064
146	6040	7.00021064	0.00021064
146	6160	7.20021064	0.00021064
146	6176	7.200315919999	0.000315919999
146	6274	7.40021064	0.00021064
146	6329	7.50021064	0.00021064
146	6404	7.60021064	0.00021064
146	6524	7.80021064	0.00021064
146	6540	7.800315919999	0.000315919999
146	6638	8.00021064	0.00021064
146	6693	8.10021064	0.00021064
146	6768	8.20021064	0.00021064
146	6888	8.40021064	0.00021064
146	6904	8.400315919999	0.000315919999
146	7002	8.60021064	0.00021064
146	7057	8.70021064	0.00021064
146	7132	8.80021064	0.00021064
146	7252	9.00021064	0.00021064
146	7268	9.000315919999	0.000315919999
146	7366	9.20021064	0.00021064
146	7421	9.30021064	0.00021064
146	7496	9.40021064	0.00021064
146	7616	9.60021064	0.00021064
146	7632	9.600315919999	0.000315919999
146	7730	9.80021064	0.00021064
146	7785	9.90021064	0.00021064
146	7860	10.00021064	0.00021064
146	7980	10.20021064	0.00021064
146	7996	10.200315919999	0.000315919999
146	8094	10.40021064	0.00021064
146	8149	10.50021064	0.00021064
146	8224	10.60021064	0.00021064
146	8344	10.80021064	0.00021064
146	8360	10.800315919999	0.000315919999
146	8458	11.00021064	0.00021064
146	8513	11.10021064	0.00021064
146	8588	11.20021064	0.00021064
146	8708	11.40021064	0.00021064
146	8724	11.400315919999	0.000315919999
146	8822	11.60021064	0.00021064
146	8877	11.70021064	0.00021064
146	8952	11.80021064	0.00021064
146	9072	12.00021064	0.00021064
146	9088	12.000315919999	0.000315919999
146	9186	12.20021064	0.00021064
146	9241	12.30021064	0.00021064
146	9316	12.40021064	0.00021064
146	9436	12.60021064	0.00021064
146	9452	12.600315919999	0.000315919999
146	9550	12.80021064	0.00021064
146	9605	12.90021064	0.00021064
146	9680	13.00021064	0.00021064
146	9800	13.20021064	0.00021064
146	9816	13.200315919999	0.000315919999
146	9914	13.40021064	0.00021064
146	9969	13.50021064	0.00021064
146	10044	13.60021064	0.00021064
146	10164	13.80021064	0.00021064
146	10180	13.800315919999	0.000315919999
146	10278	14.00021064	0.00021064
146	10333	14.10021064	0.00021064
146	10408	14.20021064	0.00021064
146	10528	14.40021064	0.00021064
146	10544	14.400315919999	0.000315919999
146	10642	14.60021064	0.00021064
146	10697	14.70021064	0.00021064
146	10772	14.80021064	0.00021064
146	10954	15.00021064	0.00021064
146	10970	15.000315919999	0.000315919999
146	11068	15.20021064	0.00021064
146	11123	15.30021064	0.00021064
146	11198	15.40021064	0.00021064
146	11318	15.60021064	0.00021064
146	11334	15.600315919999	0.000315919999
146	11432	15.80021064	0.00021064
146	11487	15.90021064	0.00021064
146	11562	16.00021064	0.00021064
146	11682	16.20021064	0.00021064
146	11698	16.200315919999	0.000315919999
146	11796	16.40021064	0.00021064
146	11851	16.50021064	0.00021064
146	11926	16.60021064	0.00021064
146	12046	16.80021064	0.00021064
146	12062	16.800315919999	0.000315919999
146	12160	17.00021064	0.00021064
146	12215	17.10021064	0.00021064
146	12290	17.20021064	0.00021064
146	12410	17.40021064	0.00021064
146	12426	17.400315919999	0.000315919999
146	12524	17.60021064	0.00021064
146	12579	17.70021064	0.00021064
146	12654	17.80021064	0.00021064
146	12774	18.00021064	0.00021064
146	12790	18.000315919999	0.000315919999
146	12888	18.20021064	0.00021064
146	12943	18.30021064	0.00021064
146	13018	18.40021064	0.00021064
146	13138	18.60021064	0.00021064
146	13154	18.600315919999	0.000315919999
146	13252	18.80021064	0.00021064
146	13307	18.90021064	0.00021064
146	13382	19.00021064	0.00021064
146	13502	19.20021064	0.00021064
146	13518	19.200315919999	0.000315919999
146	13616	19.40021064	0.00021064
146	13671	19.50021064	0.00021064
146	13746	19.60021064	0.00021064
146	13866	19.80021064	0.00021064
146	13882	19.800315919999	0.000315919999
146	13980	20.00021064	0.00021064
146	14035	20.10021064	0.00021064
146	14110	20.20021064	0.00021064
146	14230	20.40021064	0.00021064
146	14246	20.400315919999	0.000315919999
146	14344	20.60021064	0.00021064
146	14399	20.70021064	0.00021064
146	14474	20.80021064	0.00021064
146	14594	21.00021064	0.00021064
146	14610	21.000315919999	0.000315919999
146	14708	21.20021064	0.00021064
146	14763	21.30021064	0.00021064
146	14838	21.40021064	0.00021064
146	14958	21.60021064	0.00021064
146	14974	21.600315919999	0.000315919999
146	15072	21.80021064	0.00021064
146	15127	21.90021064	0.00021064
146	15202	22.00021064	0.00021064
146	15322	22.20021064	0.00021064
146	15338	22.200315919999	0.000315919999
146	15436	22.40021064	0.00021064
146	15491	22.50021064	0.00021064
146	15566	22.60021064	0.00021064
146	15686	22.80021064	0.00021064
146	15702	22.800315919999	0.000315919999
146	15800	23.00021064	0.00021064
146	15855	23.10021064	0.00021064
146	15930	23.20021064	0.00021064
146	16050	23.40021064	0.00021064
146	16066	23.400315919999	0.000315919999
146	16164	23.60021064	0.00021064
146	16219	23.70021064	0.00021064
146	16294	23.80021064	0.00021064
146	16414	24.00021064	0.00021064
146	16430	24.000315919999	0.000315919999
146	16528	24.20021064	0.00021064
146	16583	24.30021064	0.00021064
146	16658	24.40021064	0.00021064
146	16778	24.60021064	0.00021064
146	16794	24.600315919999	0.000315919999
146	16892	24.80021064	0.00021064
146	16947	24.90021064	0.00021064
146	17022	25.00021064	0.00021064
146	17142	25.20021064	0.00021064
146	17158	25.200315919999	0.000315919999
146	17256	25.40021064	0.00021064
146	17311	25.50021064	0.00021064
146	17386	25.60021064	0.00021064
146	17506	25.80021064	0.00021064
146	17522	25.800315919999	0.000315919999
146	17620	26.00021064	0.00021064
146	17675	26.10021064	0.00021064
146	17750	26.20021064	0.00021064
146	17870	26.40021064	0.00021064
146	17886	26.400315919999	0.000315919999
146	17984	26.60021064	0.00021064
146	18039	26.70021064	0.00021064
146	18114	26.80021064	0.00021064
146	18234	27.00021064	0.00021064
146	18250	27.000315919999	0.000315919999
146	18348	27.20021064	0.00021064
146	18403	27.30021064	0.00021064
146	18478	27.40021064	0.00021064
146	18598	27.60021064	0.00021064
146	18614	27.600315919999	0.000315919999
146	18712	27.80021064	0.00021064
146	18767	27.90021064	0.00021064
146	18842	28.00021064	0.00021064
146	18962	28.20021064	0.00021064
146	18978	28.200315919999	0.000315919999
146	19076	28.40021064	0.00021064
146	19131	28.50021064	0.00021064
146	19206	28.60021064	0.00021064
146	19326	28.80021064	0.00021064
146	19342	28.800315919999	0.000315919999
146	19440	29.00021064	0.00021064
146	19495	29.10021064	0.00021064
146	19570	29.20021064	0.00021064
146	19690	29.40021064	0.00021064
146	19706	29.400315919999	0.000315919999
146	19804	29.60021064	0.00021064
146	19859	29.70021064	0.00021064
146	19934	29.80021064	0.00021064
146	20116	30.00021064	0.00021064
146	20132	30.000315919999	0.000315919999
146	20230	30.20021064	0.00021064
146	20285	30.30021064	0.00021064
146	20360	30.40021064	0.00021064
146	20480	30.60021064	0.00021064
146	20496	30.600315919999	0.000315919999
146	20594	30.80021064	0.00021064
146	20649	30.90021064	0.00021064
146	20724	31.00021064	0.00021064
146	20972	31.20021064	0.00021064
146	20988	31.200315919999	0.000315919999
146	21548	31.400609759992	0.000609759992
146	21805	31.500469119994	0.000469119994
146	21877	31.60021064	0.00021064
146	21997	31.80021064	0.00021064
146	22013	31.800315919999	0.000315919999
146	22111	32.00021064	0.00021064
146	22166	32.10021064	0.00021064
146	22241	32.20021064	0.00021064
146	22361	32.40021064	0.00021064
146	22377	32.400315919999	0.000315919999
146	22475	32.60021064	0.00021064
146	22530	32.70021064	0.00021064
146	22605	32.80021064	0.00021064
146	22725	33.00021064	0.00021064
146	22741	33.000315919999	0.000315919999
146	22839	33.20021064	0.00021064
146	22894	33.30021064	0.00021064
146	22969	33.40021064	0.00021064
146	23089	33.60021064	0.00021064
146	23105	33.600315919999	0.000315919999
146	23203	33.80021064	0.00021064
146	23258	33.90021064	0.00021064
146	23333	34.00021064	0.00021064
146	23453	34.20021064	0.00021064
146	23469	34.200315919999	0.000315919999
146	23567	34.40021064	0.00021064
146	23622	34.50021064	0.00021064
146	23697	34.60021064	0.00021064
146	23817	34.80021064	0.00021064
146	23833	34.800315919999	0.000315919999
146	23931	35.00021064	0.00021064
146	23986	35.10021064	0.00021064
146	24061	35.20021064	0.00021064
146	24181	35.40021064	0.00021064
146	24197	35.400315919999	0.000315919999
146	24295	35.60021064	0.00021064
146	24350	35.70021064	0.00021064
146	24425	35.80021064	0.00021064
146	24545	36.00021064	0.00021064
146	24561	36.000315919999	0.000315919999
146	24659	36.20021064	0.00021064
146	24714	36.30021064	0.00021064
146	24789	36.40021064	0.00021064
146	24909	36.60021064	0.00021064
146	24925	36.600315919999	0.000315919999
146	25023	36.80021064	0.00021064
146	25078	36.90021064	0.00021064
146	25153	37.00021064	0.00021064
146	25273	37.20021064	0.00021064
146	25289	37.200315919999	0.000315919999
146	25387	37.40021064	0.00021064
146	25442	37.50021064	0.00021064
146	25517	37.60021064	0.00021064
146	25637	37.80021064	0.00021064
146	25653	37.800315919999	0.000315919999
146	25751	38.00021064	0.00021064
146	25806	38.10021064	0.00021064
146	25881	38.20021064	0.00021064
146	26001	38.40021064	0.00021064
146	26017	38.400315919999	0.000315919999
146	26115	38.60021064	0.00021064
146	26170	38.70021064	0.00021064
146	26245	38.80021064	0.00021064
146	26365	39.00021064	0.00021064
146	26381	39.000315919999	0.000315919999
146	26479	39.20021064	0.00021064
146	26534	39.30021064	0.00021064
146	26609	39.40021064	0.00021064
146	26729	39.60021064	0.00021064
146	26745	39.600315919999	0.000315919999
146	26843	39.80021064	0.00021064
146	26898	39.90021064	0.00021064
146	26973	40.00021064	0.00021064
146	27093	40.20021064	0.00021064
146	27109	40.200315919999	0.000315919999
146	27207	40.40021064	0.00021064
146	27262	40.50021064	0.00021064
146	27337	40.60021064	0.00021064
146	27457	40.80021064	0.00021064
146	27473	40.800315919999	0.000315919999
146	27571	41.00021064	0.00021064
146	27626	41.10021064	0.00021064
146	27701	41.20021064	0.00021064
146	27821	41.40021064	0.00021064
146	27837	41.400315919999	0.000315919999
146	27935	41.60021064	0.00021064
146	27990	41.70021064	0.00021064
146	28065	41.80021064	0.00021064
146	28185	42.00021064	0.00021064
146	28201	42.000315919999	0.000315919999
146	28299	42.20021064	0.00021064
146	28354	42.30021064	0.00021064
146	28429	42.40021064	0.00021064
146	28549	42.60021064	0.00021064
146	28565	42.600315919999	0.000315919999
146	28663	42.80021064	0.00021064
146	28718	42.90021064	0.00021064
146	28793	43.00021064	0.00021064
146	28913	43.20021064	0.00021064
146	28929	43.200315919999	0.000315919999
146	29027	43.40021064	0.00021064
146	29082	43.50021064	0.00021064
146	29157	43.60021064	0.00021064
146	29277	43.80021064	0.00021064
146	29293	43.800315919999	0.000315919999
146	29391	44.00021064	0.00021064
146	29446	44.10021064	0.00021064
146	29521	44.20021064	0.00021064
146	29641	44.40021064	0.00021064
146	29657	44.400315919999	0.000315919999
146	29755	44.60021064	0.00021064
146	29810	44.70021064	0.00021064
146	29885	44.80021064	0.00021064
146	30067	45.00021064	0.00021064
146	30083	45.000315919999	0.000315919999
146	30181	45.20021064	0.00021064
146	30236	45.30021064	0.00021064
146	30311	45.40021064	0.00021064
146	30431	45.60021064	0.00021064
146	30447	45.600315919999	0.000315919999
146	30545	45.80021064	0.00021064
146	30600	45.90021064	0.00021064
146	30675	46.00021064	0.00021064
146	30795	46.20021064	0.00021064
146	30811	46.200315919999	0.000315919999
146	30909	46.40021064	0.00021064
146	30964	46.50021064	0.00021064
146	31039	46.60021064	0.00021064
146	31159	46.80021064	0.00021064
146	31175	46.800315919999	0.000315919999
146	31273	47.00021064	0.00021064
146	31328	47.10021064	0.00021064
146	31403	47.20021064	0.00021064
146	31523	47.40021064	0.00021064
146	31539	47.400315919999	0.000315919999
146	31637	47.60021064	0.00021064
146	31692	47.70021064	0.00021064
146	31767	47.80021064	0.00021064
146	31887	48.00021064	0.00021064
146	31903	48.000315919999	0.000315919999
146	32001	48.20021064	0.00021064
146	32056	48.30021064	0.00021064
146	32131	48.40021064	0.00021064
146	32251	48.60021064	0.00021064
146	32267	48.600315919999	0.000315919999
146	32365	48.80021064	0.00021064
146	32420	48.90021064	0.00021064
146	32495	49.00021064	0.00021064
146	32615	49.20021064	0.00021064
146	32631	49.200315919999	0.000315919999
146	32729	49.40021064	0.00021064
146	32784	49.50021064	0.00021064
146	32859	49.60021064	0.00021064
146	32979	49.80021064	0.00021064
146	32995	49.800315919999	0.000315919999
146	33093	50.00021064	0.00021064
146	33148	50.10021064	0.00021064
146	33223	50.20021064	0.00021064
146	33343	50.40021064	0.00021064
146	33359	50.400315919999	0.000315919999
146	33457	50.60021064	0.00021064
146	33512	50.70021064	0.00021064
146	33587	50.80021064	0.00021064
146	33707	51.00021064	0.00021064
146	33723	51.000315919999	0.000315919999
146	33821	51.20021064	0.00021064
146	33876	51.30021064	0.00021064
146	33951	51.40021064	0.00021064
146	34071	51.60021064	0.00021064
146	34087	51.600315919999	0.000315919999
146	34185	51.80021064	0.00021064
146	34240	51.90021064	0.00021064
146	34315	52.00021064	0.00021064
146	34435	52.20021064	0.00021064
146	34451	52.200315919999	0.000315919999
146	34549	52.40021064	0.00021064
146	34604	52.50021064	0.00021064
146	34679	52.60021064	0.00021064
146	34799	52.80021064	0.00021064
146	34815	52.800315919999	0.000315919999
146	34913	53.00021064	0.00021064
146	34968	53.10021064	0.00021064
146	35043	53.20021064	0.00021064
146	35163	53.40021064	0.00021064
146	35179	53.400315919999	0.000315919999
146	35277	53.60021064	0.00021064
146	35332	53.70021064	0.00021064
146	35407	53.80021064	0.00021064
146	35527	54.00021064	0.00021064
146	35543	54.000315919999	0.000315919999
146	35641	54.20021064	0.00021064
146	35696	54.30021064	0.00021064
146	35771	54.40021064	0.00021064
146	35891	54.60021064	0.00021064
146	35907	54.600315919999	0.000315919999
146	36005	54.80021064	0.00021064
146	36060	54.90021064	0.00021064
146	36135	55.00021064	0.00021064
146	36255	55.20021064	0.00021064
146	36271	55.200315919999	0.000315919999
146	36369	55.40021064	0.00021064
146	36424	55.50021064	0.00021064
146	36499	55.60021064	0.00021064
146	36619	55.80021064	0.00021064
146	36635	55.800315919999	0.000315919999
146	36733	56.00021064	0.00021064
146	36788	56.10021064	0.00021064
146	36863	56.20021064	0.00021064
146	36983	56.40021064	0.00021064
146	36999	56.400315919999	0.000315919999
146	37097	56.60021064	0.00021064
146	37152	56.70021064	0.00021064
146	37227	56.80021064	0.00021064
146	37347	57.00021064	0.00021064
146	37363	57.000315919999	0.000315919999
146	37461	57.20021064	0.00021064
146	37516	57.30021064	0.00021064
146	37591	57.40021064	0.00021064
146	37711	57.60021064	0.00021064
146	37727	57.600315919999	0.000315919999
146	37825	57.80021064	0.00021064
146	37880	57.90021064	0.00021064
146	37955	58.00021064	0.00021064
146	38075	58.20021064	0.00021064
146	38091	58.200315919999	0.000315919999
146	38189	58.40021064	0.00021064
146	38244	58.50021064	0.00021064
146	38319	58.60021064	0.00021064
146	38439	58.80021064	0.00021064
146	38455	58.800315919999	0.000315919999
146	38553	59.00021064	0.00021064
146	38608	59.10021064	0.00021064
146	38683	59.20021064	0.00021064
146	38803	59.40021064	0.00021064
146	38819	59.400315919999	0.000315919999
146	38917	59.60021064	0.00021064
146	38972	59.70021064	0.00021064
146	39047	59.80021064	0.00021064
146	39229	60.00021064	0.00021064
146	39245	60.000315919999	0.000315919999
146	39343	60.20021064	0.00021064
146	39398	60.30021064	0.00021064
146	39473	60.40021064	0.00021064
146	39593	60.60021064	0.00021064
146	39609	60.600315919999	0.000315919999
146	39707	60.80021064	0.00021064
146	39762	60.90021064	0.00021064
146	39837	61.00021064	0.00021064
146	39957	61.20021064	0.00021064
146	39973	61.200315919999	0.000315919999
146	40071	61.40021064	0.00021064
146	40126	61.50021064	0.00021064
146	40201	61.60021064	0.00021064
146	40321	61.80021064	0.00021064
146	40337	61.800315919999	0.000315919999
146	40435	62.00021064	0.00021064
146	40490	62.10021064	0.00021064
146	40565	62.20021064	0.00021064
146	40685	62.40021064	0.00021064
146	40733	62.400315919999	0.000315919999
146	41229	62.600609759992	0.000609759992
146	41486	62.700469119994	0.000469119994
146	41558	62.80021064	0.00021064
146	41678	63.00021064	0.00021064
146	41694	63.000315919999	0.000315919999
146	41792	63.20021064	0.00021064
146	41847	63.30021064	0.00021064
146	41922	63.40021064	0.00021064
146	42042	63.60021064	0.00021064
146	42058	63.600315919999	0.000315919999
146	42156	63.80021064	0.00021064
146	42211	63.90021064	0.00021064
146	42286	64.00021064	0.00021064
146	42406	64.20021064	0.00021064
146	42422	64.200315919999	0.000315919999
146	42520	64.40021064	0.00021064
146	42575	64.50021064	0.00021064
146	42650	64.60021064	0.00021064
146	42770	64.80021064	0.00021064
146	42786	64.800315919999	0.000315919999
146	42884	65.00021064	0.00021064
146	42939	65.10021064	0.00021064
146	43014	65.20021064	0.00021064
146	43134	65.40021064	0.00021064
146	43150	65.400315919999	0.000315919999
146	43248	65.60021064	0.00021064
146	43303	65.70021064	0.00021064
146	43378	65.80021064	0.00021064
146	43498	66.00021064	0.00021064
146	43514	66.000315919999	0.000315919999
146	43612	66.20021064	0.00021064
146	43667	66.30021064	0.00021064
146	43742	66.40021064	0.00021064
146	43862	66.60021064	0.00021064
146	43878	66.600315919999	0.000315919999
146	43976	66.80021064	0.00021064
146	44031	66.90021064	0.00021064
146	44106	67.00021064	0.00021064
146	44226	67.20021064	0.00021064
146	44242	67.200315919999	0.000315919999
146	44340	67.40021064	0.00021064
146	44395	67.50021064	0.00021064
146	44470	67.60021064	0.00021064
146	44590	67.80021064	0.00021064
146	44606	67.800315919999	0.000315919999
146	44704	68.00021064	0.00021064
146	44759	68.10021064	0.00021064
146	44834	68.20021064	0.00021064
146	44954	68.40021064	0.00021064
146	44970	68.400315919999	0.000315919999
146	45068	68.60021064	0.00021064
146	45123	68.70021064	0.00021064
146	45198	68.80021064	0.00021064
146	45318	69.00021064	0.00021064
146	45334	69.000315919999	0.000315919999
146	45432	69.20021064	0.00021064
146	45487	69.30021064	0.00021064
146	45562	69.40021064	0.00021064
146	45682	69.60021064	0.00021064
146	45698	69.600315919999	0.000315919999
146	45796	69.80021064	0.00021064
146	45851	69.90021064	0.00021064
146	45926	70.00021064	0.00021064
146	46046	70.20021064	0.00021064
146	46062	70.200315919999	0.000315919999
146	46160	70.40021064	0.00021064
146	46215	70.50021064	0.00021064
146	46290	70.60021064	0.00021064
146	46410	70.80021064	0.00021064
146	46426	70.800315919999	0.000315919999
146	46524	71.00021064	0.00021064
146	46579	71.10021064	0.00021064
146	46654	71.20021064	0.00021064
146	46774	71.40021064	0.00021064
146	46790	71.400315919999	0.000315919999
146	46888	71.60021064	0.00021064
146	46943	71.70021064	0.00021064
146	47018	71.80021064	0.00021064
146	47138	72.00021064	0.00021064
146	47154	72.000315919999	0.000315919999
146	47252	72.20021064	0.00021064
146	47307	72.30021064	0.00021064
146	47382	72.40021064	0.00021064
146	47502	72.60021064	0.00021064
146	47518	72.600315919999	0.000315919999
146	47616	72.80021064	0.00021064
146	47671	72.90021064	0.00021064
146	47746	73.00021064	0.00021064
146	47866	73.20021064	0.00021064
146	47882	73.200315919999	0.000315919999
146	47980	73.40021064	0.00021064
146	48035	73.50021064	0.00021064
146	48110	73.60021064	0.00021064
146	48230	73.80021064	0.00021064
146	48246	73.800315919999	0.000315919999
146	48344	74.00021064	0.00021064
146	48399	74.10021064	0.00021064
146	48474	74.20021064	0.00021064
146	48594	74.40021064	0.00021064
146	48610	74.400315919999	0.000315919999
146	48708	74.60021064	0.00021064
146	48763	74.70021064	0.00021064
146	48838	74.80021064	0.00021064
146	49020	75.00021064	0.00021064
146	49036	75.000315919999	0.000315919999
146	49134	75.20021064	0.00021064
146	49189	75.30021064	0.00021064
146	49264	75.40021064	0.00021064
146	49384	75.60021064	0.00021064
146	49400	75.600315919999	0.000315919999
146	49498	75.80021064	0.00021064
146	49553	75.90021064	0.00021064
146	49628	76.00021064	0.00021064
146	49748	76.20021064	0.00021064
146	49764	76.200315919999	0.000315919999
146	49862	76.40021064	0.00021064
146	49917	76.50021064	0.00021064
146	49992	76.60021064	0.00021064
146	50112	76.80021064	0.00021064
146	50128	76.800315919999	0.000315919999
146	50226	77.00021064	0.00021064
146	50281	77.10021064	0.00021064
146	50356	77.20021064	0.00021064
146	50476	77.40021064	0.00021064
146	50492	77.400315919999	0.000315919999
146	50590	77.60021064	0.00021064
146	50645	77.70021064	0.00021064
146	50720	77.80021064	0.00021064
146	50840	78.00021064	0.00021064
146	50856	78.000315919999	0.000315919999
146	50954	78.20021064	0.00021064
146	51009	78.30021064	0.00021064
146	51084	78.40021064	0.00021064
146	51204	78.60021064	0.00021064
146	51220	78.600315919999	0.000315919999
146	51318	78.80021064	0.00021064
146	51373	78.90021064	0.00021064
146	51448	79.00021064	0.00021064
146	51568	79.20021064	0.00021064
146	51584	79.200315919999	0.000315919999
146	51682	79.40021064	0.00021064
146	51737	79.50021064	0.00021064
146	51812	79.60021064	0.00021064
146	51932	79.80021064	0.00021064
146	51948	79.800315919999	0.000315919999
146	52046	80.00021064	0.00021064
146	52101	80.10021064	0.00021064
146	52176	80.20021064	0.00021064
146	52296	80.40021064	0.00021064
146	52312	80.400315919999	0.000315919999
146	52410	80.60021064	0.00021064
146	52465	80.70021064	0.00021064
146	52540	80.80021064	0.00021064
146	52660	81.00021064	0.00021064
146	52676	81.000315919999	0.000315919999
146	52774	81.20021064	0.00021064
146	52829	81.30021064	0.00021064
146	52904	81.40021064	0.00021064
146	53024	81.60021064	0.00021064
146	53040	81.600315919999	0.000315919999
146	53138	81.80021064	0.00021064
146	53193	81.90021064	0.00021064
146	53268	82.00021064	0.00021064
146	53388	82.20021064	0.00021064
146	53404	82.200315919999	0.000315919999
146	53502	82.40021064	0.00021064
146	53557	82.50021064	0.00021064
146	53632	82.60021064	0.00021064
146	53752	82.80021064	0.00021064
146	53768	82.800315919999	0.000315919999
146	53866	83.00021064	0.00021064
146	53921	83.10021064	0.00021064
146	53996	83.20021064	0.00021064
146	54116	83.40021064	0.00021064
146	54132	83.400315919999	0.000315919999
146	54230	83.60021064	0.00021064
146	54285	83.70021064	0.00021064
146	54360	83.80021064	0.00021064
146	54480	84.00021064	0.00021064
146	54496	84.000315919999	0.000315919999
146	54594	84.20021064	0.00021064
146	54649	84.30021064	0.00021064
146	54724	84.40021064	0.00021064
146	54844	84.60021064	0.00021064
146	54860	84.600315919999	0.000315919999
146	54958	84.80021064	0.00021064
146	55013	84.90021064	0.00021064
146	55088	85.00021064	0.00021064
146	55208	85.20021064	0.00021064
146	55224	85.200315919999	0.000315919999
146	55322	85.40021064	0.00021064
146	55377	85.50021064	0.00021064
146	55452	85.60021064	0.00021064
146	55572	85.80021064	0.00021064
146	55588	85.800315919999	0.000315919999
146	55686	86.00021064	0.00021064
146	55741	86.10021064	0.00021064
146	55816	86.20021064	0.00021064
146	55936	86.40021064	0.00021064
146	55952	86.400315919999	0.000315919999
146	56050	86.60021064	0.00021064
146	56105	86.70021064	0.00021064
146	56180	86.80021064	0.00021064
146	56300	87.00021064	0.00021064
146	56316	87.000315919999	0.000315919999
146	56414	87.20021064	0.00021064
146	56469	87.30021064	0.00021064
146	56544	87.40021064	0.00021064
146	56664	87.60021064	0.00021064
146	56680	87.600315919999	0.000315919999
146	56778	87.80021064	0.00021064
146	56833	87.90021064	0.00021064
146	56908	88.00021064	0.00021064
146	57028	88.20021064	0.00021064
146	57044	88.200315919999	0.000315919999
146	57142	88.40021064	0.00021064
146	57197	88.50021064	0.00021064
146	57272	88.60021064	0.00021064
146	57392	88.80021064	0.00021064
146	57408	88.800315919999	0.000315919999
146	57506	89.00021064	0.00021064
146	57561	89.10021064	0.00021064
146	57636	89.20021064	0.00021064
146	57756	89.40021064	0.00021064
146	57772	89.400315919999	0.000315919999
146	57870	89.60021064	0.00021064
146	57925	89.70021064	0.00021064
146	58000	89.80021064	0.00021064
146	58220	90.000043279999	4.3279999e-05
146	58273	90.00021064	0.00021064
146	58289	90.000315919999	0.000315919999
146	58315	90.040013519999	1.352e-05
146	58341	90.080013519999	1.352e-05
146	58393	90.120013519999	1.352e-05
146	58419	90.160013519999	1.352e-05
146	58472	90.200013519999	1.352e-05
146	58517	90.20021064	0.00021064
146	58549	90.240013519999	1.352e-05
146	58575	90.280013519998	1.352e-05
146	58624	90.30021064	0.00021064
146	58653	90.320013519998	1.352e-05
146	58679	90.360013519998	1.352e-05
146	58732	90.400013519998	1.352e-05
146	58777	90.40021064	0.00021064
146	58809	90.440013519998	1.352e-05
146	58835	90.480013519998	1.352e-05
146	58887	90.520013519998	1.352e-05
146	58913	90.560013519998	1.352e-05
146	58975	90.600013519998	1.352e-05
146	59027	90.60021064	0.00021064
146	59043	90.600315919999	0.000315919999
146	59069	90.640013519998	1.352e-05
146	59095	90.680013519998	1.352e-05
146	59147	90.720013519998	1.352e-05
146	59173	90.760013519998	1.352e-05
146	59226	90.800013519998	1.352e-05
146	59271	90.80021064	0.00021064
146	59303	90.840013519998	1.352e-05
146	59329	90.880013519997	1.352e-05
146	59378	90.90021064	0.00021064
146	59407	90.920013519997	1.352e-05
146	59433	90.960013519997	1.352e-05
146	59486	91.000013519997	1.352e-05
146	59531	91.00021064	0.00021064
146	59563	91.040013519997	1.352e-05
146	59589	91.080013519997	1.352e-05
146	59641	91.120013519996	1.352e-05
146	59667	91.160013519996	1.352e-05
146	59729	91.200013519996	1.352e-05
146	59781	91.20021064	0.00021064
146	59797	91.200315919999	0.000315919999
146	59823	91.240013519996	1.352e-05
146	59849	91.280013519996	1.352e-05
146	59901	91.320013519996	1.352e-05
146	59927	91.360013519995	1.352e-05
146	59980	91.400013519995	1.352e-05
146	60025	91.40021064	0.00021064
146	60057	91.440013519995	1.352e-05
146	60083	91.480013519995	1.352e-05
146	60132	91.50021064	0.00021064
146	60161	91.520013519995	1.352e-05
146	60187	91.560013519995	1.352e-05
146	60240	91.600013519994	1.352e-05
146	60285	91.60021064	0.00021064
146	60317	91.640013519994	1.352e-05
146	60343	91.680013519994	1.352e-05
146	60395	91.720013519994	1.352e-05
146	60421	91.760013519994	1.352e-05
146	60483	91.800013519994	1.352e-05
146	60535	91.80021064	0.00021064
146	60551	91.800315919999	0.000315919999
146	60577	91.840013519994	1.352e-05
146	60603	91.880013519994	1.352e-05
146	60655	91.920013519994	1.352e-05
146	60681	91.960013519994	1.352e-05
146	60734	92.000013519994	1.352e-05
146	60779	92.00021064	0.00021064
146	60811	92.040013519994	1.352e-05
146	60837	92.080013519994	1.352e-05
146	60886	92.10021064	0.00021064
146	60915	92.120013519994	1.352e-05
146	60941	92.160013519994	1.352e-05
146	60994	92.200013519993	1.352e-05
146	61039	92.20021064	0.00021064
146	61071	92.240013519993	1.352e-05
146	61097	92.280013519993	1.352e-05
146	61149	92.320013519993	1.352e-05
146	61175	92.360013519993	1.352e-05
146	61237	92.400013519993	1.352e-05
146	61289	92.40021064	0.00021064
146	61305	92.400315919999	0.000315919999
146	61331	92.440013519992	1.352e-05
146	61357	92.480013519992	1.352e-05
146	61409	92.520013519992	1.352e-05
146	61435	92.560013519992	1.352e-05
146	61488	92.600013519992	1.352e-05
146	61533	92.60021064	0.00021064
146	61565	92.640013519992	1.352e-05
146	61591	92.680013519991	1.352e-05
146	61640	92.70021064	0.00021064
146	61669	92.720013519991	1.352e-05
146	61695	92.760013519991	1.352e-05
146	61748	92.800013519991	1.352e-05
146	61793	92.80021064	0.00021064
146	61825	92.840013519991	1.352e-05
146	61851	92.880013519991	1.352e-05
146	61903	92.92001351999	1.352e-05
146	61929	92.96001351999	1.352e-05
146	61991	93.00001351999	1.352e-05
146	62043	93.00021064	0.00021064
146	62059	93.000315919999	0.000315919999
146	62085	93.04001351999	1.352e-05
146	62111	93.08001351999	1.352e-05
146	62163	93.12001351999	1.352e-05
146	62189	93.160013519989	1.352e-05
146	62242	93.200013519989	1.352e-05
146	62287	93.20021064	0.00021064
146	62319	93.240013519989	1.352e-05
146	62345	93.280013519989	1.352e-05
146	62394	93.30021064	0.00021064
146	62423	93.320013519989	1.352e-05
146	62449	93.360013519989	1.352e-05
146	62502	93.400013519989	1.352e-05
146	62547	93.40021064	0.00021064
146	62579	93.440013519989	1.352e-05
146	62605	93.480013519989	1.352e-05
146	62657	93.520013519989	1.352e-05
146	62683	93.560013519989	1.352e-05
146	62745	93.600013519989	1.352e-05
146	62797	93.60021064	0.00021064
146	62845	93.600315919999	0.000315919999
146	62903	93.640013519989	1.352e-05
146	62929	93.680013519989	1.352e-05
146	63013	93.720013519989	1.352e-05
146	63039	93.760013519988	1.352e-05
146	63092	93.800013519988	1.352e-05
146	63471	93.800609759992	0.000609759992
146	63507	93.840013519988	1.352e-05
146	63533	93.880013519988	1.352e-05
146	63780	93.900469119994	0.000469119994
146	63806	93.920013519988	1.352e-05
146	63832	93.960013519988	1.352e-05
146	63885	94.000013519987	1.352e-05
146	63930	94.00021064	0.00021064
146	63962	94.040013519987	1.352e-05
146	63988	94.080013519987	1.352e-05
146	64040	94.120013519987	1.352e-05
146	64066	94.160013519987	1.352e-05
146	64128	94.200013519987	1.352e-05
146	64180	94.20021064	0.00021064
146	64196	94.200315919999	0.000315919999
146	64222	94.240013519986	1.352e-05
146	64248	94.280013519986	1.352e-05
146	64300	94.320013519986	1.352e-05
146	64326	94.360013519986	1.352e-05
146	64379	94.400013519986	1.352e-05
146	64424	94.40021064	0.00021064
146	64456	94.440013519986	1.352e-05
146	64482	94.480013519985	1.352e-05
146	64531	94.50021064	0.00021064
146	64560	94.520013519985	1.352e-05
146	64586	94.560013519985	1.352e-05
146	64639	94.600013519985	1.352e-05
146	64684	94.60021064	0.00021064
146	64716	94.640013519985	1.352e-05
146	64742	94.680013519985	1.352e-05
146	64794	94.720013519985	1.352e-05
146	64820	94.760013519985	1.352e-05
146	64882	94.800013519985	1.352e-05
146	64934	94.80021064	0.00021064
146	64950	94.800315919999	0.000315919999
146	64976	94.840013519985	1.352e-05
146	65002	94.880013519985	1.352e-05
146	65054	94.920013519985	1.352e-05
146	65080	94.960013519985	1.352e-05
146	65133	95.000013519985	1.352e-05
146	65178	95.00021064	0.00021064
146	65210	95.040013519985	1.352e-05
146	65236	95.080013519984	1.352e-05
146	65285	95.10021064	0.00021064
146	65314	95.120013519984	1.352e-05
146	65340	95.160013519984	1.352e-05
146	65393	95.200013519984	1.352e-05
146	65438	95.20021064	0.00021064
146	65470	95.240013519984	1.352e-05
146	65496	95.280013519984	1.352e-05
146	65548	95.320013519983	1.352e-05
146	65574	95.360013519983	1.352e-05
146	65636	95.400013519983	1.352e-05
146	65688	95.40021064	0.00021064
146	65704	95.400315919999	0.000315919999
146	65730	95.440013519983	1.352e-05
146	65756	95.480013519983	1.352e-05
146	65808	95.520013519983	1.352e-05
146	65834	95.560013519982	1.352e-05
146	65887	95.600013519982	1.352e-05
146	65932	95.60021064	0.00021064
146	65964	95.640013519982	1.352e-05
146	65990	95.680013519982	1.352e-05
146	66039	95.70021064	0.00021064
146	66068	95.720013519982	1.352e-05
146	66094	95.760013519982	1.352e-05
146	66147	95.800013519981	1.352e-05
146	66192	95.80021064	0.00021064
146	66224	95.840013519981	1.352e-05
146	66250	95.880013519981	1.352e-05
146	66302	95.920013519981	1.352e-05
146	66328	95.960013519981	1.352e-05
146	66390	96.000013519981	1.352e-05
146	66442	96.00021064	0.00021064
146	66458	96.000315919999	0.000315919999
146	66484	96.04001351998	1.352e-05
146	66510	96.08001351998	1.352e-05
146	66562	96.12001351998	1.352e-05
146	66588	96.16001351998	1.352e-05
146	66641	96.20001351998	1.352e-05
146	66686	96.20021064	0.00021064
146	66718	96.24001351998	1.352e-05
146	66744	96.28001351998	1.352e-05
146	66793	96.30021064	0.00021064
146	66822	96.32001351998	1.352e-05
146	66848	96.36001351998	1.352e-05
146	66901	96.40001351998	1.352e-05
146	66946	96.40021064	0.00021064
146	66978	96.44001351998	1.352e-05
146	67004	96.48001351998	1.352e-05
146	67056	96.52001351998	1.352e-05
146	67082	96.56001351998	1.352e-05
146	67144	96.60001351998	1.352e-05
146	67196	96.60021064	0.00021064
146	67212	96.600315919999	0.000315919999
146	67238	96.640013519979	1.352e-05
146	67264	96.680013519979	1.352e-05
146	67316	96.720013519979	1.352e-05
146	67342	96.760013519979	1.352e-05
146	67395	96.800013519979	1.352e-05
146	67440	96.80021064	0.00021064
146	67472	96.840013519979	1.352e-05
146	67498	96.880013519978	1.352e-05
146	67547	96.90021064	0.00021064
146	67576	96.920013519978	1.352e-05
146	67602	96.960013519978	1.352e-05
146	67655	97.000013519978	1.352e-05
146	67700	97.00021064	0.00021064
146	67732	97.040013519978	1.352e-05
146	67758	97.080013519978	1.352e-05
146	67810	97.120013519977	1.352e-05
146	67836	97.160013519977	1.352e-05
146	67898	97.200013519977	1.352e-05
146	67950	97.20021064	0.00021064
146	67966	97.200315919999	0.000315919999
146	67992	97.240013519977	1.352e-05
146	68018	97.280013519977	1.352e-05
146	68070	97.320013519977	1.352e-05
146	68096	97.360013519976	1.352e-05
146	68149	97.400013519976	1.352e-05
146	68194	97.40021064	0.00021064
146	68226	97.440013519976	1.352e-05
146	68252	97.480013519976	1.352e-05
146	68301	97.50021064	0.00021064
146	68330	97.520013519976	1.352e-05
146	68356	97.560013519976	1.352e-05
146	68409	97.600013519975	1.352e-05
146	68454	97.60021064	0.00021064
146	68486	97.640013519975	1.352e-05
146	68512	97.680013519975	1.352e-05
146	68564	97.720013519975	1.352e-05
146	68590	97.760013519975	1.352e-05
146	68652	97.800013519975	1.352e-05
146	68704	97.80021064	0.00021064
146	68720	97.800315919999	0.000315919999
146	68746	97.840013519975	1.352e-05
146	68772	97.880013519975	1.352e-05
146	68824	97.920013519975	1.352e-05
146	68850	97.960013519975	1.352e-05
146	68903	98.000013519975	1.352e-05
146	68948	98.00021064	0.00021064
146	68980	98.040013519975	1.352e-05
146	69006	98.080013519975	1.352e-05
146	69055	98.10021064	0.00021064
146	69084	98.120013519975	1.352e-05
146	69110	98.160013519975	1.352e-05
146	69163	98.200013519974	1.352e-05
146	69208	98.20021064	0.00021064
146	69240	98.240013519974	1.352e-05
146	69266	98.280013519974	1.352e-05
146	69318	98.320013519974	1.352e-05
146	69344	98.360013519974	1.352e-05
146	69406	98.400013519974	1.352e-05
146	69458	98.40021064	0.00021064
146	69474	98.400315919999	0.000315919999
146	69500	98.440013519973	1.352e-05
146	69526	98.480013519973	1.352e-05
146	69578	98.520013519973	1.352e-05
146	69604	98.560013519973	1.352e-05
146	69657	98.600013519973	1.352e-05
146	69702	98.60021064	0.00021064
146	69734	98.640013519973	1.352e-05
146	69760	98.680013519972	1.352e-05
146	69809	98.70021064	0.00021064
146	69838	98.720013519972	1.352e-05
146	69864	98.760013519972	1.352e-05
146	69917	98.800013519972	1.352e-05
146	69962	98.80021064	0.00021064
146	69994	98.840013519972	1.352e-05
146	70020	98.880013519972	1.352e-05
146	70072	98.920013519971	1.352e-05
146	70098	98.960013519971	1.352e-05
146	70160	99.000013519971	1.352e-05
146	70212	99.00021064	0.00021064
146	70228	99.000315919999	0.000315919999
146	70254	99.040013519971	1.352e-05
146	70280	99.080013519971	1.352e-05
146	70332	99.120013519971	1.352e-05
146	70358	99.160013519971	1.352e-05
146	70411	99.200013519971	1.352e-05
146	70456	99.20021064	0.00021064
146	70488	99.240013519971	1.352e-05
146	70514	99.280013519971	1.352e-05
146	70563	99.30021064	0.00021064
146	70592	99.320013519971	1.352e-05
146	70618	99.360013519971	1.352e-05
146	70671	99.400013519971	1.352e-05
146	70716	99.40021064	0.00021064
146	70748	99.440013519971	1.352e-05
146	70774	99.480013519971	1.352e-05
146	70826	99.52001351997	1.352e-05
146	70852	99.56001351997	1.352e-05
146	70914	99.60001351997	1.352e-05
146	70966	99.60021064	0.00021064
146	70982	99.600315919999	0.000315919999
146	71008	99.64001351997	1.352e-05
146	71034	99.68001351997	1.352e-05
146	71086	99.72001351997	1.352e-05
146	71112	99.760013519969	1.352e-05
146	71165	99.800013519969	1.352e-05
146	71210	99.80021064	0.00021064
146	71242	99.840013519969	1.352e-05
146	71268	99.880013519969	1.352e-05
146	71317	99.90021064	0.00021064
146	71346	99.920013519969	1.352e-05
146	71372	99.960013519969	1.352e-05
146	71425	100.000013519968	1.352e-05
146	71470	100.00021064	0.00021064
146	71502	100.040013519968	1.352e-05
146	71528	100.080013519968	1.352e-05
146	71580	100.120013519968	1.352e-05
146	71606	100.160013519968	1.352e-05
146	71668	100.200013519968	1.352e-05
146	71720	100.20021064	0.00021064
146	71736	100.200315919999	0.000315919999
146	71762	100.240013519967	1.352e-05
146	71788	100.280013519967	1.352e-05
146	71840	100.320013519967	1.352e-05
146	71866	100.360013519967	1.352e-05
146	71919	100.400013519967	1.352e-05
146	71964	100.40021064	0.00021064
146	71996	100.440013519967	1.352e-05
146	72022	100.480013519966	1.352e-05
146	72071	100.50021064	0.00021064
146	72100	100.520013519966	1.352e-05
146	72126	100.560013519966	1.352e-05
146	72179	100.600013519966	1.352e-05
146	72224	100.60021064	0.00021064
146	72256	100.640013519966	1.352e-05
146	72282	100.680013519966	1.352e-05
146	72334	100.720013519966	1.352e-05
146	72360	100.760013519966	1.352e-05
146	72422	100.800013519966	1.352e-05
146	72474	100.80021064	0.00021064
146	72490	100.800315919999	0.000315919999
146	72516	100.840013519966	1.352e-05
146	72542	100.880013519966	1.352e-05
146	72594	100.920013519966	1.352e-05
146	72620	100.960013519966	1.352e-05
146	72673	101.000013519966	1.352e-05
146	72718	101.00021064	0.00021064
146	72750	101.040013519966	1.352e-05
146	72776	101.080013519965	1.352e-05
146	72825	101.10021064	0.00021064
146	72854	101.120013519965	1.352e-05
146	72880	101.160013519965	1.352e-05
146	72933	101.200013519965	1.352e-05
146	72978	101.20021064	0.00021064
146	73010	101.240013519965	1.352e-05
146	73036	101.280013519965	1.352e-05
146	73088	101.320013519964	1.352e-05
146	73114	101.360013519964	1.352e-05
146	73176	101.400013519964	1.352e-05
146	73228	101.40021064	0.00021064
146	73244	101.400315919999	0.000315919999
146	73270	101.440013519964	1.352e-05
146	73296	101.480013519964	1.352e-05
146	73348	101.520013519964	1.352e-05
146	73374	101.560013519963	1.352e-05
146	73427	101.600013519963	1.352e-05
146	73472	101.60021064	0.00021064
146	73504	101.640013519963	1.352e-05
146	73530	101.680013519963	1.352e-05
146	73579	101.70021064	0.00021064
146	73608	101.720013519963	1.352e-05
146	73634	101.760013519963	1.352e-05
146	73687	101.800013519962	1.352e-05
146	73732	101.80021064	0.00021064
146	73764	101.840013519962	1.352e-05
146	73790	101.880013519962	1.352e-05
146	73842	101.920013519962	1.352e-05
146	73868	101.960013519962	1.352e-05
146	73930	102.000013519962	1.352e-05
146	73982	102.00021064	0.00021064
146	73998	102.000315919999	0.000315919999
146	74024	102.040013519962	1.352e-05
146	74050	102.080013519962	1.352e-05
146	74102	102.120013519962	1.352e-05
146	74128	102.160013519962	1.352e-05
146	74181	102.200013519962	1.352e-05
146	74226	102.20021064	0.00021064
146	74258	102.240013519962	1.352e-05
146	74284	102.280013519962	1.352e-05
146	74333	102.30021064	0.00021064
146	74362	102.320013519962	1.352e-05
146	74388	102.360013519962	1.352e-05
146	74441	102.400013519961	1.352e-05
146	74486	102.40021064	0.00021064
146	74518	102.440013519961	1.352e-05
146	74544	102.480013519961	1.352e-05
146	74596	102.520013519961	1.352e-05
146	74622	102.560013519961	1.352e-05
146	74684	102.600013519961	1.352e-05
146	74736	102.60021064	0.00021064
146	74752	102.600315919999	0.000315919999
146	74778	102.64001351996	1.352e-05
146	74804	102.68001351996	1.352e-05
146	74856	102.72001351996	1.352e-05
146	74882	102.76001351996	1.352e-05
146	74935	102.80001351996	1.352e-05
146	74980	102.80021064	0.00021064
146	75012	102.84001351996	1.352e-05
146	75038	102.880013519959	1.352e-05
146	75087	102.90021064	0.00021064
146	75116	102.920013519959	1.352e-05
146	75142	102.960013519959	1.352e-05
146	75195	103.000013519959	1.352e-05
146	75240	103.00021064	0.00021064
146	75272	103.040013519959	1.352e-05
146	75298	103.080013519959	1.352e-05
146	75350	103.120013519958	1.352e-05
146	75376	103.160013519958	1.352e-05
146	75438	103.200013519958	1.352e-05
146	75490	103.20021064	0.00021064
146	75506	103.200315919999	0.000315919999
146	75532	103.240013519958	1.352e-05
146	75558	103.280013519958	1.352e-05
146	75610	103.320013519958	1.352e-05
146	75636	103.360013519957	1.352e-05
146	75689	103.400013519957	1.352e-05
146	75734	103.40021064	0.00021064
146	75766	103.440013519957	1.352e-05
146	75792	103.480013519957	1.352e-05
146	75841	103.50021064	0.00021064
146	75870	103.520013519957	1.352e-05
146	75896	103.560013519957	1.352e-05
146	75949	103.600013519957	1.352e-05
146	75994	103.60021064	0.00021064
146	76026	103.640013519957	1.352e-05
146	76052	103.680013519957	1.352e-05
146	76104	103.720013519957	1.352e-05
146	76130	103.760013519957	1.352e-05
146	76192	103.800013519957	1.352e-05
146	76244	103.80021064	0.00021064
146	76260	103.800315919999	0.000315919999
146	76286	103.840013519957	1.352e-05
146	76312	103.880013519957	1.352e-05
146	76364	103.920013519957	1.352e-05
146	76390	103.960013519956	1.352e-05
146	76443	104.000013519956	1.352e-05
146	76488	104.00021064	0.00021064
146	76520	104.040013519956	1.352e-05
146	76546	104.080013519956	1.352e-05
146	76595	104.10021064	0.00021064
146	76624	104.120013519956	1.352e-05
146	76650	104.160013519956	1.352e-05
146	76703	104.200013519955	1.352e-05
146	76748	104.20021064	0.00021064
146	76780	104.240013519955	1.352e-05
146	76806	104.280013519955	1.352e-05
146	76858	104.320013519955	1.352e-05
146	76884	104.360013519955	1.352e-05
146	76946	104.400013519955	1.352e-05
146	76998	104.40021064	0.00021064
146	77014	104.400315919999	0.000315919999
146	77040	104.440013519954	1.352e-05
146	77066	104.480013519954	1.352e-05
146	77118	104.520013519954	1.352e-05
146	77144	104.560013519954	1.352e-05
146	77197	104.600013519954	1.352e-05
146	77242	104.60021064	0.00021064
146	77274	104.640013519954	1.352e-05
146	77300	104.680013519953	1.352e-05
146	77349	104.70021064	0.00021064
146	77378	104.720013519953	1.352e-05
146	77404	104.760013519953	1.352e-05
146	77457	104.800013519953	1.352e-05
146	77502	104.80021064	0.00021064
146	77534	104.840013519953	1.352e-05
146	77560	104.880013519953	1.352e-05
146	77612	104.920013519953	1.352e-05
146	77638	104.960013519953	1.352e-05
146	77732	105.000013519953	1.352e-05
146	77843	105.00021064	0.00021064
146	78022	105.20021064	0.00021064
146	78216	105.40021064	0.00021064
146	78410	105.60021064	0.00021064
146	78589	105.80021064	0.00021064
146	78783	106.00021064	0.00021064
146	78977	106.20021064	0.00021064
146	79156	106.40021064	0.00021064
146	79350	106.60021064	0.00021064
146	79544	106.80021064	0.00021064
146	79723	107.00021064	0.00021064
146	79917	107.20021064	0.00021064
146	80111	107.40021064	0.00021064
146	80290	107.60021064	0.00021064
146	80484	107.80021064	0.00021064
146	80678	108.00021064	0.00021064
146	80857	108.20021064	0.00021064
146	81051	108.40021064	0.00021064
146	81245	108.60021064	0.00021064
146	81424	108.80021064	0.00021064
146	81618	109.00021064	0.00021064
146	81812	109.20021064	0.00021064
146	81991	109.40021064	0.00021064
146	82185	109.60021064	0.00021064
146	82379	109.80021064	0.00021064
146	82558	110.00021064	0.00021064
146	82752	110.20021064	0.00021064
146	82946	110.40021064	0.00021064
146	83125	110.60021064	0.00021064
146	83319	110.80021064	0.00021064
146	83513	111.00021064	0.00021064
146	83692	111.20021064	0.00021064
146	83886	111.40021064	0.00021064
146	84080	111.60021064	0.00021064
146	84259	111.80021064	0.00021064
146	84453	112.00021064	0.00021064
146	84647	112.20021064	0.00021064
146	84826	112.40021064	0.00021064
146	85020	112.60021064	0.00021064
146	85214	112.80021064	0.00021064
146	85393	113.00021064	0.00021064
146	85587	113.20021064	0.00021064
146	85781	113.40021064	0.00021064
146	85960	113.60021064	0.00021064
146	86154	113.80021064	0.00021064
146	86348	114.00021064	0.00021064
146	86527	114.20021064	0.00021064
146	86721	114.40021064	0.00021064
146	86915	114.60021064	0.00021064
146	87094	114.80021064	0.00021064
146	87288	115.00021064	0.00021064
146	87482	115.20021064	0.00021064
146	87661	115.40021064	0.00021064
146	87855	115.60021064	0.00021064
146	88049	115.80021064	0.00021064
146	88228	116.00021064	0.00021064
146	88422	116.20021064	0.00021064
146	88616	116.40021064	0.00021064
146	88795	116.60021064	0.00021064
146	88989	116.80021064	0.00021064
146	89183	117.00021064	0.00021064
146	89362	117.20021064	0.00021064
146	89556	117.40021064	0.00021064
146	89750	117.60021064	0.00021064
146	89929	117.80021064	0.00021064
146	90123	118.00021064	0.00021064
146	90317	118.20021064	0.00021064
146	90496	118.40021064	0.00021064
146	90690	118.60021064	0.00021064
146	90884	118.80021064	0.00021064
146	91063	119.00021064	0.00021064
146	91257	119.20021064	0.00021064
146	91451	119.40021064	0.00021064
146	91630	119.60021064	0.00021064
146	91824	119.80021064	0.00021064
146	92102	120.00021064	0.00021064
146	92504	120.20021064	0.00021064
146	93339	120.400297119998	0.000297119998
146	93537	120.60021064	0.00021064
146	93716	120.80021064	0.00021064
146	93942	121.00021064	0.00021064
146	94136	121.20021064	0.00021064
146	94315	121.40021064	0.00021064
146	94509	121.60021064	0.00021064
146	94703	121.80021064	0.00021064
146	94882	122.00021064	0.00021064
146	95076	122.20021064	0.00021064
146	95270	122.40021064	0.00021064
146	95449	122.60021064	0.00021064
146	95643	122.80021064	0.00021064
146	95837	123.00021064	0.00021064
146	96016	123.20021064	0.00021064
146	96210	123.40021064	0.00021064
146	96404	123.60021064	0.00021064
146	96583	123.80021064	0.00021064
146	96777	124.00021064	0.00021064
146	96971	124.20021064	0.00021064
146	97150	124.40021064	0.00021064
146	97344	124.60021064	0.00021064
146	97538	124.80021064	0.00021064
146	98147	125.000609759992	0.000609759992
146	98345	125.20021064	0.00021064
146	98539	125.40021064	0.00021064
146	98718	125.60021064	0.00021064
146	98912	125.80021064	0.00021064
146	99106	126.00021064	0.00021064
146	99285	126.20021064	0.00021064
146	99479	126.40021064	0.00021064
146	99673	126.60021064	0.00021064
146	99852	126.80021064	0.00021064
146	100046	127.00021064	0.00021064
146	100240	127.20021064	0.00021064
146	100419	127.40021064	0.00021064
146	100613	127.60021064	0.00021064
146	100807	127.80021064	0.00021064
146	100986	128.00021064	0.00021064
146	101180	128.20021064	0.00021064
146	101374	128.40021064	0.00021064
146	101553	128.60021064	0.00021064
146	101747	128.80021064	0.00021064
146	101941	129.00021064	0.00021064
146	102120	129.20021064	0.00021064
146	102314	129.40021064	0.00021064
146	102508	129.60021064	0.00021064
146	102687	129.80021064	0.00021064
146	102881	130.00021064	0.00021064
146	103075	130.20021064	0.00021064
146	103254	130.40021064	0.00021064
146	103448	130.60021064	0.00021064
146	103642	130.80021064	0.00021064
146	103821	131.00021064	0.00021064
146	104015	131.20021064	0.00021064
146	104209	131.40021064	0.00021064
146	104388	131.60021064	0.00021064
146	104582	131.80021064	0.00021064
146	104776	132.00021064	0.00021064
146	104955	132.20021064	0.00021064
146	105149	132.40021064	0.00021064
146	105343	132.60021064	0.00021064
146	105522	132.80021064	0.00021064
146	105716	133.00021064	0.00021064
146	105910	133.20021064	0.00021064
146	106089	133.40021064	0.00021064
146	106283	133.60021064	0.00021064
146	106477	133.80021064	0.00021064
146	106656	134.00021064	0.00021064
146	106850	134.20021064	0.00021064
146	107044	134.40021064	0.00021064
146	107223	134.60021064	0.00021064
146	107417	134.80021064	0.00021064
146	107673	135.00021064	0.00021064
146	107852	135.20021064	0.00021064
146	108046	135.40021064	0.00021064
146	108240	135.60021064	0.00021064
146	108419	135.80021064	0.00021064
146	108645	136.00021064	0.00021064
146	108839	136.20021064	0.00021064
146	109018	136.40021064	0.00021064
146	109212	136.60021064	0.00021064
146	109406	136.80021064	0.00021064
146	109585	137.00021064	0.00021064
146	109779	137.20021064	0.00021064
146	109973	137.40021064	0.00021064
146	110152	137.60021064	0.00021064
146	110346	137.80021064	0.00021064
146	110540	138.00021064	0.00021064
146	110719	138.20021064	0.00021064
146	110913	138.40021064	0.00021064
146	111107	138.60021064	0.00021064
146	111286	138.80021064	0.00021064
146	111480	139.00021064	0.00021064
146	111674	139.20021064	0.00021064
146	111853	139.40021064	0.00021064
146	112047	139.60021064	0.00021064
146	112241	139.80021064	0.00021064
146	112420	140.00021064	0.00021064
146	112614	140.20021064	0.00021064
146	112808	140.40021064	0.00021064
146	112987	140.60021064	0.00021064
146	113181	140.80021064	0.00021064
146	113375	141.00021064	0.00021064
146	113554	141.20021064	0.00021064
146	113748	141.40021064	0.00021064
146	113942	141.60021064	0.00021064
146	114121	141.80021064	0.00021064
146	114315	142.00021064	0.00021064
146	114509	142.20021064	0.00021064
146	114688	142.40021064	0.00021064
146	114882	142.60021064	0.00021064
146	115076	142.80021064	0.00021064
146	115255	143.00021064	0.00021064
146	115449	143.20021064	0.00021064
146	115643	143.40021064	0.00021064
146	115822	143.60021064	0.00021064
146	116016	143.80021064	0.00021064
146	116210	144.00021064	0.00021064
146	116389	144.20021064	0.00021064
146	116583	144.40021064	0.00021064
146	116777	144.60021064	0.00021064
146	116956	144.80021064	0.00021064
146	117150	145.00021064	0.00021064
146	117344	145.20021064	0.00021064
146	117523	145.40021064	0.00021064
146	117717	145.60021064	0.00021064
146	117911	145.80021064	0.00021064
146	118090	146.00021064	0.00021064
146	118284	146.20021064	0.00021064
146	118478	146.40021064	0.00021064
146	118657	146.60021064	0.00021064
146	118851	146.80021064	0.00021064
146	119045	147.00021064	0.00021064
146	119224	147.20021064	0.00021064
146	119418	147.40021064	0.00021064
146	119612	147.60021064	0.00021064
146	119791	147.80021064	0.00021064
146	119985	148.00021064	0.00021064
146	120179	148.20021064	0.00021064
146	120358	148.40021064	0.00021064
146	120552	148.60021064	0.00021064
146	120746	148.80021064	0.00021064
146	120925	149.00021064	0.00021064
146	121119	149.20021064	0.00021064
146	121313	149.40021064	0.00021064
146	121492	149.60021064	0.00021064
146	121686	149.80021064	0.00021064
146	121942	150.00021064	0.00021064
146	122121	150.20021064	0.00021064
146	122315	150.40021064	0.00021064
146	122509	150.60021064	0.00021064
146	122688	150.80021064	0.00021064
146	122882	151.00021064	0.00021064
146	123108	151.20021064	0.00021064
146	123383	151.40021064	0.00021064
146	123577	151.60021064	0.00021064
146	123771	151.80021064	0.00021064
146	123950	152.00021064	0.00021064
146	124144	152.20021064	0.00021064
146	124338	152.40021064	0.00021064
146	124517	152.60021064	0.00021064
146	124711	152.80021064	0.00021064
146	124905	153.00021064	0.00021064
146	125084	153.20021064	0.00021064
146	125278	153.40021064	0.00021064
146	125472	153.60021064	0.00021064
146	125651	153.80021064	0.00021064
146	125845	154.00021064	0.00021064
146	126039	154.20021064	0.00021064
146	126218	154.40021064	0.00021064
146	126412	154.60021064	0.00021064
146	126606	154.80021064	0.00021064
146	126785	155.00021064	0.00021064
146	126979	155.20021064	0.00021064
146	127173	155.40021064	0.00021064
146	127352	155.60021064	0.00021064
146	127546	155.80021064	0.00021064
146	127740	156.00021064	0.00021064
146	128317	156.200609759992	0.000609759992
146	128515	156.40021064	0.00021064
146	128709	156.60021064	0.00021064
146	128888	156.80021064	0.00021064
146	129082	157.00021064	0.00021064
146	129276	157.20021064	0.00021064
146	129455	157.40021064	0.00021064
146	129649	157.60021064	0.00021064
146	129843	157.80021064	0.00021064
146	130022	158.00021064	0.00021064
146	130216	158.20021064	0.00021064
146	130410	158.40021064	0.00021064
146	130589	158.60021064	0.00021064
146	130783	158.80021064	0.00021064
146	130977	159.00021064	0.00021064
146	131156	159.20021064	0.00021064
146	131350	159.40021064	0.00021064
146	131544	159.60021064	0.00021064
146	131723	159.80021064	0.00021064
146	131917	160.00021064	0.00021064
146	132111	160.20021064	0.00021064
146	132290	160.40021064	0.00021064
146	132484	160.60021064	0.00021064
146	132678	160.80021064	0.00021064
146	132857	161.00021064	0.00021064
146	133051	161.20021064	0.00021064
146	133245	161.40021064	0.00021064
146	133424	161.60021064	0.00021064
146	133618	161.80021064	0.00021064
146	133812	162.00021064	0.00021064
146	133991	162.20021064	0.00021064
146	134185	162.40021064	0.00021064
146	134379	162.60021064	0.00021064
146	134558	162.80021064	0.00021064
146	134752	163.00021064	0.00021064
146	134946	163.20021064	0.00021064
146	135125	163.40021064	0.00021064
146	135319	163.60021064	0.00021064
146	135513	163.80021064	0.00021064
146	135692	164.00021064	0.00021064
146	135886	164.20021064	0.00021064
146	136080	164.40021064	0.00021064
146	136259	164.60021064	0.00021064
146	136453	164.80021064	0.00021064
146	136709	165.00021064	0.00021064
146	136888	165.20021064	0.00021064
146	137082	165.40021064	0.00021064
146	137276	165.60021064	0.00021064
146	137455	165.80021064	0.00021064
146	137649	166.00021064	0.00021064
146	137843	166.20021064	0.00021064
146	138022	166.40021064	0.00021064
146	138216	166.60021064	0.00021064
146	138410	166.80021064	0.00021064
146	138589	167.00021064	0.00021064
146	138783	167.20021064	0.00021064
146	138977	167.40021064	0.00021064
146	139156	167.60021064	0.00021064
146	139350	167.80021064	0.00021064
146	139544	168.00021064	0.00021064
146	139723	168.20021064	0.00021064
146	139917	168.40021064	0.00021064
146	140111	168.60021064	0.00021064
146	140290	168.80021064	0.00021064
146	140484	169.00021064	0.00021064
146	140678	169.20021064	0.00021064
146	140857	169.40021064	0.00021064
146	141051	169.60021064	0.00021064
146	141245	169.80021064	0.00021064
146	141424	170.00021064	0.00021064
146	141618	170.20021064	0.00021064
146	141812	170.40021064	0.00021064
146	141991	170.60021064	0.00021064
146	142185	170.80021064	0.00021064
146	142379	171.00021064	0.00021064
146	142558	171.20021064	0.00021064
146	142752	171.40021064	0.00021064
146	142946	171.60021064	0.00021064
146	143125	171.80021064	0.00021064
146	143319	172.00021064	0.00021064
146	143513	172.20021064	0.00021064
146	143692	172.40021064	0.00021064
146	143886	172.60021064	0.00021064
146	144080	172.80021064	0.00021064
146	144259	173.00021064	0.00021064
146	144453	173.20021064	0.00021064
146	144647	173.40021064	0.00021064
146	144826	173.60021064	0.00021064
146	145020	173.80021064	0.00021064
146	145214	174.00021064	0.00021064
146	145393	174.20021064	0.00021064
146	145587	174.40021064	0.00021064
146	145781	174.60021064	0.00021064
146	145960	174.80021064	0.00021064
146	146154	175.00021064	0.00021064
146	146348	175.20021064	0.00021064
146	146527	175.40021064	0.00021064
146	146721	175.60021064	0.00021064
146	146915	175.80021064	0.00021064
146	147094	176.00021064	0.00021064
146	147288	176.20021064	0.00021064
146	147482	176.40021064	0.00021064
146	147661	176.60021064	0.00021064
146	147855	176.80021064	0.00021064
146	148049	177.00021064	0.00021064
146	148228	177.20021064	0.00021064
146	148422	177.40021064	0.00021064
146	148616	177.60021064	0.00021064
146	148795	177.80021064	0.00021064
146	148989	178.00021064	0.00021064
146	149183	178.20021064	0.00021064
146	149362	178.40021064	0.00021064
146	149556	178.60021064	0.00021064
146	149750	178.80021064	0.00021064
146	149929	179.00021064	0.00021064
146	150123	179.20021064	0.00021064
146	150317	179.40021064	0.00021064
146	150496	179.60021064	0.00021064
146	150690	179.80021064	0.00021064
146	150946	180.00021064	0.00021064
146	151125	180.20021064	0.00021064
146	151319	180.40021064	0.00021064
146	151513	180.60021064	0.00021064
146	151692	180.80021064	0.00021064
146	151886	181.00021064	0.00021064
146	152080	181.20021064	0.00021064
146	152259	181.40021064	0.00021064
146	152453	181.60021064	0.00021064
146	152647	181.80021064	0.00021064
146	152826	182.00021064	0.00021064
146	153020	182.20021064	0.00021064
146	153214	182.40021064	0.00021064
146	153393	182.60021064	0.00021064
146	153587	182.80021064	0.00021064
146	153781	183.00021064	0.00021064
146	153960	183.20021064	0.00021064
146	154154	183.40021064	0.00021064
146	154348	183.60021064	0.00021064
146	154527	183.80021064	0.00021064
146	154721	184.00021064	0.00021064
146	154915	184.20021064	0.00021064
146	155094	184.40021064	0.00021064
146	155288	184.60021064	0.00021064
146	155482	184.80021064	0.00021064
146	155661	185.00021064	0.00021064
146	155855	185.20021064	0.00021064
146	156049	185.40021064	0.00021064
146	156228	185.60021064	0.00021064
146	156422	185.80021064	0.00021064
146	156616	186.00021064	0.00021064
146	156795	186.20021064	0.00021064
146	156989	186.40021064	0.00021064
146	157183	186.60021064	0.00021064
146	157362	186.80021064	0.00021064
146	157556	187.00021064	0.00021064
146	157750	187.20021064	0.00021064
146	158327	187.400609759992	0.000609759992
146	158525	187.60021064	0.00021064
146	158719	187.80021064	0.00021064
146	158898	188.00021064	0.00021064
146	159092	188.20021064	0.00021064
146	159286	188.40021064	0.00021064
146	159465	188.60021064	0.00021064
146	159659	188.80021064	0.00021064
146	159853	189.00021064	0.00021064
146	160032	189.20021064	0.00021064
146	160226	189.40021064	0.00021064
146	160420	189.60021064	0.00021064
146	160599	189.80021064	0.00021064
146	160793	190.00021064	0.00021064
146	160987	190.20021064	0.00021064
146	161166	190.40021064	0.00021064
146	161360	190.60021064	0.00021064
146	161554	190.80021064	0.00021064
146	161733	191.00021064	0.00021064
146	161927	191.20021064	0.00021064
146	162121	191.40021064	0.00021064
146	162300	191.60021064	0.00021064
146	162494	191.80021064	0.00021064
146	162688	192.00021064	0.00021064
146	162867	192.20021064	0.00021064
146	163061	192.40021064	0.00021064
146	163255	192.60021064	0.00021064
146	163434	192.80021064	0.00021064
146	163628	193.00021064	0.00021064
146	163822	193.20021064	0.00021064
146	164001	193.40021064	0.00021064
146	164195	193.60021064	0.00021064
146	164389	193.80021064	0.00021064
146	164568	194.00021064	0.00021064
146	164762	194.20021064	0.00021064
146	164956	194.40021064	0.00021064
146	165135	194.60021064	0.00021064
146	165329	194.80021064	0.00021064
146	165585	195.00021064	0.00021064
146	165764	195.20021064	0.00021064
146	165958	195.40021064	0.00021064
146	166152	195.60021064	0.00021064
146	166331	195.80021064	0.00021064
146	166525	196.00021064	0.00021064
146	166719	196.20021064	0.00021064
146	166898	196.40021064	0.00021064
146	167092	196.60021064	0.00021064
146	167286	196.80021064	0.00021064
146	167465	197.00021064	0.00021064
146	167659	197.20021064	0.00021064
146	167853	197.40021064	0.00021064
146	168032	197.60021064	0.00021064
146	168226	197.80021064	0.00021064
146	168420	198.00021064	0.00021064
146	168599	198.20021064	0.00021064
146	168793	198.40021064	0.00021064
146	168987	198.60021064	0.00021064
146	169166	198.80021064	0.00021064
146	169360	199.00021064	0.00021064
146	169554	199.20021064	0.00021064
146	169733	199.40021064	0.00021064
146	169927	199.60021064	0.00021064
146	170121	199.80021064	0.00021064
146	170300	200.00021064	0.00021064
146	170494	200.20021064	0.00021064
146	170688	200.40021064	0.00021064
146	170867	200.60021064	0.00021064
146	171061	200.80021064	0.00021064
146	171255	201.00021064	0.00021064
146	171434	201.20021064	0.00021064
146	171628	201.40021064	0.00021064
146	171822	201.60021064	0.00021064
146	172001	201.80021064	0.00021064
146	172195	202.00021064	0.00021064
146	172389	202.20021064	0.00021064
146	172568	202.40021064	0.00021064
146	172762	202.60021064	0.00021064
146	172956	202.80021064	0.00021064
146	173135	203.00021064	0.00021064
146	173329	203.20021064	0.00021064
146	173523	203.40021064	0.00021064
146	173702	203.60021064	0.00021064
146	173896	203.80021064	0.00021064
146	174090	204.00021064	0.00021064
146	174269	204.20021064	0.00021064
146	174463	204.40021064	0.00021064
146	174657	204.60021064	0.00021064
146	174836	204.80021064	0.00021064
146	175030	205.00021064	0.00021064
146	175224	205.20021064	0.00021064
146	175403	205.40021064	0.00021064
146	175597	205.60021064	0.00021064
146	175791	205.80021064	0.00021064
146	175970	206.00021064	0.00021064
146	176164	206.20021064	0.00021064
146	176358	206.40021064	0.00021064
146	176537	206.60021064	0.00021064
146	176731	206.80021064	0.00021064
146	176925	207.00021064	0.00021064
146	177104	207.20021064	0.00021064
146	177298	207.40021064	0.00021064
146	177492	207.60021064	0.00021064
146	177671	207.80021064	0.00021064
146	177865	208.00021064	0.00021064
146	178059	208.20021064	0.00021064
146	178238	208.40021064	0.00021064
146	178432	208.60021064	0.00021064
146	178626	208.80021064	0.00021064
146	178805	209.00021064	0.00021064
146	178999	209.20021064	0.00021064
146	179193	209.40021064	0.00021064
146	179372	209.60021064	0.00021064
146	179566	209.80021064	0.00021064
146	179822	210.00021064	0.00021064
146	180001	210.20021064	0.00021064
146	180195	210.40021064	0.00021064
146	180389	210.60021064	0.00021064
146	180568	210.80021064	0.00021064
146	180762	211.00021064	0.00021064
146	180956	211.20021064	0.00021064
146	181135	211.40021064	0.00021064
146	181329	211.60021064	0.00021064
146	181523	211.80021064	0.00021064
146	181702	212.00021064	0.00021064
146	181896	212.20021064	0.00021064
146	182090	212.40021064	0.00021064
146	182269	212.60021064	0.00021064
146	182463	212.80021064	0.00021064
146	182657	213.00021064	0.00021064
146	182836	213.20021064	0.00021064
146	183030	213.40021064	0.00021064
146	183224	213.60021064	0.00021064
146	183403	213.80021064	0.00021064
146	183597	214.00021064	0.00021064
146	183791	214.20021064	0.00021064
146	183970	214.40021064	0.00021064
146	184164	214.60021064	0.00021064
146	184358	214.80021064	0.00021064
146	184537	215.00021064	0.00021064
146	184731	215.20021064	0.00021064
146	184925	215.40021064	0.00021064
146	185104	215.60021064	0.00021064
146	185298	215.80021064	0.00021064
146	185492	216.00021064	0.00021064
146	185671	216.20021064	0.00021064
146	185865	216.40021064	0.00021064
146	186059	216.60021064	0.00021064
146	186238	216.80021064	0.00021064
146	186432	217.00021064	0.00021064
146	186626	217.20021064	0.00021064
146	186805	217.40021064	0.00021064
146	186999	217.60021064	0.00021064
146	187193	217.80021064	0.00021064
146	187372	218.00021064	0.00021064
146	187566	218.20021064	0.00021064
146	187760	218.40021064	0.00021064
146	188337	218.600609759992	0.000609759992
146	188535	218.80021064	0.00021064
146	188729	219.00021064	0.00021064
146	188908	219.20021064	0.00021064
146	189102	219.40021064	0.00021064
146	189296	219.60021064	0.00021064
146	189475	219.80021064	0.00021064
146	189669	220.00021064	0.00021064
146	189863	220.20021064	0.00021064
146	190042	220.40021064	0.00021064
146	190236	220.60021064	0.00021064
146	190430	220.80021064	0.00021064
146	190609	221.00021064	0.00021064
146	190803	221.20021064	0.00021064
146	190997	221.40021064	0.00021064
146	191176	221.60021064	0.00021064
146	191370	221.80021064	0.00021064
146	191564	222.00021064	0.00021064
146	191743	222.20021064	0.00021064
146	191937	222.40021064	0.00021064
146	192131	222.60021064	0.00021064
146	192310	222.80021064	0.00021064
146	192504	223.00021064	0.00021064
146	192698	223.20021064	0.00021064
146	192877	223.40021064	0.00021064
146	193071	223.60021064	0.00021064
146	193265	223.80021064	0.00021064
146	193444	224.00021064	0.00021064
146	193638	224.20021064	0.00021064
146	193832	224.40021064	0.00021064
146	194011	224.60021064	0.00021064
146	194205	224.80021064	0.00021064
146	194461	225.00021064	0.00021064
146	194640	225.20021064	0.00021064
146	194834	225.40021064	0.00021064
146	195028	225.60021064	0.00021064
146	195207	225.80021064	0.00021064
146	195401	226.00021064	0.00021064
146	195595	226.20021064	0.00021064
146	195774	226.40021064	0.00021064
146	195968	226.60021064	0.00021064
146	196162	226.80021064	0.00021064
146	196341	227.00021064	0.00021064
146	196535	227.20021064	0.00021064
146	196729	227.40021064	0.00021064
146	196908	227.60021064	0.00021064
146	197102	227.80021064	0.00021064
146	197296	228.00021064	0.00021064
146	197475	228.20021064	0.00021064
146	197669	228.40021064	0.00021064
146	197863	228.60021064	0.00021064
146	198042	228.80021064	0.00021064
146	198236	229.00021064	0.00021064
146	198430	229.20021064	0.00021064
146	198609	229.40021064	0.00021064
146	198803	229.60021064	0.00021064
146	198997	229.80021064	0.00021064
146	199176	230.00021064	0.00021064
146	199370	230.20021064	0.00021064
146	199564	230.40021064	0.00021064
146	199743	230.60021064	0.00021064
146	199937	230.80021064	0.00021064
146	200131	231.00021064	0.00021064
146	200310	231.20021064	0.00021064
146	200504	231.40021064	0.00021064
146	200698	231.60021064	0.00021064
146	200877	231.80021064	0.00021064
146	201071	232.00021064	0.00021064
146	201265	232.20021064	0.00021064
146	201444	232.40021064	0.00021064
146	201638	232.60021064	0.00021064
146	201832	232.80021064	0.00021064
146	202011	233.00021064	0.00021064
146	202205	233.20021064	0.00021064
146	202399	233.40021064	0.00021064
146	202578	233.60021064	0.00021064
146	202772	233.80021064	0.00021064
146	202966	234.00021064	0.00021064
146	203145	234.20021064	0.00021064
146	203339	234.40021064	0.00021064
146	203533	234.60021064	0.00021064
146	203712	234.80021064	0.00021064
146	203906	235.00021064	0.00021064
146	204100	235.20021064	0.00021064
146	204279	235.40021064	0.00021064
146	204473	235.60021064	0.00021064
146	204667	235.80021064	0.00021064
146	204846	236.00021064	0.00021064
146	205040	236.20021064	0.00021064
146	205234	236.40021064	0.00021064
146	205413	236.60021064	0.00021064
146	205607	236.80021064	0.00021064
146	205801	237.00021064	0.00021064
146	205980	237.20021064	0.00021064
146	206174	237.40021064	0.00021064
146	206368	237.60021064	0.00021064
146	206547	237.80021064	0.00021064
146	206741	238.00021064	0.00021064
146	206935	238.20021064	0.00021064
146	207114	238.40021064	0.00021064
146	207308	238.60021064	0.00021064
146	207502	238.80021064	0.00021064
146	207681	239.00021064	0.00021064
146	207875	239.20021064	0.00021064
146	208069	239.40021064	0.00021064
146	208248	239.60021064	0.00021064
146	208442	239.80021064	0.00021064
146	208698	240.00021064	0.00021064
146	208877	240.20021064	0.00021064
146	209553	240.40021064	0.00021064
146	210151	240.600297119998	0.000297119998
146	210334	240.80021064	0.00021064
146	210528	241.00021064	0.00021064
146	210722	241.20021064	0.00021064
146	210901	241.40021064	0.00021064
146	211095	241.60021064	0.00021064
146	211289	241.80021064	0.00021064
146	211468	242.00021064	0.00021064
146	211662	242.20021064	0.00021064
146	211856	242.40021064	0.00021064
146	212035	242.60021064	0.00021064
146	212229	242.80021064	0.00021064
146	212423	243.00021064	0.00021064
146	212602	243.20021064	0.00021064
146	212796	243.40021064	0.00021064
146	212990	243.60021064	0.00021064
146	213169	243.80021064	0.00021064
146	213363	244.00021064	0.00021064
146	213557	244.20021064	0.00021064
146	213736	244.40021064	0.00021064
146	213930	244.60021064	0.00021064
146	214124	244.80021064	0.00021064
146	214303	245.00021064	0.00021064
146	214497	245.20021064	0.00021064
146	214691	245.40021064	0.00021064
146	214870	245.60021064	0.00021064
146	215064	245.80021064	0.00021064
146	215258	246.00021064	0.00021064
146	215437	246.20021064	0.00021064
146	215631	246.40021064	0.00021064
146	215825	246.60021064	0.00021064
146	216004	246.80021064	0.00021064
146	216198	247.00021064	0.00021064
146	216392	247.20021064	0.00021064
146	216571	247.40021064	0.00021064
146	216765	247.60021064	0.00021064
146	216959	247.80021064	0.00021064
146	217138	248.00021064	0.00021064
146	217332	248.20021064	0.00021064
146	217526	248.40021064	0.00021064
146	217705	248.60021064	0.00021064
146	217899	248.80021064	0.00021064
146	218093	249.00021064	0.00021064
146	218272	249.20021064	0.00021064
146	218466	249.40021064	0.00021064
146	218660	249.60021064	0.00021064
146	219237	249.800609759992	0.000609759992
146	219435	250.00021064	0.00021064
146	219629	250.20021064	0.00021064
146	219808	250.40021064	0.00021064
146	220002	250.60021064	0.00021064
146	220196	250.80021064	0.00021064
146	220375	251.00021064	0.00021064
146	220569	251.20021064	0.00021064
146	220763	251.40021064	0.00021064
146	220942	251.60021064	0.00021064
146	221136	251.80021064	0.00021064
153	118075	146.00021064	1296
153	118269	146.20021064	1296
153	118463	146.40021064	1296
153	118642	146.60021064	1296
153	118836	146.80021064	1296
154	118075	146.00021064	1296
154	118269	146.20021064	1296
154	118463	146.40021064	1296
154	118642	146.60021064	1296
154	118836	146.80021064	1296
162	118078	146.00021064	1278
162	118272	146.20021064	1278
162	118466	146.40021064	1278
162	118645	146.60021064	1278
162	118839	146.80021064	1278
164	118097	146.00021064	1250
164	118291	146.20021064	1250
164	118485	146.40021064	1250
164	118664	146.60021064	1250
164	118858	146.80021064	1250
165	19577	29.20021064	146
165	118097	146.00021064	730
165	118291	146.20021064	731
165	118485	146.40021064	732
165	118664	146.60021064	733
165	118858	146.80021064	734
166	118097	146.00021064	5
167	118097	146.00021064	0.00021064
167	118291	146.20021064	0.00021064
167	118485	146.40021064	0.00021064
167	118664	146.60021064	0.00021064
167	118858	146.80021064	0.00021064
170	118091	146.00021064	1258
170	118285	146.20021064	1258
170	118479	146.40021064	1258
170	118658	146.60021064	1258
170	118852	146.80021064	1258
171	19571	29.20021064	146
171	118091	146.00021064	730
171	118285	146.20021064	731
171	118479	146.40021064	732
171	118658	146.60021064	733
171	118852	146.80021064	734
174	118091	146.00021064	0.00021064
174	118285	146.20021064	0.00021064
174	118479	146.40021064	0.00021064
174	118658	146.60021064	0.00021064
174	118852	146.80021064	0.00021064
181	118076	146.00021064	1296
181	118270	146.20021064	1296
181	118464	146.40021064	1296
181	118643	146.60021064	1296
181	118837	146.80021064	1296
182	118076	146.00021064	1296
182	118270	146.20021064	1296
182	118464	146.40021064	1296
182	118643	146.60021064	1296
182	118837	146.80021064	1296
190	118079	146.00021064	1278
190	118273	146.20021064	1278
190	118467	146.40021064	1278
190	118646	146.60021064	1278
190	118840	146.80021064	1278
193	118056	146.00010532	1296
193	118152	146.10010532	1296
193	118250	146.20010532	1296
193	118334	146.30010532	1296
193	118438	146.40010532	1296
193	118528	146.50010532	1296
193	118623	146.60010532	1296
193	118719	146.70010532	1296
193	118817	146.80010532	1296
193	118901	146.90010532	1296
194	118056	146.00010532	1296
194	118152	146.10010532	1296
194	118250	146.20010532	1296
194	118334	146.30010532	1296
194	118438	146.40010532	1296
194	118528	146.50010532	1296
194	118623	146.60010532	1296
194	118719	146.70010532	1296
194	118817	146.80010532	1296
194	118901	146.90010532	1296
204	118054	146.00010532	1296
204	118248	146.20010532	1296
204	118436	146.40010532	1296
204	118621	146.60010532	1296
204	118815	146.80010532	1296
205	118054	146.00010532	1296
205	118248	146.20010532	1296
205	118436	146.40010532	1296
205	118621	146.60010532	1296
205	118815	146.80010532	1296
215	118044	146.00000675975	64
215	118110	146.04000675975	64
215	118125	146.08000675975	64
215	118151	146.10010532	1296
215	118181	146.12000675975	64
215	118196	146.16000675975	64
215	118238	146.20000675975	64
215	118304	146.240006759749	64
215	118319	146.280006759749	64
215	118360	146.320006759749	64
215	118375	146.360006759749	64
215	118425	146.400006759749	64
215	118453	146.400112039748	1296
215	118498	146.440006759749	64
215	118513	146.480006759749	64
215	118554	146.520006759749	64
215	118569	146.560006759749	64
215	118611	146.600006759749	64
215	118677	146.640006759749	64
215	118692	146.680006759749	64
215	118718	146.70010532	1296
215	118748	146.720006759749	64
215	118763	146.760006759749	64
215	118805	146.800006759749	64
215	118871	146.840006759748	64
215	118886	146.880006759748	64
215	118927	146.920006759748	64
215	118942	146.960006759748	64
216	118044	146.00000675975	64
216	118110	146.04000675975	64
216	118125	146.08000675975	64
216	118151	146.10010532	1296
216	118181	146.12000675975	64
216	118196	146.16000675975	64
216	118238	146.20000675975	64
216	118304	146.240006759749	64
216	118319	146.280006759749	64
216	118360	146.320006759749	64
216	118375	146.360006759749	64
216	118425	146.400006759749	64
216	118453	146.400112039748	1296
216	118498	146.440006759749	64
216	118513	146.480006759749	64
216	118554	146.520006759749	64
216	118569	146.560006759749	64
216	118611	146.600006759749	64
216	118677	146.640006759749	64
216	118692	146.680006759749	64
216	118718	146.70010532	1296
216	118748	146.720006759749	64
216	118763	146.760006759749	64
216	118805	146.800006759749	64
216	118871	146.840006759748	64
216	118886	146.880006759748	64
216	118927	146.920006759748	64
216	118942	146.960006759748	64
226	118055	146.00010532	1296
226	118249	146.20010532	1296
226	118437	146.40010532	1296
226	118622	146.60010532	1296
226	118816	146.80010532	1296
227	118055	146.00010532	1296
227	118249	146.20010532	1296
227	118437	146.40010532	1296
227	118622	146.60010532	1296
227	118816	146.80010532	1296
236	118071	146.00020964	1296
236	118160	146.10020964	1296
236	118265	146.20020964	1296
236	118339	146.30020964	1296
236	118459	146.40020964	1296
236	118533	146.50020964	1296
236	118638	146.60020964	1296
236	118727	146.70020964	1296
236	118832	146.80020964	1296
236	118906	146.90020964	1296
241	118065	146.00010532	1296
241	118157	146.10010532	1296
241	118259	146.20010532	1296
241	118337	146.30010532	1296
241	118447	146.40010532	1296
241	118531	146.50010532	1296
241	118632	146.60010532	1296
241	118724	146.70010532	1296
241	118826	146.80010532	1296
241	118904	146.90010532	1296
247	118069	146.00020964	1296
247	118263	146.20020964	1296
247	118457	146.40020964	1296
247	118636	146.60020964	1296
247	118830	146.80020964	1296
252	118061	146.00010532	1296
252	118255	146.20010532	1296
252	118443	146.40010532	1296
252	118628	146.60010532	1296
252	118822	146.80010532	1296
258	118070	146.00020964	1296
258	118264	146.20020964	1296
258	118458	146.40020964	1296
258	118637	146.60020964	1296
258	118831	146.80020964	1296
263	118063	146.00010532	1296
263	118257	146.20010532	1296
263	118445	146.40010532	1296
263	118630	146.60010532	1296
263	118824	146.80010532	1296
269	118046	146.00000675975	28
