133	2406	1.00021064	8
133	3004	2.00021064	8
133	3618	3.00021064	8
133	4226	4.00021064	9
133	4824	5.00021064	8
133	5438	6.00021064	8
133	6046	7.00021064	9
133	6644	8.00021064	8
133	7258	9.00021064	8
133	7866	10.00021064	9
133	8464	11.00021064	8
133	9078	12.00021064	8
133	9686	13.00021064	9
133	10284	14.00021064	8
133	10960	15.00021064	8
133	11568	16.00021064	9
133	12166	17.00021064	8
133	12780	18.00021064	8
133	13388	19.00021064	9
133	13986	20.00021064	8
133	14600	21.00021064	8
133	15208	22.00021064	9
133	15806	23.00021064	8
133	16420	24.00021064	8
133	17028	25.00021064	9
133	17626	26.00021064	8
133	18240	27.00021064	8
133	18848	28.00021064	9
133	19446	29.00021064	8
133	20122	30.00021064	8
133	20730	31.00021064	9
133	22117	32.00021064	8
133	22731	33.00021064	8
133	23339	34.00021064	9
133	23937	35.00021064	8
133	24551	36.00021064	8
133	25159	37.00021064	9
133	25757	38.00021064	8
133	26371	39.00021064	8
133	26979	40.00021064	9
133	27577	41.00021064	8
133	28191	42.00021064	8
133	28799	43.00021064	9
133	29397	44.00021064	8
133	30073	45.00021064	8
133	30681	46.00021064	9
133	31279	47.00021064	8
133	31893	48.00021064	8
133	32501	49.00021064	9
133	33099	50.00021064	8
133	33713	51.00021064	8
133	34321	52.00021064	9
133	34919	53.00021064	8
133	35533	54.00021064	8
133	36141	55.00021064	9
133	36739	56.00021064	8
133	37353	57.00021064	8
133	37961	58.00021064	9
133	38559	59.00021064	8
133	39235	60.00021064	8
133	39843	61.00021064	9
133	40441	62.00021064	8
133	41684	63.00021064	8
133	42292	64.00021064	9
133	42890	65.00021064	8
133	43504	66.00021064	8
133	44112	67.00021064	9
133	44710	68.00021064	8
133	45324	69.00021064	8
133	45932	70.00021064	9
133	46530	71.00021064	8
133	47144	72.00021064	8
133	47752	73.00021064	9
133	48350	74.00021064	8
133	49026	75.00021064	8
133	49634	76.00021064	9
133	50232	77.00021064	8
133	50846	78.00021064	8
133	51454	79.00021064	9
133	52052	80.00021064	8
133	52666	81.00021064	8
133	53274	82.00021064	9
133	53872	83.00021064	8
133	54486	84.00021064	8
133	55094	85.00021064	9
133	55692	86.00021064	8
133	56306	87.00021064	8
133	56914	88.00021064	9
133	57512	89.00021064	8
133	58223	90.000043279999	8
133	59488	91.000013519997	34
133	60736	92.000013519994	33
133	61993	93.00001351999	33
133	63887	94.000013519987	34
133	65135	95.000013519985	33
133	66392	96.000013519981	33
133	67657	97.000013519978	34
133	68905	98.000013519975	33
133	70162	99.000013519971	33
133	71427	100.000013519968	34
133	72675	101.000013519966	33
133	73932	102.000013519962	33
133	75197	103.000013519959	34
133	76445	104.000013519956	33
133	77734	105.000013519953	33
133	78789	106.00021064	6
133	79729	107.00021064	5
133	80684	108.00021064	5
133	81624	109.00021064	5
133	82564	110.00021064	5
133	83519	111.00021064	5
133	84459	112.00021064	5
133	85399	113.00021064	5
133	86354	114.00021064	5
133	87294	115.00021064	5
133	88234	116.00021064	5
133	89189	117.00021064	5
133	90129	118.00021064	5
133	91069	119.00021064	5
133	92108	120.00021064	5
133	93948	121.00021064	5
133	94888	122.00021064	5
133	95843	123.00021064	5
133	96783	124.00021064	5
133	98149	125.000609759992	5
133	99112	126.00021064	5
133	100052	127.00021064	5
133	100992	128.00021064	5
133	101947	129.00021064	5
133	102887	130.00021064	5
133	103827	131.00021064	5
133	104782	132.00021064	5
133	105722	133.00021064	5
133	106662	134.00021064	5
133	107679	135.00021064	5
133	108651	136.00021064	5
133	109591	137.00021064	5
133	110546	138.00021064	5
133	111486	139.00021064	5
133	112426	140.00021064	5
133	113381	141.00021064	5
133	114321	142.00021064	5
133	115261	143.00021064	5
133	116216	144.00021064	5
133	117156	145.00021064	5
133	118096	146.00021064	5
133	119051	147.00021064	5
133	119991	148.00021064	5
133	120931	149.00021064	5
133	121948	150.00021064	5
133	122888	151.00021064	5
133	123956	152.00021064	5
133	124911	153.00021064	5
133	125851	154.00021064	5
133	126791	155.00021064	5
133	127746	156.00021064	5
133	129088	157.00021064	5
133	130028	158.00021064	5
133	130983	159.00021064	5
133	131923	160.00021064	5
133	132863	161.00021064	5
133	133818	162.00021064	5
133	134758	163.00021064	5
133	135698	164.00021064	5
133	136715	165.00021064	5
133	137655	166.00021064	5
133	138595	167.00021064	5
133	139550	168.00021064	5
133	140490	169.00021064	5
133	141430	170.00021064	5
133	142385	171.00021064	5
133	143325	172.00021064	5
133	144265	173.00021064	5
133	145220	174.00021064	5
133	146160	175.00021064	5
133	147100	176.00021064	5
133	148055	177.00021064	5
133	148995	178.00021064	5
133	149935	179.00021064	5
133	150952	180.00021064	5
133	151892	181.00021064	5
133	152832	182.00021064	5
133	153787	183.00021064	5
133	154727	184.00021064	5
133	155667	185.00021064	5
133	156622	186.00021064	5
133	157562	187.00021064	5
133	158904	188.00021064	5
133	159859	189.00021064	5
133	160799	190.00021064	5
133	161739	191.00021064	5
133	162694	192.00021064	5
133	163634	193.00021064	5
133	164574	194.00021064	5
133	165591	195.00021064	5
133	166531	196.00021064	5
133	167471	197.00021064	5
133	168426	198.00021064	5
133	169366	199.00021064	5
133	170306	200.00021064	5
133	171261	201.00021064	5
133	172201	202.00021064	5
133	173141	203.00021064	5
133	174096	204.00021064	5
133	175036	205.00021064	5
133	175976	206.00021064	5
133	176931	207.00021064	5
133	177871	208.00021064	5
133	178811	209.00021064	5
133	179828	210.00021064	5
133	180768	211.00021064	5
133	181708	212.00021064	5
133	182663	213.00021064	5
133	183603	214.00021064	5
133	184543	215.00021064	5
133	185498	216.00021064	5
133	186438	217.00021064	5
133	187378	218.00021064	5
133	188735	219.00021064	5
133	189675	220.00021064	5
133	190615	221.00021064	5
133	191570	222.00021064	5
133	192510	223.00021064	5
133	193450	224.00021064	5
133	194467	225.00021064	5
133	195407	226.00021064	5
133	196347	227.00021064	5
133	197302	228.00021064	5
133	198242	229.00021064	5
133	199182	230.00021064	5
133	200137	231.00021064	5
133	201077	232.00021064	5
133	202017	233.00021064	5
133	202972	234.00021064	5
133	203912	235.00021064	5
133	204852	236.00021064	5
133	205807	237.00021064	5
133	206747	238.00021064	5
133	207687	239.00021064	5
133	208704	240.00021064	5
133	210534	241.00021064	5
133	211474	242.00021064	5
133	212429	243.00021064	5
133	213369	244.00021064	5
133	214309	245.00021064	5
133	215264	246.00021064	5
133	216204	247.00021064	5
133	217144	248.00021064	5
133	218099	249.00021064	5
