520	4601	3.000530879999	0.000530879999
520	4787	3.000600479997	0.000600479997
520	4926	3.000670079995	0.000670079995
520	5048	3.000739679993	0.000739679993
520	5895	6.000530879999	0.000530879999
520	6081	6.000600479997	0.000600479997
520	6220	6.000670079995	0.000670079995
520	6342	6.000739679993	0.000739679993
520	7189	9.000530879999	0.000530879999
520	7375	9.000600479997	0.000600479997
520	7514	9.000670079995	0.000670079995
520	7636	9.000739679993	0.000739679993
520	10955	12.000791839995	0.000791839995
520	11141	12.000861439993	0.000861439993
520	11280	12.000931039991	0.000931039991
520	11402	12.001000639989	0.001000639989
520	12249	15.000530879999	0.000530879999
520	12435	15.000600479997	0.000600479997
520	12574	15.000670079995	0.000670079995
520	12696	15.000739679993	0.000739679993
520	13543	18.000530879999	0.000530879999
520	13729	18.000600479997	0.000600479997
520	13868	18.000670079995	0.000670079995
520	13990	18.000739679993	0.000739679993
520	14837	21.000530879999	0.000530879999
520	15023	21.000600479997	0.000600479997
520	15162	21.000670079995	0.000670079995
520	15284	21.000739679993	0.000739679993
520	18603	24.000791839995	0.000791839995
520	18789	24.000861439993	0.000861439993
520	18928	24.000931039991	0.000931039991
520	19050	24.001000639989	0.001000639989
520	19897	27.000530879999	0.000530879999
520	20083	27.000600479997	0.000600479997
520	20222	27.000670079995	0.000670079995
520	20344	27.000739679993	0.000739679993
520	21191	30.000530879999	0.000530879999
520	21377	30.000600479997	0.000600479997
520	21516	30.000670079995	0.000670079995
520	21638	30.000739679993	0.000739679993
520	22485	33.000530879999	0.000530879999
520	22671	33.000600479997	0.000600479997
520	22810	33.000670079995	0.000670079995
520	22932	33.000739679993	0.000739679993
520	26251	36.000791839995	0.000791839995
520	26437	36.000861439993	0.000861439993
520	26576	36.000931039991	0.000931039991
520	26698	36.001000639989	0.001000639989
520	27545	39.000530879999	0.000530879999
520	27731	39.000600479997	0.000600479997
520	27870	39.000670079995	0.000670079995
520	27992	39.000739679993	0.000739679993
520	28839	42.000530879999	0.000530879999
520	29025	42.000600479997	0.000600479997
520	29164	42.000670079995	0.000670079995
520	29286	42.000739679993	0.000739679993
520	30133	45.000530879999	0.000530879999
520	30319	45.000600479997	0.000600479997
520	30458	45.000670079995	0.000670079995
520	30580	45.000739679993	0.000739679993
520	33899	48.000791839995	0.000791839995
520	34085	48.000861439993	0.000861439993
520	34224	48.000931039991	0.000931039991
520	34346	48.001000639989	0.001000639989
520	35193	51.000530879999	0.000530879999
520	35379	51.000600479997	0.000600479997
520	35518	51.000670079995	0.000670079995
520	35640	51.000739679993	0.000739679993
520	36487	54.000530879999	0.000530879999
520	36673	54.000600479997	0.000600479997
520	36812	54.000670079995	0.000670079995
520	36934	54.000739679993	0.000739679993
520	37781	57.000530879999	0.000530879999
520	37967	57.000600479997	0.000600479997
520	38106	57.000670079995	0.000670079995
520	38228	57.000739679993	0.000739679993
520	41547	60.000791839995	0.000791839995
520	41733	60.000861439993	0.000861439993
520	41872	60.000931039991	0.000931039991
520	41994	60.001000639989	0.001000639989
520	42841	63.000530879999	0.000530879999
520	43027	63.000600479997	0.000600479997
520	43166	63.000670079995	0.000670079995
520	43288	63.000739679993	0.000739679993
520	44135	66.000530879999	0.000530879999
520	44321	66.000600479997	0.000600479997
520	44460	66.000670079995	0.000670079995
520	44582	66.000739679993	0.000739679993
520	45429	69.000530879999	0.000530879999
520	45615	69.000600479997	0.000600479997
520	45754	69.000670079995	0.000670079995
520	45876	69.000739679993	0.000739679993
520	49195	72.000791839995	0.000791839995
520	49381	72.000861439993	0.000861439993
520	49520	72.000931039991	0.000931039991
520	49642	72.001000639989	0.001000639989
520	50489	75.000530879999	0.000530879999
520	50675	75.000600479997	0.000600479997
520	50814	75.000670079995	0.000670079995
520	50936	75.000739679993	0.000739679993
520	51783	78.000530879999	0.000530879999
520	51969	78.000600479997	0.000600479997
520	52108	78.000670079995	0.000670079995
520	52230	78.000739679993	0.000739679993
520	53077	81.000530879999	0.000530879999
520	53263	81.000600479997	0.000600479997
520	53402	81.000670079995	0.000670079995
520	53524	81.000739679993	0.000739679993
520	56843	84.000791839995	0.000791839995
520	57029	84.000861439993	0.000861439993
520	57168	84.000931039991	0.000931039991
520	57290	84.001000639989	0.001000639989
520	58137	87.000530879999	0.000530879999
520	58323	87.000600479997	0.000600479997
520	58462	87.000670079995	0.000670079995
520	58584	87.000739679993	0.000739679993
520	59920	90.000530879999	0.000530879999
520	60106	90.000600479997	0.000600479997
520	60245	90.000670079995	0.000670079995
520	60367	90.000739679993	0.000739679993
520	61215	93.000530879999	0.000530879999
520	61401	93.000600479997	0.000600479997
520	61540	93.000670079995	0.000670079995
520	61662	93.000739679993	0.000739679993
520	64981	96.000791839995	0.000791839995
520	65167	96.000861439993	0.000861439993
520	65306	96.000931039991	0.000931039991
520	65428	96.001000639989	0.001000639989
520	66275	99.000530879999	0.000530879999
520	66461	99.000600479997	0.000600479997
520	66600	99.000670079995	0.000670079995
520	66722	99.000739679993	0.000739679993
520	67569	102.000530879999	0.000530879999
520	67755	102.000600479997	0.000600479997
520	67894	102.000670079995	0.000670079995
520	68016	102.000739679993	0.000739679993
520	68863	105.000530879999	0.000530879999
520	69049	105.000600479997	0.000600479997
520	69188	105.000670079995	0.000670079995
520	69310	105.000739679993	0.000739679993
520	72629	108.000791839995	0.000791839995
520	72815	108.000861439993	0.000861439993
520	72954	108.000931039991	0.000931039991
520	73076	108.001000639989	0.001000639989
520	73923	111.000530879999	0.000530879999
520	74109	111.000600479997	0.000600479997
520	74248	111.000670079995	0.000670079995
520	74370	111.000739679993	0.000739679993
520	75217	114.000530879999	0.000530879999
520	75403	114.000600479997	0.000600479997
520	75542	114.000670079995	0.000670079995
520	75664	114.000739679993	0.000739679993
520	76511	117.000530879999	0.000530879999
520	76697	117.000600479997	0.000600479997
520	76836	117.000670079995	0.000670079995
520	76958	117.000739679993	0.000739679993
520	81050	120.001054319989	0.001054319989
520	81172	120.001123919987	0.001123919987
520	81294	120.001193519985	0.001193519985
520	81356	120.001213999984	0.001213999984
520	82203	123.000530879999	0.000530879999
520	82389	123.000600479997	0.000600479997
520	82528	123.000670079995	0.000670079995
520	82650	123.000739679993	0.000739679993
520	83497	126.000530879999	0.000530879999
520	83683	126.000600479997	0.000600479997
520	83822	126.000670079995	0.000670079995
520	83944	126.000739679993	0.000739679993
520	84791	129.000530879999	0.000530879999
520	84977	129.000600479997	0.000600479997
520	85116	129.000670079995	0.000670079995
520	85238	129.000739679993	0.000739679993
520	88531	132.000791839995	0.000791839995
520	88717	132.000861439993	0.000861439993
520	88856	132.000931039991	0.000931039991
520	88978	132.001000639989	0.001000639989
520	89825	135.000530879999	0.000530879999
520	90011	135.000600479997	0.000600479997
520	90150	135.000670079995	0.000670079995
520	90272	135.000739679993	0.000739679993
520	91119	138.000530879999	0.000530879999
520	91305	138.000600479997	0.000600479997
520	91444	138.000670079995	0.000670079995
520	91566	138.000739679993	0.000739679993
520	92413	141.000530879999	0.000530879999
520	92599	141.000600479997	0.000600479997
520	92738	141.000670079995	0.000670079995
520	92860	141.000739679993	0.000739679993
520	96179	144.000791839995	0.000791839995
520	96365	144.000861439993	0.000861439993
520	96504	144.000931039991	0.000931039991
520	96626	144.001000639989	0.001000639989
520	97473	147.000530879999	0.000530879999
520	97659	147.000600479997	0.000600479997
520	97798	147.000670079995	0.000670079995
520	97920	147.000739679993	0.000739679993
520	98767	150.000530879999	0.000530879999
520	98953	150.000600479997	0.000600479997
520	99092	150.000670079995	0.000670079995
520	99214	150.000739679993	0.000739679993
520	100061	153.000530879999	0.000530879999
520	100247	153.000600479997	0.000600479997
520	100386	153.000670079995	0.000670079995
520	100508	153.000739679993	0.000739679993
520	103827	156.000791839995	0.000791839995
520	104013	156.000861439993	0.000861439993
520	104152	156.000931039991	0.000931039991
520	104274	156.001000639989	0.001000639989
520	105121	159.000530879999	0.000530879999
520	105307	159.000600479997	0.000600479997
520	105446	159.000670079995	0.000670079995
520	105568	159.000739679993	0.000739679993
520	106415	162.000530879999	0.000530879999
520	106601	162.000600479997	0.000600479997
520	106740	162.000670079995	0.000670079995
520	106862	162.000739679993	0.000739679993
520	107709	165.000530879999	0.000530879999
520	107895	165.000600479997	0.000600479997
520	108034	165.000670079995	0.000670079995
520	108156	165.000739679993	0.000739679993
520	111475	168.000791839995	0.000791839995
520	111661	168.000861439993	0.000861439993
520	111800	168.000931039991	0.000931039991
520	111922	168.001000639989	0.001000639989
520	112769	171.000530879999	0.000530879999
520	112955	171.000600479997	0.000600479997
520	113094	171.000670079995	0.000670079995
520	113216	171.000739679993	0.000739679993
520	114063	174.000530879999	0.000530879999
520	114249	174.000600479997	0.000600479997
520	114388	174.000670079995	0.000670079995
520	114510	174.000739679993	0.000739679993
520	115357	177.000530879999	0.000530879999
520	115543	177.000600479997	0.000600479997
520	115682	177.000670079995	0.000670079995
520	115804	177.000739679993	0.000739679993
520	119123	180.000791839995	0.000791839995
520	119309	180.000861439993	0.000861439993
520	119448	180.000931039991	0.000931039991
520	119570	180.001000639989	0.001000639989
520	120417	183.000530879999	0.000530879999
520	120603	183.000600479997	0.000600479997
520	120742	183.000670079995	0.000670079995
520	120864	183.000739679993	0.000739679993
520	121711	186.000530879999	0.000530879999
520	121897	186.000600479997	0.000600479997
520	122036	186.000670079995	0.000670079995
520	122158	186.000739679993	0.000739679993
520	123005	189.000530879999	0.000530879999
520	123191	189.000600479997	0.000600479997
520	123330	189.000670079995	0.000670079995
520	123452	189.000739679993	0.000739679993
520	126771	192.000791839995	0.000791839995
520	126957	192.000861439993	0.000861439993
520	127096	192.000931039991	0.000931039991
520	127218	192.001000639989	0.001000639989
520	128065	195.000530879999	0.000530879999
520	128251	195.000600479997	0.000600479997
520	128390	195.000670079995	0.000670079995
520	128512	195.000739679993	0.000739679993
520	129359	198.000530879999	0.000530879999
520	129545	198.000600479997	0.000600479997
520	129684	198.000670079995	0.000670079995
520	129806	198.000739679993	0.000739679993
520	130653	201.000530879999	0.000530879999
520	130839	201.000600479997	0.000600479997
520	130978	201.000670079995	0.000670079995
520	131100	201.000739679993	0.000739679993
520	134419	204.000791839995	0.000791839995
520	134605	204.000861439993	0.000861439993
520	134744	204.000931039991	0.000931039991
520	134866	204.001000639989	0.001000639989
520	135713	207.000530879999	0.000530879999
520	135899	207.000600479997	0.000600479997
520	136038	207.000670079995	0.000670079995
520	136160	207.000739679993	0.000739679993
520	137007	210.000530879999	0.000530879999
520	137193	210.000600479997	0.000600479997
520	137332	210.000670079995	0.000670079995
520	137454	210.000739679993	0.000739679993
520	138301	213.000530879999	0.000530879999
520	138487	213.000600479997	0.000600479997
520	138626	213.000670079995	0.000670079995
520	138748	213.000739679993	0.000739679993
520	142067	216.000791839995	0.000791839995
520	142253	216.000861439993	0.000861439993
520	142392	216.000931039991	0.000931039991
520	142514	216.001000639989	0.001000639989
520	143361	219.000530879999	0.000530879999
520	143547	219.000600479997	0.000600479997
520	143686	219.000670079995	0.000670079995
520	143808	219.000739679993	0.000739679993
520	144655	222.000530879999	0.000530879999
520	144841	222.000600479997	0.000600479997
520	144980	222.000670079995	0.000670079995
520	145102	222.000739679993	0.000739679993
520	145949	225.000530879999	0.000530879999
520	146135	225.000600479997	0.000600479997
520	146274	225.000670079995	0.000670079995
520	146396	225.000739679993	0.000739679993
520	149715	228.000791839995	0.000791839995
520	149901	228.000861439993	0.000861439993
520	150040	228.000931039991	0.000931039991
520	150162	228.001000639989	0.001000639989
520	151009	231.000530879999	0.000530879999
520	151195	231.000600479997	0.000600479997
520	151334	231.000670079995	0.000670079995
520	151456	231.000739679993	0.000739679993
520	152303	234.000530879999	0.000530879999
520	152489	234.000600479997	0.000600479997
520	152628	234.000670079995	0.000670079995
520	152750	234.000739679993	0.000739679993
520	153597	237.000530879999	0.000530879999
520	153783	237.000600479997	0.000600479997
520	153922	237.000670079995	0.000670079995
520	154044	237.000739679993	0.000739679993
520	157527	240.000803359995	0.000803359995
520	157689	240.000872959993	0.000872959993
520	157911	240.00094927999	0.00094927999
520	158078	240.001025599987	0.001025599987
520	159471	243.000570079998	0.000570079998
520	159657	243.000639679996	0.000639679996
520	159796	243.000709279994	0.000709279994
520	159918	243.000778879992	0.000778879992
520	160765	246.000530879999	0.000530879999
520	160951	246.000600479997	0.000600479997
520	161090	246.000670079995	0.000670079995
520	161212	246.000739679993	0.000739679993
520	162059	249.000530879999	0.000530879999
520	162245	249.000600479997	0.000600479997
520	162384	249.000670079995	0.000670079995
520	162506	249.000739679993	0.000739679993
520	165851	252.000791839995	0.000791839995
520	166037	252.000861439993	0.000861439993
520	166176	252.000931039991	0.000931039991
520	166298	252.001000639989	0.001000639989
520	167145	255.000530879999	0.000530879999
520	167331	255.000600479997	0.000600479997
520	167470	255.000670079995	0.000670079995
520	167592	255.000739679993	0.000739679993
520	168439	258.000530879999	0.000530879999
520	168625	258.000600479997	0.000600479997
520	168764	258.000670079995	0.000670079995
520	168886	258.000739679993	0.000739679993
520	169733	261.000530879999	0.000530879999
520	169919	261.000600479997	0.000600479997
520	170058	261.000670079995	0.000670079995
520	170180	261.000739679993	0.000739679993
520	173499	264.000791839995	0.000791839995
520	173685	264.000861439993	0.000861439993
520	173824	264.000931039991	0.000931039991
520	173946	264.001000639989	0.001000639989
520	174793	267.000530879999	0.000530879999
520	174979	267.000600479997	0.000600479997
520	175118	267.000670079995	0.000670079995
520	175240	267.000739679993	0.000739679993
520	176087	270.000530879999	0.000530879999
520	176273	270.000600479997	0.000600479997
520	176412	270.000670079995	0.000670079995
520	176534	270.000739679993	0.000739679993
520	177381	273.000530879999	0.000530879999
520	177567	273.000600479997	0.000600479997
520	177706	273.000670079995	0.000670079995
520	177828	273.000739679993	0.000739679993
520	181147	276.000791839995	0.000791839995
520	181333	276.000861439993	0.000861439993
520	181472	276.000931039991	0.000931039991
520	181594	276.001000639989	0.001000639989
520	182441	279.000530879999	0.000530879999
520	182627	279.000600479997	0.000600479997
520	182766	279.000670079995	0.000670079995
520	182888	279.000739679993	0.000739679993
520	183735	282.000530879999	0.000530879999
520	183921	282.000600479997	0.000600479997
520	184060	282.000670079995	0.000670079995
520	184182	282.000739679993	0.000739679993
520	185029	285.000530879999	0.000530879999
520	185215	285.000600479997	0.000600479997
520	185354	285.000670079995	0.000670079995
520	185476	285.000739679993	0.000739679993
520	188795	288.000791839995	0.000791839995
520	188981	288.000861439993	0.000861439993
520	189120	288.000931039991	0.000931039991
520	189242	288.001000639989	0.001000639989
520	190089	291.000530879999	0.000530879999
520	190275	291.000600479997	0.000600479997
520	190414	291.000670079995	0.000670079995
520	190536	291.000739679993	0.000739679993
520	191383	294.000530879999	0.000530879999
520	191569	294.000600479997	0.000600479997
520	191708	294.000670079995	0.000670079995
520	191830	294.000739679993	0.000739679993
520	192677	297.000530879999	0.000530879999
520	192863	297.000600479997	0.000600479997
520	193002	297.000670079995	0.000670079995
520	193124	297.000739679993	0.000739679993
520	196443	300.000791839995	0.000791839995
520	196629	300.000861439993	0.000861439993
520	196768	300.000931039991	0.000931039991
520	196890	300.001000639989	0.001000639989
