vector 262  Topo.s1.open_Flow_Processing  droppedPkts:vector  ETV
4	17627	26.2	262
30	34300	52.4	262
56	50879	78.6	262
82	34301	52.4	262
105	17696	26.20021064	262
111	17690	26.20021064	262
132	21683	31.500469119994	262
138	21681	31.500469119994	262
159	34370	52.40021064	262
165	34364	52.40021064	262
240	262	0.100042199999	64
262	110120	121.000006759997	44
262	111317	122.000006759997	43
262	112490	123.000006759997	43
262	113662	124.000006759997	44
262	114923	125.000006759997	43
262	116434	126.000006759997	43
262	117606	127.000006759997	44
262	118771	128.000006759997	43
262	119944	129.000006759988	43
262	121116	130.000006759978	44
262	122281	131.000006759968	43
262	123454	132.000006759958	43
262	124626	133.000006759949	44
262	125791	134.000006759939	43
262	126964	135.000006759929	43
262	128136	136.000006759919	44
262	129301	137.000006759909	43
262	130474	138.000006759899	43
262	131646	139.00000675989	44
262	132811	140.00000675988	43
262	133984	141.000006759872	43
262	135156	142.000006759872	44
262	136321	143.000006759871	43
262	137494	144.000006759871	43
262	138666	145.000006759871	44
262	139831	146.000006759871	43
262	141004	147.000006759871	43
262	142176	148.000006759871	44
262	143341	149.000006759871	43
262	144514	150.000006759871	43
262	145686	151.000006759871	44
262	147011	152.000006759871	43
262	148184	153.000006759871	43
262	149356	154.000006759871	44
262	150521	155.000006759871	43
262	151694	156.000006759871	43
262	153268	157.000006759871	44
262	154433	158.000006759871	43
262	155606	159.000006759871	43
262	156778	160.000006759871	44
262	157943	161.000006759871	43
262	159116	162.000006759871	43
262	160288	163.000006759871	44
262	161453	164.000006759871	43
262	162626	165.00000675987	43
262	163798	166.00000675987	44
262	164963	167.00000675987	43
262	166136	168.00000675987	43
262	167308	169.00000675987	44
262	168473	170.00000675987	43
262	169646	171.00000675987	43
262	170818	172.00000675987	44
262	171983	173.00000675987	43
262	173156	174.00000675987	43
262	174328	175.00000675987	44
262	175493	176.00000675987	43
262	176666	177.00000675987	43
262	177838	178.00000675987	44
262	179003	179.00000675987	43
262	180186	180.00000675987	43
262	181410	181.00000675987	44
262	182575	182.00000675987	43
262	183748	183.00000675987	43
262	184920	184.00000675987	44
262	186085	185.00000675987	43
262	187258	186.00000675987	43
262	188430	187.000006759869	44
262	189997	188.000006759869	43
262	191170	189.000006759869	43
262	192342	190.000006759869	44
262	193507	191.000006759869	43
262	194680	192.000006759869	43
262	195852	193.000006759869	44
262	197017	194.000006759869	43
262	198190	195.000006759869	43
262	199362	196.000006759869	44
262	200527	197.000006759869	43
262	201700	198.000006759869	43
262	202872	199.000006759869	44
262	204037	200.000006759869	43
262	205210	201.000006759869	43
262	206382	202.000006759869	44
262	207547	203.000006759869	43
262	208720	204.000006759869	43
262	209892	205.000006759869	44
262	211057	206.000006759869	43
262	212230	207.000006759869	43
262	213402	208.000006759869	44
262	214567	209.000006759868	43
262	215740	210.000006759868	43
262	216912	211.000006759868	44
262	218077	212.000006759868	43
262	219250	213.000006759868	43
262	220422	214.000006759868	44
262	221587	215.000006759868	43
262	222760	216.000006759868	43
262	223932	217.000006759868	44
262	225097	218.000006759868	43
262	226672	219.000006759868	43
262	227844	220.000006759868	44
262	229009	221.000006759868	43
262	230182	222.000006759868	43
262	231354	223.000006759868	44
262	232519	224.000006759868	43
262	233692	225.000006759868	43
262	234864	226.000006759868	44
262	236029	227.000006759868	43
262	237202	228.000006759868	43
262	238374	229.000006759868	44
262	239539	230.000006759868	43
262	240712	231.000006759867	43
262	241884	232.000006759867	44
262	243049	233.000006759867	43
262	244222	234.000006759867	43
262	245394	235.000006759867	44
262	246559	236.000006759867	43
262	247732	237.000006759867	43
262	248904	238.000006759867	44
262	250069	239.000006759867	43
262	251252	240.000006759867	43
262	253366	241.000006759867	44
262	254531	242.000006759867	43
262	255704	243.000006759867	43
262	256876	244.000006759867	44
262	258041	245.000006759867	43
262	259214	246.000006759867	43
262	260386	247.000006759867	44
262	261551	248.000006759867	43
262	262724	249.000006759867	43
