522	2071	0.000156399996	5
522	2117	0.000163119995	5
522	2140	0.000169839994	5
522	2186	0.000176559993	5
522	3207	0.000304719989	5
522	3384	0.000331439988	5
522	3445	0.000338159987	5
522	3519	0.000349679986	5
522	3631	0.000362319989	5
522	3767	0.000389039988	5
522	3802	0.000395759987	5
522	3821	0.000407279986	5
522	4023	3.0002408	5
522	4112	3.000289919999	5
522	4201	3.000339039998	5
522	4311	3.000388159997	5
522	4523	3.0005104	5
522	4596	3.000530879999	5
522	4722	3.000579999998	5
522	4782	3.000600479997	5
522	4878	3.000649599996	5
522	4921	3.000670079995	5
522	5000	3.000719199994	5
522	5043	3.000739679993	5
522	5317	6.0002408	5
522	5406	6.000289919999	5
522	5495	6.000339039998	5
522	5605	6.000388159997	5
522	5817	6.0005104	5
522	5890	6.000530879999	5
522	6016	6.000579999998	5
522	6076	6.000600479997	5
522	6172	6.000649599996	5
522	6215	6.000670079995	5
522	6294	6.000719199994	5
522	6337	6.000739679993	5
522	6611	9.0002408	5
522	6700	9.000289919999	5
522	6789	9.000339039998	5
522	6899	9.000388159997	5
522	7111	9.0005104	5
522	7184	9.000530879999	5
522	7310	9.000579999998	5
522	7370	9.000600479997	5
522	7466	9.000649599996	5
522	7509	9.000670079995	5
522	7588	9.000719199994	5
522	7631	9.000739679993	5
522	7905	12.0002408	5
522	7994	12.000289919999	5
522	8083	12.000339039998	5
522	8193	12.000388159997	5
522	8405	12.0005104	5
522	8478	12.000530879999	5
522	8604	12.000579999998	5
522	8664	12.000600479997	5
522	8760	12.000649599996	5
522	8803	12.000670079995	5
522	8882	12.000719199994	5
522	8925	12.000739679993	5
522	9199	15.0002408	5
522	9288	15.000289919999	5
522	9377	15.000339039998	5
522	9487	15.000388159997	5
522	9699	15.0005104	5
522	9772	15.000530879999	5
522	9898	15.000579999998	5
522	9958	15.000600479997	5
522	10054	15.000649599996	5
522	10097	15.000670079995	5
522	10176	15.000719199994	5
522	10219	15.000739679993	5
522	10493	18.0002408	5
522	10582	18.000289919999	5
522	10671	18.000339039998	5
522	10781	18.000388159997	5
522	10993	18.0005104	5
522	11066	18.000530879999	5
522	11192	18.000579999998	5
522	11252	18.000600479997	5
522	11348	18.000649599996	5
522	11391	18.000670079995	5
522	11470	18.000719199994	5
522	11513	18.000739679993	5
522	11787	21.0002408	5
522	11876	21.000289919999	5
522	11965	21.000339039998	5
522	12075	21.000388159997	5
522	12287	21.0005104	5
522	12360	21.000530879999	5
522	12486	21.000579999998	5
522	12546	21.000600479997	5
522	12642	21.000649599996	5
522	12685	21.000670079995	5
522	12764	21.000719199994	5
522	12807	21.000739679993	5
522	13081	24.0002408	5
522	13170	24.000289919999	5
522	13259	24.000339039998	5
522	13369	24.000388159997	5
522	13581	24.0005104	5
522	13654	24.000530879999	5
522	13780	24.000579999998	5
522	13840	24.000600479997	5
522	13936	24.000649599996	5
522	13979	24.000670079995	5
522	14058	24.000719199994	5
522	14101	24.000739679993	5
522	14375	27.0002408	5
522	14464	27.000289919999	5
522	14553	27.000339039998	5
522	14663	27.000388159997	5
522	14875	27.0005104	5
522	14948	27.000530879999	5
522	15074	27.000579999998	5
522	15134	27.000600479997	5
522	15230	27.000649599996	5
522	15273	27.000670079995	5
522	15352	27.000719199994	5
522	15395	27.000739679993	5
522	17315	30.000377359997	5
522	17529	30.000426479996	5
522	17781	30.000475599995	5
522	18054	30.000524719994	5
522	19884	30.000811199993	5
522	19963	30.000831679992	5
522	20096	30.000880799991	5
522	20158	30.00090127999	5
522	20264	30.000950399989	5
522	20309	30.000970879988	5
522	20388	30.001019999987	5
522	20431	30.001040479986	5
522	20705	33.0002408	5
522	20794	33.000289919999	5
522	20883	33.000339039998	5
522	20993	33.000388159997	5
522	21205	33.0005104	5
522	21278	33.000530879999	5
522	21404	33.000579999998	5
522	21464	33.000600479997	5
522	21560	33.000649599996	5
522	21603	33.000670079995	5
522	21682	33.000719199994	5
522	21725	33.000739679993	5
522	21999	36.0002408	5
522	22088	36.000289919999	5
522	22177	36.000339039998	5
522	22287	36.000388159997	5
522	22499	36.0005104	5
522	22572	36.000530879999	5
522	22698	36.000579999998	5
522	22758	36.000600479997	5
522	22854	36.000649599996	5
522	22897	36.000670079995	5
522	22976	36.000719199994	5
522	23019	36.000739679993	5
522	23293	39.0002408	5
522	23382	39.000289919999	5
522	23471	39.000339039998	5
522	23581	39.000388159997	5
522	23793	39.0005104	5
522	23866	39.000530879999	5
522	23992	39.000579999998	5
522	24052	39.000600479997	5
522	24148	39.000649599996	5
522	24191	39.000670079995	5
522	24270	39.000719199994	5
522	24313	39.000739679993	5
522	24587	42.0002408	5
522	24676	42.000289919999	5
522	24765	42.000339039998	5
522	24875	42.000388159997	5
522	25087	42.0005104	5
522	25160	42.000530879999	5
522	25286	42.000579999998	5
522	25346	42.000600479997	5
522	25442	42.000649599996	5
522	25485	42.000670079995	5
522	25564	42.000719199994	5
522	25607	42.000739679993	5
522	25881	45.0002408	5
522	25970	45.000289919999	5
522	26059	45.000339039998	5
522	26169	45.000388159997	5
522	26381	45.0005104	5
522	26454	45.000530879999	5
522	26580	45.000579999998	5
522	26640	45.000600479997	5
522	26736	45.000649599996	5
522	26779	45.000670079995	5
522	26858	45.000719199994	5
522	26901	45.000739679993	5
522	27175	48.0002408	5
522	27264	48.000289919999	5
522	27353	48.000339039998	5
522	27463	48.000388159997	5
522	27675	48.0005104	5
522	27748	48.000530879999	5
522	27874	48.000579999998	5
522	27934	48.000600479997	5
522	28030	48.000649599996	5
522	28073	48.000670079995	5
522	28152	48.000719199994	5
522	28195	48.000739679993	5
522	28469	51.0002408	5
522	28558	51.000289919999	5
522	28647	51.000339039998	5
522	28757	51.000388159997	5
522	28969	51.0005104	5
522	29042	51.000530879999	5
522	29168	51.000579999998	5
522	29228	51.000600479997	5
522	29324	51.000649599996	5
522	29367	51.000670079995	5
522	29446	51.000719199994	5
522	29489	51.000739679993	5
522	29763	54.0002408	5
522	29852	54.000289919999	5
522	29941	54.000339039998	5
522	30051	54.000388159997	5
522	30263	54.0005104	5
522	30336	54.000530879999	5
522	30462	54.000579999998	5
522	30522	54.000600479997	5
522	30618	54.000649599996	5
522	30661	54.000670079995	5
522	30740	54.000719199994	5
522	30783	54.000739679993	5
522	31057	57.0002408	5
522	31146	57.000289919999	5
522	31235	57.000339039998	5
522	31345	57.000388159997	5
522	31557	57.0005104	5
522	31630	57.000530879999	5
522	31756	57.000579999998	5
522	31816	57.000600479997	5
522	31912	57.000649599996	5
522	31955	57.000670079995	5
522	32034	57.000719199994	5
522	32077	57.000739679993	5
522	32555	60.0002408	5
522	32716	60.000289919999	5
522	33688	60.000513119994	5
522	34185	60.000562239993	5
522	34987	60.000679599996	5
522	35100	60.000700079995	5
522	35476	60.000749199994	5
522	35662	60.000769679993	5
522	36706	60.00100751999	5
522	36758	60.001027999989	5
522	36837	60.001077119988	5
522	36880	60.001097599987	5
522	37904	63.000462559997	5
522	37993	63.000511679996	5
522	38082	63.000560799995	5
522	38192	63.000609919994	5
522	38404	63.000732159997	5
522	38477	63.000752639996	5
522	38603	63.000801759995	5
522	38663	63.000822239994	5
522	38759	63.000871359993	5
522	38802	63.000891839992	5
522	38881	63.000940959991	5
522	38924	63.00096143999	5
522	39198	66.0002408	5
522	39287	66.000289919999	5
522	39376	66.000339039998	5
522	39486	66.000388159997	5
522	39698	66.0005104	5
522	39771	66.000530879999	5
522	39897	66.000579999998	5
522	39957	66.000600479997	5
522	40053	66.000649599996	5
522	40096	66.000670079995	5
522	40257	66.000719199994	5
522	40319	66.000739679993	5
522	40353	66.000746399992	5
522	40600	69.0002408	5
522	40689	69.000289919999	5
522	40778	69.000339039998	5
522	40888	69.000388159997	5
522	41100	69.0005104	5
522	41173	69.000530879999	5
522	41299	69.000579999998	5
522	41359	69.000600479997	5
522	41455	69.000649599996	5
522	41498	69.000670079995	5
522	41577	69.000719199994	5
522	41620	69.000739679993	5
522	41894	72.0002408	5
522	41983	72.000289919999	5
522	42072	72.000339039998	5
522	42182	72.000388159997	5
522	42394	72.0005104	5
522	42467	72.000530879999	5
522	42593	72.000579999998	5
522	42653	72.000600479997	5
522	42749	72.000649599996	5
522	42792	72.000670079995	5
522	42871	72.000719199994	5
522	42914	72.000739679993	5
522	43188	75.0002408	5
522	43277	75.000289919999	5
522	43366	75.000339039998	5
522	43476	75.000388159997	5
522	43688	75.0005104	5
522	43761	75.000530879999	5
522	43887	75.000579999998	5
522	43947	75.000600479997	5
522	44043	75.000649599996	5
522	44086	75.000670079995	5
522	44165	75.000719199994	5
522	44208	75.000739679993	5
522	44482	78.0002408	5
522	44571	78.000289919999	5
522	44660	78.000339039998	5
522	44770	78.000388159997	5
522	44982	78.0005104	5
522	45055	78.000530879999	5
522	45181	78.000579999998	5
522	45241	78.000600479997	5
522	45337	78.000649599996	5
522	45380	78.000670079995	5
522	45459	78.000719199994	5
522	45502	78.000739679993	5
522	45776	81.0002408	5
522	45865	81.000289919999	5
522	45954	81.000339039998	5
522	46064	81.000388159997	5
522	46276	81.0005104	5
522	46349	81.000530879999	5
522	46475	81.000579999998	5
522	46535	81.000600479997	5
522	46631	81.000649599996	5
522	46674	81.000670079995	5
522	46753	81.000719199994	5
522	46796	81.000739679993	5
522	47070	84.0002408	5
522	47159	84.000289919999	5
522	47248	84.000339039998	5
522	47358	84.000388159997	5
522	47570	84.0005104	5
522	47643	84.000530879999	5
522	47769	84.000579999998	5
522	47829	84.000600479997	5
522	47925	84.000649599996	5
522	47968	84.000670079995	5
522	48047	84.000719199994	5
522	48090	84.000739679993	5
522	48364	87.0002408	5
522	48453	87.000289919999	5
522	48542	87.000339039998	5
522	48652	87.000388159997	5
522	48864	87.0005104	5
522	48937	87.000530879999	5
522	49063	87.000579999998	5
522	49123	87.000600479997	5
522	49219	87.000649599996	5
522	49262	87.000670079995	5
522	49341	87.000719199994	5
522	49384	87.000739679993	5
522	50147	90.0002408	5
522	50236	90.000289919999	5
522	50357	90.000339039998	5
522	50467	90.000388159997	5
522	50767	90.0005104	5
522	50856	90.000530879999	5
522	51168	90.000579999998	5
522	51518	90.000698399995	5
522	51787	90.000757039994	5
522	51943	90.000790959991	5
522	52328	90.00084967999	5
522	52475	90.000870159989	5
522	53909	93.000382159998	5
522	54123	93.000431279997	5
522	54375	93.000480399996	5
522	54531	93.000529519995	5
522	56221	93.000822639993	5
522	56294	93.000843119992	5
522	56420	93.000892239991	5
522	56480	93.00091271999	5
522	56576	93.000961839989	5
522	56619	93.000982319988	5
522	56698	93.001031439987	5
522	56741	93.001051919986	5
522	57015	96.0002408	5
522	57104	96.000289919999	5
522	57193	96.000339039998	5
522	57303	96.000388159997	5
522	57515	96.0005104	5
522	57588	96.000530879999	5
522	57714	96.000579999998	5
522	57774	96.000600479997	5
522	57870	96.000649599996	5
522	57913	96.000670079995	5
522	57992	96.000719199994	5
522	58035	96.000739679993	5
522	58309	99.0002408	5
522	58398	99.000289919999	5
522	58487	99.000339039998	5
522	58597	99.000388159997	5
522	58809	99.0005104	5
522	58882	99.000530879999	5
522	59008	99.000579999998	5
522	59068	99.000600479997	5
522	59164	99.000649599996	5
522	59207	99.000670079995	5
522	59286	99.000719199994	5
522	59329	99.000739679993	5
522	59603	102.0002408	5
522	59692	102.000289919999	5
522	59781	102.000339039998	5
522	59891	102.000388159997	5
522	60103	102.0005104	5
522	60176	102.000530879999	5
522	60302	102.000579999998	5
522	60362	102.000600479997	5
522	60458	102.000649599996	5
522	60501	102.000670079995	5
522	60580	102.000719199994	5
522	60623	102.000739679993	5
522	60897	105.0002408	5
522	60986	105.000289919999	5
522	61075	105.000339039998	5
522	61185	105.000388159997	5
522	61397	105.0005104	5
522	61470	105.000530879999	5
522	61596	105.000579999998	5
522	61656	105.000600479997	5
522	61752	105.000649599996	5
522	61795	105.000670079995	5
522	61874	105.000719199994	5
522	61917	105.000739679993	5
522	62191	108.0002408	5
522	62280	108.000289919999	5
522	62369	108.000339039998	5
522	62479	108.000388159997	5
522	62691	108.0005104	5
522	62764	108.000530879999	5
522	62890	108.000579999998	5
522	62950	108.000600479997	5
522	63046	108.000649599996	5
522	63089	108.000670079995	5
522	63168	108.000719199994	5
522	63211	108.000739679993	5
522	63485	111.0002408	5
522	63574	111.000289919999	5
522	63663	111.000339039998	5
522	63773	111.000388159997	5
522	63985	111.0005104	5
522	64058	111.000530879999	5
522	64184	111.000579999998	5
522	64244	111.000600479997	5
522	64340	111.000649599996	5
522	64383	111.000670079995	5
522	64462	111.000719199994	5
522	64505	111.000739679993	5
522	64779	114.0002408	5
522	64868	114.000289919999	5
522	64957	114.000339039998	5
522	65067	114.000388159997	5
522	65279	114.0005104	5
522	65352	114.000530879999	5
522	65478	114.000579999998	5
522	65538	114.000600479997	5
522	65634	114.000649599996	5
522	65677	114.000670079995	5
522	65756	114.000719199994	5
522	65799	114.000739679993	5
522	66073	117.0002408	5
522	66162	117.000289919999	5
522	66251	117.000339039998	5
522	66361	117.000388159997	5
522	66573	117.0005104	5
522	66646	117.000530879999	5
522	66772	117.000579999998	5
522	66832	117.000600479997	5
522	66928	117.000649599996	5
522	66971	117.000670079995	5
522	67050	117.000719199994	5
522	67093	117.000739679993	5
522	67367	120.0002408	5
522	67483	120.000289919999	5
522	67575	120.000339039998	5
522	67659	120.000388159997	5
522	68683	120.000715199995	5
522	68899	120.000771039993	5
522	68961	120.000791519992	5
522	69099	120.000811999991	5
522	69380	120.00086111999	5
522	69669	120.000927199986	5
522	69783	120.000949599984	5
522	69933	120.000970079983	5
522	70430	123.0002408	5
522	70549	123.000289919999	5
522	70769	123.000339039998	5
522	71098	123.000426399996	5
522	72688	123.000679599996	5
522	73041	123.000728719995	5
522	73171	123.000749199994	5
522	73386	123.000769679993	5
522	73558	123.000818799992	5
522	73611	123.000839279991	5
522	73692	123.00088839999	5
522	73735	123.000908879989	5
522	74759	126.000462559997	5
522	74848	126.000511679996	5
522	74937	126.000560799995	5
522	75047	126.000609919994	5
522	75259	126.000732159997	5
522	75332	126.000752639996	5
522	75458	126.000801759995	5
522	75518	126.000822239994	5
522	75614	126.000871359993	5
522	75657	126.000891839992	5
522	75736	126.000940959991	5
522	75779	126.00096143999	5
522	76053	129.0002408	5
522	76142	129.000289919999	5
522	76231	129.000339039998	5
522	76341	129.000388159997	5
522	76553	129.0005104	5
522	76626	129.000530879999	5
522	76752	129.000579999998	5
522	76812	129.000600479997	5
522	76908	129.000649599996	5
522	76951	129.000670079995	5
522	77030	129.000719199994	5
522	77073	129.000739679993	5
522	77347	132.0002408	5
522	77436	132.000289919999	5
522	77525	132.000339039998	5
522	77635	132.000388159997	5
522	77847	132.0005104	5
522	77920	132.000530879999	5
522	78046	132.000579999998	5
522	78106	132.000600479997	5
522	78202	132.000649599996	5
522	78245	132.000670079995	5
522	78324	132.000719199994	5
522	78367	132.000739679993	5
522	78641	135.0002408	5
522	78730	135.000289919999	5
522	78819	135.000339039998	5
522	78929	135.000388159997	5
522	79141	135.0005104	5
522	79214	135.000530879999	5
522	79340	135.000579999998	5
522	79400	135.000600479997	5
522	79496	135.000649599996	5
522	79539	135.000670079995	5
522	79618	135.000719199994	5
522	79661	135.000739679993	5
522	79935	138.0002408	5
522	80024	138.000289919999	5
522	80113	138.000339039998	5
522	80223	138.000388159997	5
522	80435	138.0005104	5
522	80508	138.000530879999	5
522	80634	138.000579999998	5
522	80694	138.000600479997	5
522	80790	138.000649599996	5
522	80833	138.000670079995	5
522	80912	138.000719199994	5
522	80955	138.000739679993	5
522	81229	141.0002408	5
522	81318	141.000289919999	5
522	81407	141.000339039998	5
522	81517	141.000388159997	5
522	81729	141.0005104	5
522	81802	141.000530879999	5
522	81928	141.000579999998	5
522	81988	141.000600479997	5
522	82084	141.000649599996	5
522	82127	141.000670079995	5
522	82206	141.000719199994	5
522	82249	141.000739679993	5
522	82523	144.0002408	5
522	82612	144.000289919999	5
522	82701	144.000339039998	5
522	82811	144.000388159997	5
522	83023	144.0005104	5
522	83096	144.000530879999	5
522	83222	144.000579999998	5
522	83282	144.000600479997	5
522	83378	144.000649599996	5
522	83421	144.000670079995	5
522	83500	144.000719199994	5
522	83543	144.000739679993	5
522	83817	147.0002408	5
522	83906	147.000289919999	5
522	83995	147.000339039998	5
522	84105	147.000388159997	5
522	84317	147.0005104	5
522	84390	147.000530879999	5
522	84516	147.000579999998	5
522	84576	147.000600479997	5
522	84672	147.000649599996	5
522	84715	147.000670079995	5
522	84794	147.000719199994	5
522	84837	147.000739679993	5
522	85111	150.0002408	5
522	85200	150.000289919999	5
522	85289	150.000339039998	5
522	85399	150.000388159997	5
522	85611	150.0005104	5
522	85684	150.000530879999	5
522	85810	150.000579999998	5
522	85870	150.000600479997	5
522	85966	150.000649599996	5
522	86009	150.000670079995	5
522	86088	150.000719199994	5
522	86131	150.000739679993	5
522	86606	153.0002408	5
522	86722	153.000289919999	5
522	87225	153.000462559997	5
522	87415	153.000511679996	5
522	87544	153.000560799995	5
522	87645	153.000581279994	5
522	88110	153.000691199995	5
522	88356	153.000711679994	5
522	89524	153.000901519993	5
522	89610	153.000921999992	5
522	90078	153.001075839989	5
522	90121	153.001096319988	5
522	90760	156.0002408	5
522	90982	156.000289919999	5
522	91209	156.000382079998	5
522	91679	156.000431279997	5
522	93078	156.000679599996	5
522	93176	156.000728719995	5
522	93237	156.000749199994	5
522	93314	156.000769679993	5
522	93423	156.000818799992	5
522	93483	156.000867919991	5
522	93526	156.00088839999	5
522	93588	156.000908879989	5
522	93862	159.0002408	5
522	93951	159.000289919999	5
522	94040	159.000339039998	5
522	94150	159.000388159997	5
522	94362	159.0005104	5
522	94435	159.000530879999	5
522	94561	159.000579999998	5
522	94621	159.000600479997	5
522	94717	159.000649599996	5
522	94760	159.000670079995	5
522	94839	159.000719199994	5
522	94882	159.000739679993	5
522	95156	162.0002408	5
522	95245	162.000289919999	5
522	95334	162.000339039998	5
522	95444	162.000388159997	5
522	95656	162.0005104	5
522	95729	162.000530879999	5
522	95855	162.000579999998	5
522	95915	162.000600479997	5
522	96011	162.000649599996	5
522	96054	162.000670079995	5
522	96133	162.000719199994	5
522	96176	162.000739679993	5
522	96450	165.0002408	5
522	96539	165.000289919999	5
522	96628	165.000339039998	5
522	96738	165.000388159997	5
522	96950	165.0005104	5
522	97023	165.000530879999	5
522	97149	165.000579999998	5
522	97209	165.000600479997	5
522	97305	165.000649599996	5
522	97348	165.000670079995	5
522	97427	165.000719199994	5
522	97470	165.000739679993	5
522	97744	168.0002408	5
522	97833	168.000289919999	5
522	97922	168.000339039998	5
522	98032	168.000388159997	5
522	98244	168.0005104	5
522	98317	168.000530879999	5
522	98443	168.000579999998	5
522	98503	168.000600479997	5
522	98599	168.000649599996	5
522	98642	168.000670079995	5
522	98721	168.000719199994	5
522	98764	168.000739679993	5
522	99038	171.0002408	5
522	99127	171.000289919999	5
522	99216	171.000339039998	5
522	99326	171.000388159997	5
522	99538	171.0005104	5
522	99611	171.000530879999	5
522	99737	171.000579999998	5
522	99797	171.000600479997	5
522	99893	171.000649599996	5
522	99936	171.000670079995	5
522	100015	171.000719199994	5
522	100058	171.000739679993	5
522	100332	174.0002408	5
522	100421	174.000289919999	5
522	100510	174.000339039998	5
522	100620	174.000388159997	5
522	100832	174.0005104	5
522	100905	174.000530879999	5
522	101031	174.000579999998	5
522	101091	174.000600479997	5
522	101187	174.000649599996	5
522	101230	174.000670079995	5
522	101309	174.000719199994	5
522	101352	174.000739679993	5
522	101626	177.0002408	5
522	101715	177.000289919999	5
522	101804	177.000339039998	5
522	101914	177.000388159997	5
522	102126	177.0005104	5
522	102199	177.000530879999	5
522	102325	177.000579999998	5
522	102385	177.000600479997	5
522	102481	177.000649599996	5
522	102524	177.000670079995	5
522	102603	177.000719199994	5
522	102646	177.000739679993	5
522	102920	180.0002408	5
522	103009	180.000289919999	5
522	103098	180.000339039998	5
522	103208	180.000388159997	5
522	103420	180.0005104	5
522	103493	180.000530879999	5
522	103619	180.000579999998	5
522	103679	180.000600479997	5
522	103775	180.000649599996	5
522	103818	180.000670079995	5
522	103897	180.000719199994	5
522	103940	180.000739679993	5
522	104214	183.0002408	5
522	104303	183.000289919999	5
522	104424	183.000339039998	5
522	104534	183.000388159997	5
522	104778	183.0005104	5
522	104861	183.000530879999	5
522	105574	183.000801679994	5
522	105649	183.000822159993	5
522	105787	183.000871279992	5
522	105868	183.000891759991	5
522	106313	183.000954879988	5
522	106416	183.000975359987	5
522	107438	186.0002408	5
522	107596	186.000289919999	5
522	107761	186.000383999996	5
522	108181	186.000433119995	5
522	109747	186.000642079996	5
522	109883	186.000662559995	5
522	110261	186.000711679994	5
522	110376	186.000732159993	5
522	110532	186.000830799992	5
522	110584	186.000851279991	5
522	110663	186.00090039999	5
522	110706	186.000920879989	5
522	111426	189.0002408	5
522	111516	189.000289919999	5
522	111647	189.000382079998	5
522	111757	189.000431199997	5
522	111927	189.0005104	5
522	111998	189.000530879999	5
522	112124	189.000579999998	5
522	112166	189.000600479997	5
522	112283	189.000651679998	5
522	112336	189.000672159997	5
522	112424	189.000721279996	5
522	112467	189.000741759995	5
522	112741	192.0002408	5
522	112830	192.000289919999	5
522	112919	192.000339039998	5
522	113029	192.000388159997	5
522	113241	192.0005104	5
522	113314	192.000530879999	5
522	113440	192.000579999998	5
522	113500	192.000600479997	5
522	113596	192.000649599996	5
522	113639	192.000670079995	5
522	113718	192.000719199994	5
522	113761	192.000739679993	5
522	114035	195.0002408	5
522	114124	195.000289919999	5
522	114213	195.000339039998	5
522	114323	195.000388159997	5
522	114535	195.0005104	5
522	114608	195.000530879999	5
522	114734	195.000579999998	5
522	114794	195.000600479997	5
522	114890	195.000649599996	5
522	114933	195.000670079995	5
522	115012	195.000719199994	5
522	115055	195.000739679993	5
522	115329	198.0002408	5
522	115418	198.000289919999	5
522	115507	198.000339039998	5
522	115617	198.000388159997	5
522	115829	198.0005104	5
522	115902	198.000530879999	5
522	116028	198.000579999998	5
522	116088	198.000600479997	5
522	116184	198.000649599996	5
522	116227	198.000670079995	5
522	116306	198.000719199994	5
522	116349	198.000739679993	5
522	116623	201.0002408	5
522	116712	201.000289919999	5
522	116801	201.000339039998	5
522	116911	201.000388159997	5
522	117123	201.0005104	5
522	117196	201.000530879999	5
522	117322	201.000579999998	5
522	117382	201.000600479997	5
522	117478	201.000649599996	5
522	117521	201.000670079995	5
522	117600	201.000719199994	5
522	117643	201.000739679993	5
522	117917	204.0002408	5
522	118006	204.000289919999	5
522	118095	204.000339039998	5
522	118205	204.000388159997	5
522	118417	204.0005104	5
522	118490	204.000530879999	5
522	118616	204.000579999998	5
522	118676	204.000600479997	5
522	118772	204.000649599996	5
522	118815	204.000670079995	5
522	118894	204.000719199994	5
522	118937	204.000739679993	5
522	119211	207.0002408	5
522	119300	207.000289919999	5
522	119389	207.000339039998	5
522	119499	207.000388159997	5
522	119711	207.0005104	5
522	119784	207.000530879999	5
522	119910	207.000579999998	5
522	119970	207.000600479997	5
522	120066	207.000649599996	5
522	120109	207.000670079995	5
522	120188	207.000719199994	5
522	120231	207.000739679993	5
522	120505	210.0002408	5
522	120594	210.000289919999	5
522	120683	210.000339039998	5
522	120793	210.000388159997	5
522	121005	210.0005104	5
522	121078	210.000530879999	5
522	121204	210.000579999998	5
522	121264	210.000600479997	5
522	121360	210.000649599996	5
522	121403	210.000670079995	5
522	121482	210.000719199994	5
522	121525	210.000739679993	5
522	121799	213.0002408	5
522	121888	213.000289919999	5
522	121977	213.000339039998	5
522	122087	213.000388159997	5
522	122299	213.0005104	5
522	122372	213.000530879999	5
522	122498	213.000579999998	5
522	122590	213.000600479997	5
522	122686	213.000649599996	5
522	122729	213.000670079995	5
522	122808	213.000719199994	5
522	122851	213.000739679993	5
522	123550	216.0002408	5
522	124179	216.0005104	5
522	124304	216.000559519999	5
522	124606	216.000608639998	5
522	124874	216.000657759997	5
522	125052	216.000678239996	5
522	126832	216.001038079992	5
522	126910	216.001087199991	5
522	126953	216.00110767999	5
522	127015	216.001128159989	5
522	127094	216.001177279988	5
522	127137	216.001197759987	5
522	127624	219.0002408	5
522	127752	219.000289919999	5
522	127857	219.000339039998	5
522	127967	219.000388159997	5
522	128453	219.0005104	5
522	128651	219.000530879999	5
522	128939	219.000579999998	5
522	129014	219.000600479997	5
522	129246	219.000777839994	5
522	129299	219.000798319993	5
522	129387	219.000847439992	5
522	129430	219.000867919991	5
522	129704	222.0002408	5
522	129793	222.000289919999	5
522	129882	222.000339039998	5
522	129992	222.000388159997	5
522	130204	222.0005104	5
522	130277	222.000530879999	5
522	130403	222.000579999998	5
522	130463	222.000600479997	5
522	130559	222.000649599996	5
522	130602	222.000670079995	5
522	130681	222.000719199994	5
522	130724	222.000739679993	5
522	130998	225.0002408	5
522	131087	225.000289919999	5
522	131176	225.000339039998	5
522	131286	225.000388159997	5
522	131498	225.0005104	5
522	131571	225.000530879999	5
522	131697	225.000579999998	5
522	131757	225.000600479997	5
522	131853	225.000649599996	5
522	131896	225.000670079995	5
522	131975	225.000719199994	5
522	132018	225.000739679993	5
522	132292	228.0002408	5
522	132381	228.000289919999	5
522	132470	228.000339039998	5
522	132580	228.000388159997	5
522	132792	228.0005104	5
522	132865	228.000530879999	5
522	132991	228.000579999998	5
522	133051	228.000600479997	5
522	133147	228.000649599996	5
522	133190	228.000670079995	5
522	133269	228.000719199994	5
522	133312	228.000739679993	5
522	133586	231.0002408	5
522	133675	231.000289919999	5
522	133764	231.000339039998	5
522	133874	231.000388159997	5
522	134086	231.0005104	5
522	134159	231.000530879999	5
522	134285	231.000579999998	5
522	134345	231.000600479997	5
522	134441	231.000649599996	5
522	134484	231.000670079995	5
522	134563	231.000719199994	5
522	134606	231.000739679993	5
522	134880	234.0002408	5
522	134969	234.000289919999	5
522	135058	234.000339039998	5
522	135168	234.000388159997	5
522	135380	234.0005104	5
522	135453	234.000530879999	5
522	135579	234.000579999998	5
522	135639	234.000600479997	5
522	135735	234.000649599996	5
522	135778	234.000670079995	5
522	135857	234.000719199994	5
522	135900	234.000739679993	5
522	136174	237.0002408	5
522	136263	237.000289919999	5
522	136352	237.000339039998	5
522	136462	237.000388159997	5
522	136674	237.0005104	5
522	136747	237.000530879999	5
522	136873	237.000579999998	5
522	136933	237.000600479997	5
522	137029	237.000649599996	5
522	137072	237.000670079995	5
522	137151	237.000719199994	5
522	137194	237.000739679993	5
522	137468	240.0002408	5
522	137557	240.000289919999	5
522	137646	240.000339039998	5
522	137756	240.000388159997	5
522	137968	240.0005104	5
522	138050	240.000530879999	5
522	138166	240.000579999998	5
522	138235	240.000600479997	5
522	138406	240.000656319995	5
522	138457	240.000676799994	5
522	138502	240.000725919993	5
522	138624	240.000753119991	5
522	139488	243.000291519999	5
522	139577	243.000340639998	5
522	139666	243.000389759997	5
522	139776	243.000438879996	5
522	139988	243.000561119999	5
522	140061	243.000581599998	5
522	140187	243.000630719997	5
522	140247	243.000651199996	5
522	140343	243.000700319995	5
522	140386	243.000720799994	5
522	140465	243.000769919993	5
522	140508	243.000790399992	5
522	140782	246.0002408	5
522	140871	246.000289919999	5
522	140992	246.000339039998	5
522	141102	246.000388159997	5
522	141346	246.0005104	5
522	141432	246.000530879999	5
522	142632	246.000801759994	5
522	142654	246.000822239993	5
522	142705	246.000871359992	5
522	142762	246.000891839991	5
522	143178	246.000954959988	5
522	143397	246.000975439987	5
522	145004	249.000377279997	5
522	145209	249.000426399996	5
522	145336	249.000475519995	5
522	145485	249.000524639994	5
522	146539	249.000755679994	5
522	146601	249.000776159993	5
522	146717	249.000825279992	5
522	146767	249.000845759991	5
522	146846	249.00089487999	5
522	146889	249.000915359989	5
522	146968	249.000964479988	5
522	147011	249.000984959987	5
522	147508	252.0002408	5
522	147598	252.000289919999	5
522	147695	252.000339039998	5
522	147805	252.000388159997	5
522	148017	252.0005104	5
522	148090	252.000530879999	5
522	148216	252.000579999998	5
522	148276	252.000600479997	5
522	148372	252.000649599996	5
522	148415	252.000670079995	5
522	148494	252.000719199994	5
522	148537	252.000739679993	5
522	148811	255.0002408	5
522	148900	255.000289919999	5
522	148989	255.000339039998	5
522	149099	255.000388159997	5
522	149311	255.0005104	5
522	149384	255.000530879999	5
522	149510	255.000579999998	5
522	149570	255.000600479997	5
522	149666	255.000649599996	5
522	149709	255.000670079995	5
522	149788	255.000719199994	5
522	149831	255.000739679993	5
522	150105	258.0002408	5
522	150194	258.000289919999	5
522	150283	258.000339039998	5
522	150393	258.000388159997	5
522	150605	258.0005104	5
522	150678	258.000530879999	5
522	150804	258.000579999998	5
522	150864	258.000600479997	5
522	150960	258.000649599996	5
522	151003	258.000670079995	5
522	151082	258.000719199994	5
522	151125	258.000739679993	5
522	151399	261.0002408	5
522	151488	261.000289919999	5
522	151577	261.000339039998	5
522	151687	261.000388159997	5
522	151899	261.0005104	5
522	151972	261.000530879999	5
522	152098	261.000579999998	5
522	152158	261.000600479997	5
522	152254	261.000649599996	5
522	152297	261.000670079995	5
522	152376	261.000719199994	5
522	152419	261.000739679993	5
522	152693	264.0002408	5
522	152782	264.000289919999	5
522	152871	264.000339039998	5
522	152981	264.000388159997	5
522	153193	264.0005104	5
522	153266	264.000530879999	5
522	153392	264.000579999998	5
522	153452	264.000600479997	5
522	153548	264.000649599996	5
522	153591	264.000670079995	5
522	153670	264.000719199994	5
522	153713	264.000739679993	5
522	153987	267.0002408	5
522	154076	267.000289919999	5
522	154165	267.000339039998	5
522	154275	267.000388159997	5
522	154487	267.0005104	5
522	154560	267.000530879999	5
522	154686	267.000579999998	5
522	154746	267.000600479997	5
522	154842	267.000649599996	5
522	154885	267.000670079995	5
522	154964	267.000719199994	5
522	155007	267.000739679993	5
522	155281	270.0002408	5
522	155370	270.000289919999	5
522	155459	270.000339039998	5
522	155569	270.000388159997	5
522	155781	270.0005104	5
522	155854	270.000530879999	5
522	155980	270.000579999998	5
522	156040	270.000600479997	5
522	156136	270.000649599996	5
522	156179	270.000670079995	5
522	156258	270.000719199994	5
522	156301	270.000739679993	5
522	156575	273.0002408	5
522	156664	273.000289919999	5
522	156753	273.000339039998	5
522	156863	273.000388159997	5
522	157075	273.0005104	5
522	157148	273.000530879999	5
522	157274	273.000579999998	5
522	157334	273.000600479997	5
522	157430	273.000649599996	5
522	157473	273.000670079995	5
522	157552	273.000719199994	5
522	157595	273.000739679993	5
522	157869	276.0002408	5
522	157958	276.000289919999	5
522	158047	276.000339039998	5
522	158157	276.000388159997	5
522	158369	276.0005104	5
522	158442	276.000530879999	5
522	158568	276.000579999998	5
522	158660	276.000600479997	5
522	158756	276.000649599996	5
522	158799	276.000670079995	5
522	158878	276.000719199994	5
522	158921	276.000739679993	5
522	160124	279.0002408	5
522	160662	279.000426399996	5
522	160896	279.000475519995	5
522	161030	279.000524639994	5
522	161769	279.000635439997	5
522	161930	279.000655919996	5
522	163129	279.000866879991	5
522	163306	279.00088735999	5
522	163546	279.001020079991	5
522	163642	279.001093679987	5
522	163685	279.001114159986	5
522	163747	279.001134639985	5
522	164229	282.0002408	5
522	164336	282.000289919999	5
522	164433	282.000339039998	5
522	164543	282.000388159997	5
522	164764	282.0005104	5
522	164947	282.000530879999	5
522	165232	282.000579999998	5
522	165284	282.000600479997	5
522	165416	282.000649599996	5
522	165459	282.000670079995	5
522	165598	282.000826959993	5
522	165641	282.000847439992	5
522	165915	285.0002408	5
522	166004	285.000289919999	5
522	166093	285.000339039998	5
522	166203	285.000388159997	5
522	166415	285.0005104	5
522	166488	285.000530879999	5
522	166614	285.000579999998	5
522	166674	285.000600479997	5
522	166770	285.000649599996	5
522	166813	285.000670079995	5
522	166892	285.000719199994	5
522	166935	285.000739679993	5
522	167209	288.0002408	5
522	167298	288.000289919999	5
522	167387	288.000339039998	5
522	167497	288.000388159997	5
522	167709	288.0005104	5
522	167782	288.000530879999	5
522	167908	288.000579999998	5
522	167968	288.000600479997	5
522	168064	288.000649599996	5
522	168107	288.000670079995	5
522	168186	288.000719199994	5
522	168229	288.000739679993	5
522	168503	291.0002408	5
522	168592	291.000289919999	5
522	168681	291.000339039998	5
522	168791	291.000388159997	5
522	169003	291.0005104	5
522	169076	291.000530879999	5
522	169202	291.000579999998	5
522	169262	291.000600479997	5
522	169358	291.000649599996	5
522	169401	291.000670079995	5
522	169480	291.000719199994	5
522	169523	291.000739679993	5
522	169797	294.0002408	5
522	169886	294.000289919999	5
522	169975	294.000339039998	5
522	170085	294.000388159997	5
522	170297	294.0005104	5
522	170370	294.000530879999	5
522	170496	294.000579999998	5
522	170556	294.000600479997	5
522	170652	294.000649599996	5
522	170695	294.000670079995	5
522	170774	294.000719199994	5
522	170817	294.000739679993	5
522	171091	297.0002408	5
522	171180	297.000289919999	5
522	171269	297.000339039998	5
522	171379	297.000388159997	5
522	171591	297.0005104	5
522	171664	297.000530879999	5
522	171790	297.000579999998	5
522	171850	297.000600479997	5
522	171946	297.000649599996	5
522	171989	297.000670079995	5
522	172068	297.000719199994	5
522	172111	297.000739679993	5
522	172385	300.0002408	5
522	172474	300.000289919999	5
522	172563	300.000339039998	5
522	172673	300.000388159997	5
522	172885	300.0005104	5
522	172958	300.000530879999	5
522	173084	300.000579999998	5
522	173144	300.000600479997	5
522	173240	300.000649599996	5
522	173283	300.000670079995	5
522	173362	300.000719199994	5
522	173405	300.000739679993	5
