522	2071	0.000156399996	5
522	2117	0.000163119995	5
522	2140	0.000169839994	5
522	2186	0.000176559993	5
522	3207	0.000304719989	5
522	3384	0.000331439988	5
522	3445	0.000338159987	5
522	3519	0.000349679986	5
522	3631	0.000362319989	5
522	3767	0.000389039988	5
522	3802	0.000395759987	5
522	3821	0.000407279986	5
522	4023	3.0002408	5
522	4112	3.000289919999	5
522	4201	3.000339039998	5
522	4311	3.000388159997	5
522	4523	3.0005104	5
522	4596	3.000530879999	5
522	4722	3.000579999998	5
522	4782	3.000600479997	5
522	4878	3.000649599996	5
522	4921	3.000670079995	5
522	5000	3.000719199994	5
522	5043	3.000739679993	5
522	5317	6.0002408	5
522	5406	6.000289919999	5
522	5495	6.000339039998	5
522	5605	6.000388159997	5
522	5817	6.0005104	5
522	5890	6.000530879999	5
522	6016	6.000579999998	5
522	6076	6.000600479997	5
522	6172	6.000649599996	5
522	6215	6.000670079995	5
522	6294	6.000719199994	5
522	6337	6.000739679993	5
522	6611	9.0002408	5
522	6700	9.000289919999	5
522	6789	9.000339039998	5
522	6899	9.000388159997	5
522	7111	9.0005104	5
522	7184	9.000530879999	5
522	7310	9.000579999998	5
522	7370	9.000600479997	5
522	7466	9.000649599996	5
522	7509	9.000670079995	5
522	7588	9.000719199994	5
522	7631	9.000739679993	5
522	7905	12.0002408	5
522	7994	12.000289919999	5
522	8083	12.000339039998	5
522	8193	12.000388159997	5
522	8405	12.0005104	5
522	8478	12.000530879999	5
522	8604	12.000579999998	5
522	8664	12.000600479997	5
522	8760	12.000649599996	5
522	8803	12.000670079995	5
522	8882	12.000719199994	5
522	8925	12.000739679993	5
522	9199	15.0002408	5
522	9288	15.000289919999	5
522	9377	15.000339039998	5
522	9487	15.000388159997	5
522	9699	15.0005104	5
522	9772	15.000530879999	5
522	9898	15.000579999998	5
522	9958	15.000600479997	5
522	10054	15.000649599996	5
522	10097	15.000670079995	5
522	10176	15.000719199994	5
522	10219	15.000739679993	5
522	10493	18.0002408	5
522	10582	18.000289919999	5
522	10671	18.000339039998	5
522	10781	18.000388159997	5
522	10993	18.0005104	5
522	11066	18.000530879999	5
522	11192	18.000579999998	5
522	11252	18.000600479997	5
522	11348	18.000649599996	5
522	11391	18.000670079995	5
522	11470	18.000719199994	5
522	11513	18.000739679993	5
522	11787	21.0002408	5
522	11876	21.000289919999	5
522	11965	21.000339039998	5
522	12075	21.000388159997	5
522	12287	21.0005104	5
522	12360	21.000530879999	5
522	12486	21.000579999998	5
522	12546	21.000600479997	5
522	12642	21.000649599996	5
522	12685	21.000670079995	5
522	12764	21.000719199994	5
522	12807	21.000739679993	5
522	13081	24.0002408	5
522	13170	24.000289919999	5
522	13259	24.000339039998	5
522	13369	24.000388159997	5
522	13581	24.0005104	5
522	13654	24.000530879999	5
522	13780	24.000579999998	5
522	13840	24.000600479997	5
522	13936	24.000649599996	5
522	13979	24.000670079995	5
522	14058	24.000719199994	5
522	14101	24.000739679993	5
522	14375	27.0002408	5
522	14464	27.000289919999	5
522	14553	27.000339039998	5
522	14663	27.000388159997	5
522	14875	27.0005104	5
522	14948	27.000530879999	5
522	15074	27.000579999998	5
522	15134	27.000600479997	5
522	15230	27.000649599996	5
522	15273	27.000670079995	5
522	15352	27.000719199994	5
522	15395	27.000739679993	5
522	17317	30.000377359997	5
522	17531	30.000426479996	5
522	17783	30.000475599995	5
522	18056	30.000524719994	5
522	19890	30.000811199993	5
522	19985	30.000831679992	5
522	20417	30.000928479991	5
522	20601	30.00094895999	5
522	21032	30.00113591999	7
522	21075	30.001156399989	7
522	21173	30.001209519986	7
522	21216	30.001229999985	7
522	21880	33.00033712	7
522	21978	33.000386239999	7
522	22696	33.000705279995	7
522	22739	33.000725759994	7
522	22857	33.000774879993	7
522	22900	33.000795359992	7
522	22998	33.000844479991	8
522	23078	33.00089359999	8
522	23409	33.001258559991	8
522	23451	33.00127903999	8
522	23548	33.001328159989	8
522	23591	33.001348639988	8
522	23926	36.00033712	7
522	24026	36.000386239999	7
522	24134	36.000435359998	8
522	24254	36.000484479997	8
522	24627	36.00070304	7
522	24681	36.000723519999	7
522	24819	36.000772639998	7
522	24882	36.000793119997	7
522	25010	36.000849439998	8
522	25052	36.000869919997	8
522	25149	36.000919039996	8
522	25192	36.000939519995	8
522	25527	39.00033712	7
522	25627	39.000386239999	7
522	25735	39.000435359998	8
522	25855	39.000484479997	8
522	26228	39.00070304	7
522	26282	39.000723519999	7
522	26420	39.000772639998	7
522	26483	39.000793119997	7
522	26611	39.000849439998	8
522	26653	39.000869919997	8
522	26750	39.000919039996	8
522	26793	39.000939519995	8
522	27128	42.00033712	7
522	27228	42.000386239999	7
522	27336	42.000435359998	8
522	27456	42.000484479997	8
522	27829	42.00070304	7
522	27883	42.000723519999	7
522	28021	42.000772639998	7
522	28084	42.000793119997	7
522	28212	42.000849439998	8
522	28254	42.000869919997	8
522	28351	42.000919039996	8
522	28394	42.000939519995	8
522	28729	45.00033712	7
522	28829	45.000386239999	7
522	28937	45.000435359998	8
522	29057	45.000484479997	8
522	29430	45.00070304	7
522	29484	45.000723519999	7
522	29622	45.000772639998	7
522	29685	45.000793119997	7
522	29813	45.000849439998	8
522	29855	45.000869919997	8
522	29952	45.000919039996	8
522	29995	45.000939519995	8
522	30330	48.00033712	7
522	30430	48.000386239999	7
522	30538	48.000435359998	8
522	30658	48.000484479997	8
522	31031	48.00070304	7
522	31085	48.000723519999	7
522	31223	48.000772639998	7
522	31286	48.000793119997	7
522	31414	48.000849439998	8
522	31456	48.000869919997	8
522	31553	48.000919039996	8
522	31596	48.000939519995	8
522	31931	51.00033712	7
522	32031	51.000386239999	7
522	32139	51.000435359998	8
522	32259	51.000484479997	8
522	32632	51.00070304	7
522	32686	51.000723519999	7
522	32824	51.000772639998	7
522	32887	51.000793119997	7
522	33015	51.000849439998	8
522	33057	51.000869919997	8
522	33154	51.000919039996	8
522	33197	51.000939519995	8
522	33532	54.00033712	7
522	33632	54.000386239999	7
522	33740	54.000435359998	8
522	33860	54.000484479997	8
522	34233	54.00070304	7
522	34287	54.000723519999	7
522	34425	54.000772639998	7
522	34488	54.000793119997	7
522	34616	54.000849439998	8
522	34658	54.000869919997	8
522	34755	54.000919039996	8
522	34798	54.000939519995	8
522	35133	57.00033712	7
522	35233	57.000386239999	7
522	35341	57.000435359998	8
522	35461	57.000484479997	8
522	35834	57.00070304	7
522	35888	57.000723519999	7
522	36026	57.000772639998	7
522	36089	57.000793119997	7
522	36217	57.000849439998	8
522	36259	57.000869919997	8
522	36356	57.000919039996	8
522	36399	57.000939519995	8
522	38068	60.000560319995	7
522	38321	60.000609439994	8
522	38629	60.000658559993	7
522	38934	60.000707679992	8
522	41376	60.00104327999	5
522	41430	60.001063759989	5
522	41929	60.001160639988	5
522	42000	60.001181119987	5
522	42145	60.001259679987	7
522	42197	60.001280159986	7
522	42296	60.001339999982	7
522	42339	60.001360479981	7
522	43012	63.00033712	7
522	43148	63.000386239999	7
522	43256	63.000435359998	8
522	43401	63.000524639994	6
522	44098	63.00070304	7
522	44266	63.000723519999	7
522	44526	63.000772639998	7
522	44597	63.000793119997	7
522	45642	63.00118783999	8
522	45684	63.001208319989	8
522	45781	63.001261439986	8
522	45824	63.001281919985	8
522	46159	66.00033712	7
522	46259	66.000386239999	7
522	46367	66.000435359998	8
522	46487	66.000484479997	8
522	46860	66.00070304	7
522	46914	66.000723519999	7
522	47052	66.000772639998	7
522	47115	66.000793119997	7
522	47243	66.000849439998	8
522	47285	66.000869919997	8
522	47382	66.000919039996	8
522	47425	66.000939519995	8
522	47637	66.001021119994	8
522	47900	69.00033712	7
522	48000	69.000386239999	7
522	48108	69.000435359998	8
522	48228	69.000484479997	8
522	48601	69.00070304	7
522	48655	69.000723519999	7
522	48793	69.000772639998	7
522	48856	69.000793119997	7
522	48984	69.000849439998	8
522	49026	69.000869919997	8
522	49123	69.000919039996	8
522	49166	69.000939519995	8
522	49501	72.00033712	7
522	49601	72.000386239999	7
522	49709	72.000435359998	8
522	49829	72.000484479997	8
522	50202	72.00070304	7
522	50256	72.000723519999	7
522	50394	72.000772639998	7
522	50457	72.000793119997	7
522	50585	72.000849439998	8
522	50627	72.000869919997	8
522	50724	72.000919039996	8
522	50767	72.000939519995	8
522	51102	75.00033712	7
522	51202	75.000386239999	7
522	51310	75.000435359998	8
522	51430	75.000484479997	8
522	51803	75.00070304	7
522	51857	75.000723519999	7
522	51995	75.000772639998	7
522	52058	75.000793119997	7
522	52186	75.000849439998	8
522	52228	75.000869919997	8
522	52325	75.000919039996	8
522	52368	75.000939519995	8
522	52703	78.00033712	7
522	52803	78.000386239999	7
522	52911	78.000435359998	8
522	53031	78.000484479997	8
522	53404	78.00070304	7
522	53458	78.000723519999	7
522	53596	78.000772639998	7
522	53659	78.000793119997	7
522	53787	78.000849439998	8
522	53829	78.000869919997	8
522	53926	78.000919039996	8
522	53969	78.000939519995	8
522	54304	81.00033712	7
522	54404	81.000386239999	7
522	54512	81.000435359998	8
522	54632	81.000484479997	8
522	55005	81.00070304	7
522	55059	81.000723519999	7
522	55197	81.000772639998	7
522	55260	81.000793119997	7
522	55388	81.000849439998	8
522	55430	81.000869919997	8
522	55527	81.000919039996	8
522	55570	81.000939519995	8
522	55905	84.00033712	7
522	56005	84.000386239999	7
522	56113	84.000435359998	8
522	56233	84.000484479997	8
522	56606	84.00070304	7
522	56660	84.000723519999	7
522	56798	84.000772639998	7
522	56861	84.000793119997	7
522	56989	84.000849439998	8
522	57031	84.000869919997	8
522	57128	84.000919039996	8
522	57171	84.000939519995	8
522	57506	87.00033712	7
522	57606	87.000386239999	7
522	57714	87.000435359998	8
522	57834	87.000484479997	8
522	58207	87.00070304	7
522	58261	87.000723519999	7
522	58399	87.000772639998	7
522	58462	87.000793119997	7
522	58590	87.000849439998	8
522	58632	87.000869919997	8
522	58729	87.000919039996	8
522	58772	87.000939519995	8
522	59596	90.00033712	7
522	59728	90.000386239999	7
522	59900	90.000435359998	8
522	60044	90.000484479997	8
522	61574	90.000834719996	7
522	61861	90.000875359992	7
522	62372	90.000934079991	7
522	62574	90.00095455999	7
522	63114	90.001003679989	8
522	63213	90.001024159988	8
522	63508	90.001073279987	8
522	63709	90.001093759986	8
522	65135	93.000462559997	5
522	65489	93.000511679996	5
522	66248	93.000780639994	7
522	66490	93.000829759993	7
522	66803	93.000911999993	6
522	66876	93.000932479992	6
522	67035	93.001011359988	6
522	67097	93.001031839987	6
522	67296	93.001146559994	7
522	67339	93.001167039993	7
522	67437	93.001216159992	7
522	67480	93.001236639991	7
522	68144	96.00033712	7
522	68242	96.000386239999	7
522	68960	96.000705279995	7
522	69003	96.000725759994	7
522	69121	96.000774879993	7
522	69164	96.000795359992	7
522	69262	96.000844479991	8
522	69342	96.00089359999	8
522	69673	96.001258559991	8
522	69715	96.00127903999	8
522	69812	96.001328159989	8
522	69855	96.001348639988	8
522	70190	99.00033712	7
522	70290	99.000386239999	7
522	70398	99.000435359998	8
522	70518	99.000484479997	8
522	70891	99.00070304	7
522	70945	99.000723519999	7
522	71083	99.000772639998	7
522	71146	99.000793119997	7
522	71274	99.000849439998	8
522	71316	99.000869919997	8
522	71413	99.000919039996	8
522	71456	99.000939519995	8
522	71791	102.00033712	7
522	71891	102.000386239999	7
522	71999	102.000435359998	8
522	72119	102.000484479997	8
522	72492	102.00070304	7
522	72546	102.000723519999	7
522	72684	102.000772639998	7
522	72747	102.000793119997	7
522	72875	102.000849439998	8
522	72917	102.000869919997	8
522	73014	102.000919039996	8
522	73057	102.000939519995	8
522	73392	105.00033712	7
522	73492	105.000386239999	7
522	73600	105.000435359998	8
522	73720	105.000484479997	8
522	74093	105.00070304	7
522	74147	105.000723519999	7
522	74285	105.000772639998	7
522	74348	105.000793119997	7
522	74476	105.000849439998	8
522	74518	105.000869919997	8
522	74615	105.000919039996	8
522	74658	105.000939519995	8
522	74993	108.00033712	7
522	75093	108.000386239999	7
522	75201	108.000435359998	8
522	75321	108.000484479997	8
522	75694	108.00070304	7
522	75748	108.000723519999	7
522	75886	108.000772639998	7
522	75949	108.000793119997	7
522	76077	108.000849439998	8
522	76119	108.000869919997	8
522	76216	108.000919039996	8
522	76259	108.000939519995	8
522	76594	111.00033712	7
522	76694	111.000386239999	7
522	76802	111.000435359998	8
522	76922	111.000484479997	8
522	77295	111.00070304	7
522	77349	111.000723519999	7
522	77487	111.000772639998	7
522	77550	111.000793119997	7
522	77678	111.000849439998	8
522	77720	111.000869919997	8
522	77817	111.000919039996	8
522	77860	111.000939519995	8
522	78195	114.00033712	7
522	78295	114.000386239999	7
522	78403	114.000435359998	8
522	78523	114.000484479997	8
522	78896	114.00070304	7
522	78950	114.000723519999	7
522	79088	114.000772639998	7
522	79151	114.000793119997	7
522	79279	114.000849439998	8
522	79321	114.000869919997	8
522	79418	114.000919039996	8
522	79461	114.000939519995	8
522	79796	117.00033712	7
522	79896	117.000386239999	7
522	80004	117.000435359998	8
522	80124	117.000484479997	8
522	80497	117.00070304	7
522	80551	117.000723519999	7
522	80689	117.000772639998	7
522	80752	117.000793119997	7
522	80880	117.000849439998	8
522	80922	117.000869919997	8
522	81019	117.000919039996	8
522	81062	117.000939519995	8
522	81397	120.00033712	7
522	81524	120.000386239999	7
522	81746	120.000442079997	8
522	82003	120.000497919995	8
522	83166	120.000879199995	7
522	83286	120.000899679994	7
522	83754	120.000948799993	7
522	84041	120.000969279992	7
522	84956	120.001138799989	8
522	85029	120.001159279988	8
522	85343	120.001208399987	8
522	85480	120.001228879986	8
522	86392	123.00033712	7
522	87045	123.000484479997	8
522	87439	123.000533599996	7
522	87660	123.000582719995	8
522	89717	123.000923279993	5
522	89893	123.000943759992	5
522	90171	123.000996879989	5
522	90268	123.001017359988	5
522	90403	123.001066479987	7
522	90455	123.001086959986	7
522	90574	123.001202079987	7
522	90617	123.001222559986	7
522	91234	126.00033712	7
522	91340	126.000386239999	7
522	91638	126.000560799995	6
522	91757	126.000609919994	6
522	91976	126.00070304	7
522	92038	126.000723519999	7
522	92361	126.000772639998	7
522	92495	126.000793119997	7
522	93845	126.001471679983	8
522	93887	126.001492159982	8
522	93984	126.001541279981	8
522	94027	126.00156175998	8
522	94362	129.00033712	7
522	94462	129.000386239999	7
522	94570	129.000435359998	8
522	94690	129.000484479997	8
522	95063	129.00070304	7
522	95117	129.000723519999	7
522	95255	129.000772639998	7
522	95318	129.000793119997	7
522	95446	129.000849439998	8
522	95488	129.000869919997	8
522	95585	129.000919039996	8
522	95628	129.000939519995	8
522	95963	132.00033712	7
522	96063	132.000386239999	7
522	96171	132.000435359998	8
522	96291	132.000484479997	8
522	96664	132.00070304	7
522	96718	132.000723519999	7
522	96856	132.000772639998	7
522	96919	132.000793119997	7
522	97047	132.000849439998	8
522	97089	132.000869919997	8
522	97186	132.000919039996	8
522	97229	132.000939519995	8
522	97564	135.00033712	7
522	97664	135.000386239999	7
522	97772	135.000435359998	8
522	97892	135.000484479997	8
522	98265	135.00070304	7
522	98319	135.000723519999	7
522	98457	135.000772639998	7
522	98520	135.000793119997	7
522	98648	135.000849439998	8
522	98690	135.000869919997	8
522	98787	135.000919039996	8
522	98830	135.000939519995	8
522	99165	138.00033712	7
522	99265	138.000386239999	7
522	99373	138.000435359998	8
522	99493	138.000484479997	8
522	99866	138.00070304	7
522	99920	138.000723519999	7
522	100058	138.000772639998	7
522	100121	138.000793119997	7
522	100249	138.000849439998	8
522	100291	138.000869919997	8
522	100388	138.000919039996	8
522	100431	138.000939519995	8
522	100766	141.00033712	7
522	100866	141.000386239999	7
522	100974	141.000435359998	8
522	101094	141.000484479997	8
522	101467	141.00070304	7
522	101521	141.000723519999	7
522	101659	141.000772639998	7
522	101722	141.000793119997	7
522	101850	141.000849439998	8
522	101892	141.000869919997	8
522	101989	141.000919039996	8
522	102032	141.000939519995	8
522	102367	144.00033712	7
522	102467	144.000386239999	7
522	102575	144.000435359998	8
522	102695	144.000484479997	8
522	103068	144.00070304	7
522	103122	144.000723519999	7
522	103260	144.000772639998	7
522	103323	144.000793119997	7
522	103451	144.000849439998	8
522	103493	144.000869919997	8
522	103590	144.000919039996	8
522	103633	144.000939519995	8
522	103968	147.00033712	7
522	104068	147.000386239999	7
522	104176	147.000435359998	8
522	104296	147.000484479997	8
522	104669	147.00070304	7
522	104723	147.000723519999	7
522	104861	147.000772639998	7
522	104924	147.000793119997	7
522	105052	147.000849439998	8
522	105094	147.000869919997	8
522	105191	147.000919039996	8
522	105234	147.000939519995	8
522	105569	150.00033712	7
522	105669	150.000386239999	7
522	105777	150.000435359998	8
522	105897	150.000484479997	8
522	106270	150.00070304	7
522	106324	150.000723519999	7
522	106462	150.000772639998	7
522	106525	150.000793119997	7
522	106685	150.000849439998	8
522	106727	150.000869919997	8
522	106824	150.000919039996	8
522	106875	150.000939519995	8
522	107883	153.000386239999	7
522	108309	153.000478399998	7
522	108867	153.000576719996	8
522	109153	153.000625839995	8
522	110830	153.000883839995	7
522	110965	153.000904319994	7
522	112004	153.001067039993	5
522	112082	153.001087519992	5
522	112210	153.001191519986	8
522	112298	153.001240639985	7
522	112341	153.001261119984	7
522	112403	153.001281599983	8
522	113287	156.00033712	7
522	113546	156.000386239999	5
522	113723	156.000435359998	8
522	114081	156.000619679996	7
522	114426	156.00070304	7
522	114599	156.000723519999	7
522	114969	156.000835679995	6
522	115033	156.000856159994	6
522	115177	156.00093503999	6
522	115253	156.000955519989	6
522	115341	156.001004639988	7
522	115384	156.001025119987	7
522	116112	159.00033712	7
522	116210	159.000386239999	7
522	116928	159.000705279995	7
522	116971	159.000725759994	7
522	117089	159.000774879993	7
522	117132	159.000795359992	7
522	117230	159.000844479991	8
522	117310	159.00089359999	8
522	117641	159.001258559991	8
522	117683	159.00127903999	8
522	117780	159.001328159989	8
522	117823	159.001348639988	8
522	118158	162.00033712	7
522	118258	162.000386239999	7
522	118366	162.000435359998	8
522	118486	162.000484479997	8
522	118859	162.00070304	7
522	118913	162.000723519999	7
522	119051	162.000772639998	7
522	119114	162.000793119997	7
522	119242	162.000849439998	8
522	119284	162.000869919997	8
522	119381	162.000919039996	8
522	119424	162.000939519995	8
522	119759	165.00033712	7
522	119859	165.000386239999	7
522	119967	165.000435359998	8
522	120087	165.000484479997	8
522	120460	165.00070304	7
522	120514	165.000723519999	7
522	120652	165.000772639998	7
522	120715	165.000793119997	7
522	120843	165.000849439998	8
522	120885	165.000869919997	8
522	120982	165.000919039996	8
522	121025	165.000939519995	8
522	121360	168.00033712	7
522	121460	168.000386239999	7
522	121568	168.000435359998	8
522	121688	168.000484479997	8
522	122061	168.00070304	7
522	122115	168.000723519999	7
522	122253	168.000772639998	7
522	122316	168.000793119997	7
522	122444	168.000849439998	8
522	122486	168.000869919997	8
522	122583	168.000919039996	8
522	122626	168.000939519995	8
522	122961	171.00033712	7
522	123061	171.000386239999	7
522	123169	171.000435359998	8
522	123289	171.000484479997	8
522	123662	171.00070304	7
522	123716	171.000723519999	7
522	123854	171.000772639998	7
522	123917	171.000793119997	7
522	124045	171.000849439998	8
522	124087	171.000869919997	8
522	124184	171.000919039996	8
522	124227	171.000939519995	8
522	124562	174.00033712	7
522	124662	174.000386239999	7
522	124770	174.000435359998	8
522	124890	174.000484479997	8
522	125263	174.00070304	7
522	125317	174.000723519999	7
522	125455	174.000772639998	7
522	125518	174.000793119997	7
522	125646	174.000849439998	8
522	125688	174.000869919997	8
522	125785	174.000919039996	8
522	125828	174.000939519995	8
522	126163	177.00033712	7
522	126263	177.000386239999	7
522	126371	177.000435359998	8
522	126491	177.000484479997	8
522	126864	177.00070304	7
522	126918	177.000723519999	7
522	127056	177.000772639998	7
522	127119	177.000793119997	7
522	127247	177.000849439998	8
522	127289	177.000869919997	8
522	127386	177.000919039996	8
522	127429	177.000939519995	8
522	127764	180.00033712	7
522	127864	180.000386239999	7
522	127972	180.000435359998	8
522	128092	180.000484479997	8
522	128465	180.00070304	7
522	128519	180.000723519999	7
522	128657	180.000772639998	7
522	128720	180.000793119997	7
522	128848	180.000849439998	8
522	128890	180.000869919997	8
522	128987	180.000919039996	8
522	129030	180.000939519995	8
522	129365	183.00033712	7
522	129497	183.000386239999	7
522	129669	183.000435359998	8
522	129861	183.000484479997	8
522	130947	183.000772639998	7
522	131043	183.000793119997	7
522	131562	183.000878639989	7
522	131704	183.000899119988	7
522	132394	183.001018719994	8
522	132475	183.001039199993	8
522	132813	183.001088319992	8
522	132950	183.001108799991	8
522	134674	186.000388799997	5
522	134914	186.000475519995	7
522	135140	186.000524639994	8
522	135391	186.000628319993	7
522	136477	186.000802879997	8
522	136529	186.000823359996	8
522	136911	186.00092591999	5
522	137052	186.000946399989	5
522	137228	186.000995519988	7
522	137290	186.001015999987	7
522	137437	186.001175039988	7
522	137480	186.001195519987	7
522	138097	189.00033712	7
522	138203	189.000386239999	7
522	138501	189.000560799995	6
522	138620	189.000609919994	6
522	138839	189.00070304	7
522	138901	189.000723519999	7
522	139224	189.000772639998	7
522	139358	189.000793119997	7
522	140708	189.001471679983	8
522	140750	189.001492159982	8
522	140847	189.001541279981	8
522	140890	189.00156175998	8
522	141225	192.00033712	7
522	141325	192.000386239999	7
522	141433	192.000435359998	8
522	141553	192.000484479997	8
522	141926	192.00070304	7
522	141980	192.000723519999	7
522	142118	192.000772639998	7
522	142181	192.000793119997	7
522	142309	192.000849439998	8
522	142351	192.000869919997	8
522	142448	192.000919039996	8
522	142491	192.000939519995	8
522	142826	195.00033712	7
522	142926	195.000386239999	7
522	143034	195.000435359998	8
522	143154	195.000484479997	8
522	143527	195.00070304	7
522	143581	195.000723519999	7
522	143719	195.000772639998	7
522	143782	195.000793119997	7
522	143910	195.000849439998	8
522	143952	195.000869919997	8
522	144049	195.000919039996	8
522	144092	195.000939519995	8
522	144427	198.00033712	7
522	144527	198.000386239999	7
522	144635	198.000435359998	8
522	144755	198.000484479997	8
522	145128	198.00070304	7
522	145182	198.000723519999	7
522	145320	198.000772639998	7
522	145383	198.000793119997	7
522	145511	198.000849439998	8
522	145553	198.000869919997	8
522	145650	198.000919039996	8
522	145693	198.000939519995	8
522	146028	201.00033712	7
522	146128	201.000386239999	7
522	146236	201.000435359998	8
522	146356	201.000484479997	8
522	146729	201.00070304	7
522	146783	201.000723519999	7
522	146921	201.000772639998	7
522	146984	201.000793119997	7
522	147112	201.000849439998	8
522	147154	201.000869919997	8
522	147251	201.000919039996	8
522	147294	201.000939519995	8
522	147629	204.00033712	7
522	147729	204.000386239999	7
522	147837	204.000435359998	8
522	147957	204.000484479997	8
522	148330	204.00070304	7
522	148384	204.000723519999	7
522	148522	204.000772639998	7
522	148585	204.000793119997	7
522	148713	204.000849439998	8
522	148755	204.000869919997	8
522	148852	204.000919039996	8
522	148895	204.000939519995	8
522	149230	207.00033712	7
522	149330	207.000386239999	7
522	149438	207.000435359998	8
522	149558	207.000484479997	8
522	149931	207.00070304	7
522	149985	207.000723519999	7
522	150123	207.000772639998	7
522	150186	207.000793119997	7
522	150314	207.000849439998	8
522	150356	207.000869919997	8
522	150453	207.000919039996	8
522	150496	207.000939519995	8
522	150831	210.00033712	7
522	150931	210.000386239999	7
522	151039	210.000435359998	8
522	151159	210.000484479997	8
522	151532	210.00070304	7
522	151586	210.000723519999	7
522	151724	210.000772639998	7
522	151787	210.000793119997	7
522	151915	210.000849439998	8
522	151957	210.000869919997	8
522	152054	210.000919039996	8
522	152097	210.000939519995	8
522	152432	213.00033712	7
522	152532	213.000386239999	7
522	152640	213.000435359998	8
522	152760	213.000484479997	8
522	153133	213.00070304	7
522	153187	213.000723519999	7
522	153357	213.000772639998	7
522	153420	213.000793119997	7
522	153599	213.000849439998	8
522	153718	213.000869919997	8
522	154260	213.001088319992	8
522	154303	213.001108799991	8
522	155340	216.000386239999	7
522	155813	216.000478399998	7
522	156263	216.000568079993	8
522	156536	216.000622959992	8
522	158220	216.000877199996	7
522	158503	216.000897679995	7
522	159283	216.001008559988	5
522	159335	216.001029039987	5
522	159472	216.001107919983	5
522	159523	216.001128399982	5
522	159620	216.001188239985	7
522	159663	216.001208719984	7
522	160331	219.00033712	7
522	160603	219.000386239999	8
522	160772	219.000435359998	8
522	161176	219.000625759995	7
522	161479	219.00070304	7
522	161653	219.000723519999	7
522	162026	219.000835679995	6
522	162090	219.000856159994	6
522	162234	219.00093503999	6
522	162309	219.000955519989	6
522	162396	219.001004639988	7
522	162439	219.001025119987	7
522	163167	222.00033712	7
522	163265	222.000386239999	7
522	163983	222.000705279995	7
522	164026	222.000725759994	7
522	164144	222.000774879993	7
522	164187	222.000795359992	7
522	164285	222.000844479991	8
522	164365	222.00089359999	8
522	164696	222.001258559991	8
522	164738	222.00127903999	8
522	164835	222.001328159989	8
522	164878	222.001348639988	8
522	165213	225.00033712	7
522	165313	225.000386239999	7
522	165421	225.000435359998	8
522	165541	225.000484479997	8
522	165914	225.00070304	7
522	165968	225.000723519999	7
522	166106	225.000772639998	7
522	166169	225.000793119997	7
522	166297	225.000849439998	8
522	166339	225.000869919997	8
522	166436	225.000919039996	8
522	166479	225.000939519995	8
522	166814	228.00033712	7
522	166914	228.000386239999	7
522	167022	228.000435359998	8
522	167142	228.000484479997	8
522	167515	228.00070304	7
522	167569	228.000723519999	7
522	167707	228.000772639998	7
522	167770	228.000793119997	7
522	167898	228.000849439998	8
522	167940	228.000869919997	8
522	168037	228.000919039996	8
522	168080	228.000939519995	8
522	168415	231.00033712	7
522	168515	231.000386239999	7
522	168623	231.000435359998	8
522	168743	231.000484479997	8
522	169116	231.00070304	7
522	169170	231.000723519999	7
522	169308	231.000772639998	7
522	169371	231.000793119997	7
522	169499	231.000849439998	8
522	169541	231.000869919997	8
522	169638	231.000919039996	8
522	169681	231.000939519995	8
522	170016	234.00033712	7
522	170116	234.000386239999	7
522	170224	234.000435359998	8
522	170344	234.000484479997	8
522	170717	234.00070304	7
522	170771	234.000723519999	7
522	170909	234.000772639998	7
522	170972	234.000793119997	7
522	171100	234.000849439998	8
522	171142	234.000869919997	8
522	171239	234.000919039996	8
522	171282	234.000939519995	8
522	171617	237.00033712	7
522	171717	237.000386239999	7
522	171825	237.000435359998	8
522	171945	237.000484479997	8
522	172318	237.00070304	7
522	172372	237.000723519999	7
522	172510	237.000772639998	7
522	172573	237.000793119997	7
522	172701	237.000849439998	8
522	172743	237.000869919997	8
522	172840	237.000919039996	8
522	172883	237.000939519995	8
522	173218	240.00033712	7
522	173318	240.000386239999	7
522	173426	240.000435359998	8
522	173546	240.000484479997	8
522	173919	240.00070304	7
522	173980	240.000723519999	7
522	174107	240.000772639998	7
522	174178	240.000793119997	7
522	174378	240.000849439998	8
522	174510	240.000876639996	8
522	174600	240.000925759995	8
522	174722	240.000952959993	8
522	175539	243.000387839999	7
522	175639	243.000436959998	7
522	175747	243.000486079997	8
522	175867	243.000535199996	8
522	176240	243.000753759999	7
522	176294	243.000774239998	7
522	176432	243.000823359997	7
522	176495	243.000843839996	7
522	176623	243.000900159997	8
522	176665	243.000920639996	8
522	176794	243.000969759995	8
522	176837	243.000990239994	8
522	177312	246.00033712	7
522	177444	246.000386239999	7
522	177616	246.000435359998	8
522	178388	246.000622879992	8
522	179103	246.000772639998	7
522	179204	246.000793119997	7
522	179516	246.000842239996	7
522	179589	246.000862719995	7
522	180436	246.000981119994	8
522	180594	246.001001599993	8
522	181274	246.001207839987	8
522	181347	246.001228319986	8
522	183110	249.000462559997	5
522	183200	249.000511679996	7
522	183424	249.000560799995	5
522	183634	249.000632479994	7
522	184734	249.000909839992	6
522	184814	249.000930319991	6
522	184954	249.00097943999	8
522	185154	249.000999919989	8
522	185385	249.001049039988	7
522	185462	249.001069519987	7
522	185628	249.001245759987	7
522	185671	249.001266239986	7
522	186216	252.00033712	7
522	186345	252.000386239999	7
522	186460	252.000435359998	8
522	186613	252.000529439995	6
522	187301	252.00070304	7
522	187449	252.000723519999	7
522	187730	252.000772639998	7
522	187801	252.000793119997	7
522	188846	252.00118783999	8
522	188888	252.001208319989	8
522	188985	252.001261439986	8
522	189028	252.001281919985	8
522	189363	255.00033712	7
522	189463	255.000386239999	7
522	189571	255.000435359998	8
522	189691	255.000484479997	8
522	190064	255.00070304	7
522	190118	255.000723519999	7
522	190256	255.000772639998	7
522	190319	255.000793119997	7
522	190447	255.000849439998	8
522	190489	255.000869919997	8
522	190586	255.000919039996	8
522	190629	255.000939519995	8
522	190964	258.00033712	7
522	191064	258.000386239999	7
522	191172	258.000435359998	8
522	191292	258.000484479997	8
522	191665	258.00070304	7
522	191719	258.000723519999	7
522	191857	258.000772639998	7
522	191920	258.000793119997	7
522	192048	258.000849439998	8
522	192090	258.000869919997	8
522	192187	258.000919039996	8
522	192230	258.000939519995	8
522	192565	261.00033712	7
522	192665	261.000386239999	7
522	192773	261.000435359998	8
522	192893	261.000484479997	8
522	193266	261.00070304	7
522	193320	261.000723519999	7
522	193458	261.000772639998	7
522	193521	261.000793119997	7
522	193649	261.000849439998	8
522	193691	261.000869919997	8
522	193788	261.000919039996	8
522	193831	261.000939519995	8
522	194166	264.00033712	7
522	194266	264.000386239999	7
522	194374	264.000435359998	8
522	194494	264.000484479997	8
522	194867	264.00070304	7
522	194921	264.000723519999	7
522	195059	264.000772639998	7
522	195122	264.000793119997	7
522	195250	264.000849439998	8
522	195292	264.000869919997	8
522	195389	264.000919039996	8
522	195432	264.000939519995	8
522	195767	267.00033712	7
522	195867	267.000386239999	7
522	195975	267.000435359998	8
522	196095	267.000484479997	8
522	196468	267.00070304	7
522	196522	267.000723519999	7
522	196660	267.000772639998	7
522	196723	267.000793119997	7
522	196851	267.000849439998	8
522	196893	267.000869919997	8
522	196990	267.000919039996	8
522	197033	267.000939519995	8
522	197368	270.00033712	7
522	197468	270.000386239999	7
522	197576	270.000435359998	8
522	197696	270.000484479997	8
522	198069	270.00070304	7
522	198123	270.000723519999	7
522	198261	270.000772639998	7
522	198324	270.000793119997	7
522	198452	270.000849439998	8
522	198494	270.000869919997	8
522	198591	270.000919039996	8
522	198634	270.000939519995	8
522	198969	273.00033712	7
522	199069	273.000386239999	7
522	199177	273.000435359998	8
522	199297	273.000484479997	8
522	199670	273.00070304	7
522	199724	273.000723519999	7
522	199862	273.000772639998	7
522	199925	273.000793119997	7
522	200053	273.000849439998	8
522	200095	273.000869919997	8
522	200192	273.000919039996	8
522	200235	273.000939519995	8
522	200570	276.00033712	7
522	200670	276.000386239999	7
522	200778	276.000435359998	8
522	200898	276.000484479997	8
522	201399	276.00070304	7
522	201453	276.000723519999	7
522	201623	276.000772639998	7
522	201686	276.000793119997	7
522	201878	276.000849439998	8
522	201920	276.000869919997	8
522	202462	276.001088319992	8
522	202531	276.001108799991	8
522	203672	279.000386239999	7
522	203984	279.000470799994	7
522	204727	279.000658559993	8
522	205154	279.000707679992	8
522	206186	279.000888479987	7
522	206469	279.000908959986	7
522	207490	279.001084159986	5
522	207555	279.001104639985	5
522	207705	279.001176799985	7
522	207758	279.001197279984	7
522	207859	279.001273119981	5
522	207902	279.00129359998	5
522	208721	282.00033712	7
522	209026	282.000426399996	6
522	209151	282.000475519995	8
522	209402	282.000625759995	7
522	209610	282.00070304	7
522	209697	282.000723519999	7
522	210182	282.000840479996	8
522	210246	282.000860959995	8
522	210424	282.00094543999	6
522	210475	282.000965919989	6
522	210554	282.001015039988	7
522	210597	282.001035519987	7
522	211293	285.00033712	7
522	211391	285.000386239999	7
522	212109	285.000705279995	7
522	212152	285.000725759994	7
522	212270	285.000774879993	7
522	212313	285.000795359992	7
522	212411	285.000844479991	8
522	212491	285.00089359999	8
522	212822	285.001258559991	8
522	212864	285.00127903999	8
522	212961	285.001328159989	8
522	213004	285.001348639988	8
522	213339	288.00033712	7
522	213439	288.000386239999	7
522	213547	288.000435359998	8
522	213667	288.000484479997	8
522	214040	288.00070304	7
522	214094	288.000723519999	7
522	214232	288.000772639998	7
522	214295	288.000793119997	7
522	214423	288.000849439998	8
522	214465	288.000869919997	8
522	214562	288.000919039996	8
522	214605	288.000939519995	8
522	214940	291.00033712	7
522	215040	291.000386239999	7
522	215148	291.000435359998	8
522	215268	291.000484479997	8
522	215641	291.00070304	7
522	215695	291.000723519999	7
522	215833	291.000772639998	7
522	215896	291.000793119997	7
522	216024	291.000849439998	8
522	216066	291.000869919997	8
522	216163	291.000919039996	8
522	216206	291.000939519995	8
522	216541	294.00033712	7
522	216641	294.000386239999	7
522	216749	294.000435359998	8
522	216869	294.000484479997	8
522	217242	294.00070304	7
522	217296	294.000723519999	7
522	217434	294.000772639998	7
522	217497	294.000793119997	7
522	217625	294.000849439998	8
522	217667	294.000869919997	8
522	217764	294.000919039996	8
522	217807	294.000939519995	8
522	218142	297.00033712	7
522	218242	297.000386239999	7
522	218350	297.000435359998	8
522	218470	297.000484479997	8
522	218843	297.00070304	7
522	218897	297.000723519999	7
522	219035	297.000772639998	7
522	219098	297.000793119997	7
522	219226	297.000849439998	8
522	219268	297.000869919997	8
522	219365	297.000919039996	8
522	219408	297.000939519995	8
522	219743	300.00033712	7
522	219843	300.000386239999	7
522	219951	300.000435359998	8
522	220071	300.000484479997	8
522	220444	300.00070304	7
522	220498	300.000723519999	7
522	220636	300.000772639998	7
522	220699	300.000793119997	7
522	220827	300.000849439998	8
522	220869	300.000869919997	8
522	220966	300.000919039996	8
522	221009	300.000939519995	8
