520	4601	3.000530879999	0.000530879999
520	4787	3.000600479997	0.000600479997
520	4926	3.000670079995	0.000670079995
520	5048	3.000739679993	0.000739679993
520	5895	6.000530879999	0.000530879999
520	6081	6.000600479997	0.000600479997
520	6220	6.000670079995	0.000670079995
520	6342	6.000739679993	0.000739679993
520	7189	9.000530879999	0.000530879999
520	7375	9.000600479997	0.000600479997
520	7514	9.000670079995	0.000670079995
520	7636	9.000739679993	0.000739679993
520	8483	12.000530879999	0.000530879999
520	8669	12.000600479997	0.000600479997
520	8808	12.000670079995	0.000670079995
520	8930	12.000739679993	0.000739679993
520	9777	15.000530879999	0.000530879999
520	9963	15.000600479997	0.000600479997
520	10102	15.000670079995	0.000670079995
520	10224	15.000739679993	0.000739679993
520	11071	18.000530879999	0.000530879999
520	11257	18.000600479997	0.000600479997
520	11396	18.000670079995	0.000670079995
520	11518	18.000739679993	0.000739679993
520	12365	21.000530879999	0.000530879999
520	12551	21.000600479997	0.000600479997
520	12690	21.000670079995	0.000670079995
520	12812	21.000739679993	0.000739679993
520	13659	24.000530879999	0.000530879999
520	13845	24.000600479997	0.000600479997
520	13984	24.000670079995	0.000670079995
520	14106	24.000739679993	0.000739679993
520	14953	27.000530879999	0.000530879999
520	15139	27.000600479997	0.000600479997
520	15278	27.000670079995	0.000670079995
520	15400	27.000739679993	0.000739679993
520	19990	30.000831679992	0.000831679992
520	20606	30.00094895999	0.00094895999
520	21080	30.001156399989	0.001156399989
520	21221	30.001229999985	0.001229999985
520	22744	33.000725759994	0.000725759994
520	22905	33.000795359992	0.000795359992
520	23456	33.00127903999	0.00127903999
520	23596	33.001348639988	0.001348639988
520	24686	36.000723519999	0.000723519999
520	24887	36.000793119997	0.000793119997
520	25057	36.000869919997	0.000869919997
520	25197	36.000939519995	0.000939519995
520	26287	39.000723519999	0.000723519999
520	26488	39.000793119997	0.000793119997
520	26658	39.000869919997	0.000869919997
520	26798	39.000939519995	0.000939519995
520	27888	42.000723519999	0.000723519999
520	28089	42.000793119997	0.000793119997
520	28259	42.000869919997	0.000869919997
520	28399	42.000939519995	0.000939519995
520	29489	45.000723519999	0.000723519999
520	29690	45.000793119997	0.000793119997
520	29860	45.000869919997	0.000869919997
520	30000	45.000939519995	0.000939519995
520	31090	48.000723519999	0.000723519999
520	31291	48.000793119997	0.000793119997
520	31461	48.000869919997	0.000869919997
520	31601	48.000939519995	0.000939519995
520	32691	51.000723519999	0.000723519999
520	32892	51.000793119997	0.000793119997
520	33062	51.000869919997	0.000869919997
520	33202	51.000939519995	0.000939519995
520	34292	54.000723519999	0.000723519999
520	34493	54.000793119997	0.000793119997
520	34663	54.000869919997	0.000869919997
520	34803	54.000939519995	0.000939519995
520	35893	57.000723519999	0.000723519999
520	36094	57.000793119997	0.000793119997
520	36264	57.000869919997	0.000869919997
520	36404	57.000939519995	0.000939519995
520	41435	60.001063759989	0.001063759989
520	42005	60.001181119987	0.001181119987
520	42202	60.001280159986	0.001280159986
520	42344	60.001360479981	0.001360479981
520	44271	63.000723519999	0.000723519999
520	44602	63.000793119997	0.000793119997
520	45689	63.001208319989	0.001208319989
520	45829	63.001281919985	0.001281919985
520	46919	66.000723519999	0.000723519999
520	47120	66.000793119997	0.000793119997
520	47290	66.000869919997	0.000869919997
520	47430	66.000939519995	0.000939519995
520	48660	69.000723519999	0.000723519999
520	48861	69.000793119997	0.000793119997
520	49031	69.000869919997	0.000869919997
520	49171	69.000939519995	0.000939519995
520	50261	72.000723519999	0.000723519999
520	50462	72.000793119997	0.000793119997
520	50632	72.000869919997	0.000869919997
520	50772	72.000939519995	0.000939519995
520	51862	75.000723519999	0.000723519999
520	52063	75.000793119997	0.000793119997
520	52233	75.000869919997	0.000869919997
520	52373	75.000939519995	0.000939519995
520	53463	78.000723519999	0.000723519999
520	53664	78.000793119997	0.000793119997
520	53834	78.000869919997	0.000869919997
520	53974	78.000939519995	0.000939519995
520	55064	81.000723519999	0.000723519999
520	55265	81.000793119997	0.000793119997
520	55435	81.000869919997	0.000869919997
520	55575	81.000939519995	0.000939519995
520	56665	84.000723519999	0.000723519999
520	56866	84.000793119997	0.000793119997
520	57036	84.000869919997	0.000869919997
520	57176	84.000939519995	0.000939519995
520	58266	87.000723519999	0.000723519999
520	58467	87.000793119997	0.000793119997
520	58637	87.000869919997	0.000869919997
520	58777	87.000939519995	0.000939519995
520	61866	90.000875359992	0.000875359992
520	62579	90.00095455999	0.00095455999
520	63218	90.001024159988	0.001024159988
520	63714	90.001093759986	0.001093759986
520	66881	93.000932479992	0.000932479992
520	67102	93.001031839987	0.001031839987
520	67344	93.001167039993	0.001167039993
520	67485	93.001236639991	0.001236639991
520	69008	96.000725759994	0.000725759994
520	69169	96.000795359992	0.000795359992
520	69720	96.00127903999	0.00127903999
520	69860	96.001348639988	0.001348639988
520	70950	99.000723519999	0.000723519999
520	71151	99.000793119997	0.000793119997
520	71321	99.000869919997	0.000869919997
520	71461	99.000939519995	0.000939519995
520	72551	102.000723519999	0.000723519999
520	72752	102.000793119997	0.000793119997
520	72922	102.000869919997	0.000869919997
520	73062	102.000939519995	0.000939519995
520	74152	105.000723519999	0.000723519999
520	74353	105.000793119997	0.000793119997
520	74523	105.000869919997	0.000869919997
520	74663	105.000939519995	0.000939519995
520	75753	108.000723519999	0.000723519999
520	75954	108.000793119997	0.000793119997
520	76124	108.000869919997	0.000869919997
520	76264	108.000939519995	0.000939519995
520	77354	111.000723519999	0.000723519999
520	77555	111.000793119997	0.000793119997
520	77725	111.000869919997	0.000869919997
520	77865	111.000939519995	0.000939519995
520	78955	114.000723519999	0.000723519999
520	79156	114.000793119997	0.000793119997
520	79326	114.000869919997	0.000869919997
520	79466	114.000939519995	0.000939519995
520	80556	117.000723519999	0.000723519999
520	80757	117.000793119997	0.000793119997
520	80927	117.000869919997	0.000869919997
520	81067	117.000939519995	0.000939519995
520	83291	120.000899679994	0.000899679994
520	84046	120.000969279992	0.000969279992
520	85034	120.001159279988	0.001159279988
520	85485	120.001228879986	0.001228879986
520	89898	123.000943759992	0.000943759992
520	90273	123.001017359988	0.001017359988
520	90460	123.001086959986	0.001086959986
520	90622	123.001222559986	0.001222559986
520	92043	126.000723519999	0.000723519999
520	92500	126.000793119997	0.000793119997
520	93892	126.001492159982	0.001492159982
520	94032	126.00156175998	0.00156175998
520	95122	129.000723519999	0.000723519999
520	95323	129.000793119997	0.000793119997
520	95493	129.000869919997	0.000869919997
520	95633	129.000939519995	0.000939519995
520	96723	132.000723519999	0.000723519999
520	96924	132.000793119997	0.000793119997
520	97094	132.000869919997	0.000869919997
520	97234	132.000939519995	0.000939519995
520	98324	135.000723519999	0.000723519999
520	98525	135.000793119997	0.000793119997
520	98695	135.000869919997	0.000869919997
520	98835	135.000939519995	0.000939519995
520	99925	138.000723519999	0.000723519999
520	100126	138.000793119997	0.000793119997
520	100296	138.000869919997	0.000869919997
520	100436	138.000939519995	0.000939519995
520	101526	141.000723519999	0.000723519999
520	101727	141.000793119997	0.000793119997
520	101897	141.000869919997	0.000869919997
520	102037	141.000939519995	0.000939519995
520	103127	144.000723519999	0.000723519999
520	103328	144.000793119997	0.000793119997
520	103498	144.000869919997	0.000869919997
520	103638	144.000939519995	0.000939519995
520	104728	147.000723519999	0.000723519999
520	104929	147.000793119997	0.000793119997
520	105099	147.000869919997	0.000869919997
520	105239	147.000939519995	0.000939519995
520	106329	150.000723519999	0.000723519999
520	106530	150.000793119997	0.000793119997
520	106732	150.000869919997	0.000869919997
520	106880	150.000939519995	0.000939519995
520	110970	153.000904319994	0.000904319994
520	112087	153.001087519992	0.001087519992
520	112346	153.001261119984	0.001261119984
520	112408	153.001281599983	0.001281599983
520	114604	156.000723519999	0.000723519999
520	115038	156.000856159994	0.000856159994
520	115258	156.000955519989	0.000955519989
520	115389	156.001025119987	0.001025119987
520	116976	159.000725759994	0.000725759994
520	117137	159.000795359992	0.000795359992
520	117688	159.00127903999	0.00127903999
520	117828	159.001348639988	0.001348639988
520	118918	162.000723519999	0.000723519999
520	119119	162.000793119997	0.000793119997
520	119289	162.000869919997	0.000869919997
520	119429	162.000939519995	0.000939519995
520	120519	165.000723519999	0.000723519999
520	120720	165.000793119997	0.000793119997
520	120890	165.000869919997	0.000869919997
520	121030	165.000939519995	0.000939519995
520	122120	168.000723519999	0.000723519999
520	122321	168.000793119997	0.000793119997
520	122491	168.000869919997	0.000869919997
520	122631	168.000939519995	0.000939519995
520	123721	171.000723519999	0.000723519999
520	123922	171.000793119997	0.000793119997
520	124092	171.000869919997	0.000869919997
520	124232	171.000939519995	0.000939519995
520	125322	174.000723519999	0.000723519999
520	125523	174.000793119997	0.000793119997
520	125693	174.000869919997	0.000869919997
520	125833	174.000939519995	0.000939519995
520	126923	177.000723519999	0.000723519999
520	127124	177.000793119997	0.000793119997
520	127294	177.000869919997	0.000869919997
520	127434	177.000939519995	0.000939519995
520	128524	180.000723519999	0.000723519999
520	128725	180.000793119997	0.000793119997
520	128895	180.000869919997	0.000869919997
520	129035	180.000939519995	0.000939519995
520	131048	183.000793119997	0.000793119997
520	131709	183.000899119988	0.000899119988
520	132480	183.001039199993	0.001039199993
520	132955	183.001108799991	0.001108799991
520	136534	186.000823359996	0.000823359996
520	137057	186.000946399989	0.000946399989
520	137295	186.001015999987	0.001015999987
520	137485	186.001195519987	0.001195519987
520	138906	189.000723519999	0.000723519999
520	139363	189.000793119997	0.000793119997
520	140755	189.001492159982	0.001492159982
520	140895	189.00156175998	0.00156175998
520	141985	192.000723519999	0.000723519999
520	142186	192.000793119997	0.000793119997
520	142356	192.000869919997	0.000869919997
520	142496	192.000939519995	0.000939519995
520	143586	195.000723519999	0.000723519999
520	143787	195.000793119997	0.000793119997
520	143957	195.000869919997	0.000869919997
520	144097	195.000939519995	0.000939519995
520	145187	198.000723519999	0.000723519999
520	145388	198.000793119997	0.000793119997
520	145558	198.000869919997	0.000869919997
520	145698	198.000939519995	0.000939519995
520	146788	201.000723519999	0.000723519999
520	146989	201.000793119997	0.000793119997
520	147159	201.000869919997	0.000869919997
520	147299	201.000939519995	0.000939519995
520	148389	204.000723519999	0.000723519999
520	148590	204.000793119997	0.000793119997
520	148760	204.000869919997	0.000869919997
520	148900	204.000939519995	0.000939519995
520	149990	207.000723519999	0.000723519999
520	150191	207.000793119997	0.000793119997
520	150361	207.000869919997	0.000869919997
520	150501	207.000939519995	0.000939519995
520	151591	210.000723519999	0.000723519999
520	151792	210.000793119997	0.000793119997
520	151962	210.000869919997	0.000869919997
520	152102	210.000939519995	0.000939519995
520	153192	213.000723519999	0.000723519999
520	153425	213.000793119997	0.000793119997
520	153723	213.000869919997	0.000869919997
520	154308	213.001108799991	0.001108799991
520	158508	216.000897679995	0.000897679995
520	159340	216.001029039987	0.001029039987
520	159528	216.001128399982	0.001128399982
520	159668	216.001208719984	0.001208719984
520	161658	219.000723519999	0.000723519999
520	162095	219.000856159994	0.000856159994
520	162314	219.000955519989	0.000955519989
520	162444	219.001025119987	0.001025119987
520	164031	222.000725759994	0.000725759994
520	164192	222.000795359992	0.000795359992
520	164743	222.00127903999	0.00127903999
520	164883	222.001348639988	0.001348639988
520	165973	225.000723519999	0.000723519999
520	166174	225.000793119997	0.000793119997
520	166344	225.000869919997	0.000869919997
520	166484	225.000939519995	0.000939519995
520	167574	228.000723519999	0.000723519999
520	167775	228.000793119997	0.000793119997
520	167945	228.000869919997	0.000869919997
520	168085	228.000939519995	0.000939519995
520	169175	231.000723519999	0.000723519999
520	169376	231.000793119997	0.000793119997
520	169546	231.000869919997	0.000869919997
520	169686	231.000939519995	0.000939519995
520	170776	234.000723519999	0.000723519999
520	170977	234.000793119997	0.000793119997
520	171147	234.000869919997	0.000869919997
520	171287	234.000939519995	0.000939519995
520	172377	237.000723519999	0.000723519999
520	172578	237.000793119997	0.000793119997
520	172748	237.000869919997	0.000869919997
520	172888	237.000939519995	0.000939519995
520	173985	240.000723519999	0.000723519999
520	174183	240.000793119997	0.000793119997
520	174515	240.000876639996	0.000876639996
520	174727	240.000952959993	0.000952959993
520	176299	243.000774239998	0.000774239998
520	176500	243.000843839996	0.000843839996
520	176670	243.000920639996	0.000920639996
520	176842	243.000990239994	0.000990239994
520	179209	246.000793119997	0.000793119997
520	179594	246.000862719995	0.000862719995
520	180599	246.001001599993	0.001001599993
520	181352	246.001228319986	0.001228319986
520	184819	249.000930319991	0.000930319991
520	185159	249.000999919989	0.000999919989
520	185467	249.001069519987	0.001069519987
520	185676	249.001266239986	0.001266239986
520	187454	252.000723519999	0.000723519999
520	187806	252.000793119997	0.000793119997
520	188893	252.001208319989	0.001208319989
520	189033	252.001281919985	0.001281919985
520	190123	255.000723519999	0.000723519999
520	190324	255.000793119997	0.000793119997
520	190494	255.000869919997	0.000869919997
520	190634	255.000939519995	0.000939519995
520	191724	258.000723519999	0.000723519999
520	191925	258.000793119997	0.000793119997
520	192095	258.000869919997	0.000869919997
520	192235	258.000939519995	0.000939519995
520	193325	261.000723519999	0.000723519999
520	193526	261.000793119997	0.000793119997
520	193696	261.000869919997	0.000869919997
520	193836	261.000939519995	0.000939519995
520	194926	264.000723519999	0.000723519999
520	195127	264.000793119997	0.000793119997
520	195297	264.000869919997	0.000869919997
520	195437	264.000939519995	0.000939519995
520	196527	267.000723519999	0.000723519999
520	196728	267.000793119997	0.000793119997
520	196898	267.000869919997	0.000869919997
520	197038	267.000939519995	0.000939519995
520	198128	270.000723519999	0.000723519999
520	198329	270.000793119997	0.000793119997
520	198499	270.000869919997	0.000869919997
520	198639	270.000939519995	0.000939519995
520	199729	273.000723519999	0.000723519999
520	199930	273.000793119997	0.000793119997
520	200100	273.000869919997	0.000869919997
520	200240	273.000939519995	0.000939519995
520	201458	276.000723519999	0.000723519999
520	201691	276.000793119997	0.000793119997
520	201925	276.000869919997	0.000869919997
520	202536	276.001108799991	0.001108799991
520	206474	279.000908959986	0.000908959986
520	207560	279.001104639985	0.001104639985
520	207763	279.001197279984	0.001197279984
520	207907	279.00129359998	0.00129359998
520	209702	282.000723519999	0.000723519999
520	210251	282.000860959995	0.000860959995
520	210480	282.000965919989	0.000965919989
520	210602	282.001035519987	0.001035519987
520	212157	285.000725759994	0.000725759994
520	212318	285.000795359992	0.000795359992
520	212869	285.00127903999	0.00127903999
520	213009	285.001348639988	0.001348639988
520	214099	288.000723519999	0.000723519999
520	214300	288.000793119997	0.000793119997
520	214470	288.000869919997	0.000869919997
520	214610	288.000939519995	0.000939519995
520	215700	291.000723519999	0.000723519999
520	215901	291.000793119997	0.000793119997
520	216071	291.000869919997	0.000869919997
520	216211	291.000939519995	0.000939519995
520	217301	294.000723519999	0.000723519999
520	217502	294.000793119997	0.000793119997
520	217672	294.000869919997	0.000869919997
520	217812	294.000939519995	0.000939519995
520	218902	297.000723519999	0.000723519999
520	219103	297.000793119997	0.000793119997
520	219273	297.000869919997	0.000869919997
520	219413	297.000939519995	0.000939519995
520	220503	300.000723519999	0.000723519999
520	220704	300.000793119997	0.000793119997
520	220874	300.000869919997	0.000869919997
520	221014	300.000939519995	0.000939519995
