vector 262  Topo.s1.open_Flow_Processing  droppedPkts:vector  ETV
4	17627	26.2	262
30	34362	52.4	262
56	50941	78.6	262
82	34363	52.4	262
105	17696	26.20021064	262
111	17690	26.20021064	262
132	21745	31.500469119994	262
138	21743	31.500469119994	262
159	34432	52.40021064	262
165	34426	52.40021064	262
240	262	0.100042199999	64
262	98293	121.000006759899	29
262	99265	122.000006759895	28
262	100213	123.000006759891	28
262	101160	124.000006759887	29
262	102196	125.000006759883	28
262	103482	126.000006759879	28
262	104429	127.000006759875	29
262	105369	128.000006759871	28
262	106317	129.000006759861	28
262	107264	130.000006759853	29
262	108204	131.000006759844	28
262	109152	132.000006759834	28
262	110099	133.000006759826	29
262	111039	134.000006759817	28
262	111987	135.000006759808	28
262	112934	136.000006759799	29
262	113874	137.00000675979	28
262	114822	138.000006759781	28
262	115769	139.000006759772	29
262	116709	140.000006759763	28
262	117657	141.000006759757	28
262	118604	142.000006759756	29
262	119544	143.000006759754	28
262	120492	144.000006759753	28
262	121439	145.000006759751	29
262	122379	146.00000675975	28
262	123327	147.000006759748	28
262	124274	148.000006759747	29
262	125214	149.000006759746	28
262	126172	150.000006759744	28
262	127171	151.000006759743	29
262	128271	152.000006759741	28
262	129219	153.00000675974	28
262	130166	154.000006759738	29
262	131106	155.000006759737	28
262	132054	156.000006759736	28
262	133403	157.000006759734	29
262	134343	158.000006759733	28
262	135291	159.000006759731	28
262	136238	160.00000675973	29
262	137178	161.000006759729	28
262	138126	162.000006759727	28
262	139073	163.000006759726	29
262	140013	164.000006759725	28
262	140961	165.000006759723	28
262	141908	166.000006759722	29
262	142848	167.00000675972	28
262	143796	168.000006759717	28
262	144743	169.000006759716	29
262	145683	170.000006759714	28
262	146631	171.000006759713	28
262	147578	172.000006759711	29
262	148518	173.000006759709	28
262	149466	174.000006759707	28
262	150413	175.000006759704	29
262	151353	176.000006759703	28
262	152301	177.000006759702	28
262	153248	178.000006759699	29
262	154188	179.000006759695	28
262	155146	180.000006759692	28
262	156145	181.000006759691	29
262	157085	182.000006759689	28
262	158033	183.000006759686	28
262	158980	184.000006759682	29
262	159920	185.00000675968	28
262	160868	186.000006759676	28
262	161815	187.000006759673	29
262	163157	188.000006759671	28
262	164105	189.000006759668	28
262	165052	190.000006759664	29
262	165992	191.000006759661	28
262	166940	192.000006759658	28
262	167887	193.000006759654	29
262	168827	194.000006759651	28
262	169775	195.000006759649	28
262	170722	196.000006759645	29
262	171662	197.000006759642	28
262	172610	198.000006759639	28
262	173557	199.000006759635	29
262	174497	200.000006759633	28
262	175445	201.00000675963	28
262	176392	202.000006759627	29
262	177332	203.000006759623	28
262	178280	204.00000675962	28
262	179227	205.000006759617	29
262	180167	206.000006759613	28
262	181115	207.000006759611	28
262	182062	208.000006759606	29
262	183002	209.000006759601	28
262	183960	210.000006759599	28
262	184959	211.000006759593	29
262	185899	212.000006759589	28
262	186847	213.000006759586	28
262	187794	214.000006759582	29
262	188734	215.000006759579	28
262	189682	216.000006759574	28
262	190629	217.00000675957	29
262	191569	218.000006759565	28
262	192919	219.000006759561	28
262	193866	220.000006759555	29
262	194806	221.000006759551	28
262	195754	222.000006759546	28
262	196701	223.000006759541	29
262	197641	224.000006759536	28
262	198589	225.000006759531	28
262	199536	226.000006759527	29
262	200476	227.000006759521	28
262	201424	228.000006759517	28
262	202371	229.000006759512	29
262	203311	230.000006759508	28
262	204259	231.000006759503	28
262	205206	232.000006759498	29
262	206146	233.000006759493	28
262	207094	234.000006759489	28
262	208041	235.000006759483	29
262	208981	236.000006759478	28
262	209929	237.000006759474	28
262	210876	238.000006759469	29
262	211816	239.000006759465	28
262	212774	240.000006759459	28
262	214663	241.000006759455	29
262	215603	242.000006759449	28
262	216551	243.000006759445	28
262	217498	244.00000675944	29
262	218438	245.000006759436	28
262	219386	246.000006759431	28
262	220333	247.000006759427	29
262	221273	248.000006759421	28
262	222221	249.000006759416	28
