513	4631	3.000545879999	1
513	5925	6.000545879999	4
513	7219	9.000545879999	4
513	8513	12.000545879999	4
513	9807	15.000545879999	4
513	11101	18.000545879999	4
513	12395	21.000545879999	4
513	13689	24.000545879999	4
513	14983	27.000545879999	4
513	18343	30.000617719993	4
513	20669	33.000545879999	4
513	21963	36.000545879999	4
513	23257	39.000545879999	4
513	24551	42.000545879999	4
513	25845	45.000545879999	4
513	27139	48.000545879999	4
513	28433	51.000545879999	4
513	29727	54.000545879999	4
513	31021	57.000545879999	4
513	31801	59.000574519999	4
513	1608228	60.000581479547	5001
513	3186669	61.000715399109	5005
513	4761984	62.000915398664	5001
513	6338218	63.000958118203	5002
513	7913797	64.001115397774	5003
513	9488797	65.001115397774	5000
513	11064904	66.001146437753	5003
513	12640382	67.001315397774	5002
513	14215382	68.001315397774	5000
513	15791691	69.001383877747	5004
513	17366967	70.001515397774	5001
513	18941967	71.001515397774	5000
513	20518237	72.001515397774	5004
513	22093237	73.001515397774	5000
513	23668237	74.001515397774	5000
513	25244507	75.001515397774	5004
513	26819507	76.001515397774	5000
513	28394507	77.001515397774	5000
513	29970777	78.001515397774	5004
513	31545777	79.001515397774	5000
513	33120777	80.001515397774	5000
513	34697047	81.001515397774	5004
513	36272047	82.001515397774	5000
513	37847047	83.001515397774	5000
513	39423317	84.001515397774	5004
513	40998317	85.001515397774	5000
513	42573317	86.001515397774	5000
513	44149587	87.001515397774	5004
513	45724587	88.001515397774	5000
513	47299587	89.001515397774	5000
513	48878656	90.001515397774	5004
513	50453657	91.001515397774	5000
513	52028657	92.001515397774	5000
513	53606172	93.001515397774	5004
513	55181172	94.001515397774	5000
513	56756172	95.001515397774	5000
513	58332442	96.001515397774	5004
513	59907442	97.001515397774	5000
513	61482442	98.001515397774	5000
513	63058712	99.001515397774	5004
513	64633712	100.001515397774	5000
513	66208712	101.001515397774	5000
513	67784982	102.001515397774	5004
513	69359982	103.001515397774	5000
513	70934982	104.001515397774	5000
513	72511252	105.001515397774	5004
513	74086252	106.001515397774	5000
513	75661252	107.001515397774	5000
513	77237522	108.001515397774	5004
513	78812522	109.001515397774	5000
513	80387522	110.001515397774	5000
513	81963792	111.001515397774	5004
513	83538792	112.001515397774	5000
513	85113792	113.001515397774	5000
513	86690062	114.001515397774	5004
513	88265062	115.001515397774	5000
513	89840062	116.001515397774	5000
513	91416332	117.001515397774	5004
513	92991332	118.001515397774	5000
513	94566332	119.001515397774	5000
513	96144917	120.00152947774	5004
513	97720222	121.001715397774	5001
513	99295222	122.001715397774	5000
513	100873214	123.001715397774	5004
513	102448214	124.001715397774	5000
513	104023214	125.001715397774	5000
513	105599712	126.001715397774	5004
513	107174712	127.001715397774	5000
513	108750027	128.001915397773	5001
513	110326612	129.002115397328	5005
513	111901927	130.002315396884	5001
513	113477242	131.002515396439	5001
513	115053827	132.002715395994	5005
513	116629142	133.002915395549	5001
513	118204457	134.003115395104	5001
513	119781042	135.003315394659	5005
513	121356357	136.003515394215	5001
513	122931672	137.00371539377	5001
513	124508257	138.003915393325	5005
513	126083572	139.00411539288	5001
513	127658887	140.004315392435	5001
513	129235472	141.004515392109	5005
513	130810472	142.004515392109	5000
513	132385472	143.004515392109	5000
513	133961742	144.004515392109	5004
513	135536742	145.004515392109	5000
513	137111742	146.004515392109	5000
513	138688012	147.004515392109	5004
513	140263012	148.004515392109	5000
513	141838012	149.004515392109	5000
513	143415007	150.004515392109	5004
513	144990007	151.004515392109	5000
513	146565007	152.004515392109	5000
513	148142309	153.004515392109	5004
513	149717309	154.004515392109	5000
513	151292309	155.004515392109	5000
513	152869824	156.004515392109	5004
513	154444824	157.004515392109	5000
513	156019824	158.004515392109	5000
513	157596094	159.004515392109	5004
513	159171094	160.004515392109	5000
513	160746094	161.004515392109	5000
513	162322364	162.004515392109	5004
513	163897364	163.004515392109	5000
513	165472364	164.004515392109	5000
513	167048634	165.004515392109	5004
513	168623634	166.004515392109	5000
513	170198634	167.004515392109	5000
513	171774904	168.004515392109	5004
513	173349904	169.004515392109	5000
513	174924904	170.004515392109	5000
513	176501174	171.004515392109	5004
513	178076174	172.004515392109	5000
513	179651174	173.004515392109	5000
513	181227444	174.004515392109	5004
513	182802444	175.004515392109	5000
513	184377444	176.004515392109	5000
513	185953714	177.004515392109	5004
513	187528714	178.004515392109	5000
513	189103714	179.004515392109	5000
513	190680487	180.004515392109	5004
513	192255487	181.004515392109	5000
513	193830487	182.004515392109	5000
513	195407682	183.004515392109	5004
513	196982682	184.004515392109	5000
513	198557682	185.004515392109	5000
513	200135674	186.004515392109	5004
513	201710674	187.004515392109	5000
513	203285674	188.004515392109	5000
513	204862172	189.004515392109	5004
513	206437172	190.004515392109	5000
513	208012172	191.004515392109	5000
513	209588442	192.004515392109	5004
513	211163442	193.004515392109	5000
513	212738442	194.004515392109	5000
513	214314712	195.004515392109	5004
513	215889712	196.004515392109	5000
513	217464712	197.004515392109	5000
513	219040982	198.004515392109	5004
513	220615982	199.004515392109	5000
513	222190982	200.004515392109	5000
513	223767252	201.004515392109	5004
513	225342252	202.004515392109	5000
513	226917252	203.004515392109	5000
513	228493522	204.004515392109	5004
513	230068522	205.004515392109	5000
513	231643522	206.004515392109	5000
513	233219792	207.004515392109	5004
513	234794792	208.004515392109	5000
513	236369792	209.004515392109	5000
513	237946596	210.004515392109	5004
513	239521596	211.004515392109	5000
513	241096596	212.004515392109	5000
513	242673314	213.004515392109	5004
513	244248314	214.004515392109	5000
513	245823314	215.004515392109	5000
513	247400616	216.004515392109	5004
513	248975616	217.004515392109	5000
513	250550616	218.004515392109	5000
513	252128131	219.004515392109	5004
513	253703131	220.004515392109	5000
513	255278131	221.004515392109	5000
513	256854401	222.004515392109	5004
513	258429401	223.004515392109	5000
513	260004401	224.004515392109	5000
513	261580671	225.004515392109	5004
513	263155671	226.004515392109	5000
513	264730671	227.004515392109	5000
513	266306941	228.004515392109	5004
513	267881941	229.004515392109	5000
513	269456941	230.004515392109	5000
513	271033211	231.004515392109	5004
513	272608211	232.004515392109	5000
513	274183211	233.004515392109	5000
513	275759481	234.004515392109	5004
513	277334481	235.004515392109	5000
513	278909481	236.004515392109	5000
513	280485751	237.004515392109	5004
513	282060751	238.004515392109	5000
513	283635751	239.004515392109	5000
513	285212979	240.004515392109	5004
513	286787979	241.004515392109	5000
513	288362979	242.004515392109	5000
513	289939515	243.004515392109	5004
513	291514515	244.004515392109	5000
513	293089515	245.004515392109	5000
513	294666754	246.004515392109	5004
513	296241754	247.004515392109	5000
513	297816754	248.004515392109	5000
513	299394746	249.004515392109	5004
513	300969746	250.004515392109	5000
513	302544746	251.004515392109	5000
513	304121244	252.004515392109	5004
513	305696244	253.004515392109	5000
513	307271244	254.004515392109	5000
513	308847514	255.004515392109	5004
513	310422829	256.004715392104	5001
513	311998144	257.004915390672	5001
513	313574729	258.005115389239	5005
513	315150044	259.005315387807	5001
513	316725359	260.005515386375	5001
513	318301944	261.005715384943	5005
513	319877259	262.00591538351	5001
513	321452574	263.006115382078	5001
513	323029159	264.006315380646	5005
513	324604474	265.006515379213	5001
513	326179789	266.006715377781	5001
513	327756374	267.006915376349	5005
513	329331689	268.007115374916	5001
513	330907004	269.007315373484	5001
513	332484115	270.007515372052	5005
513	334059430	271.007715370619	5001
513	335634745	272.007915369187	5001
513	337211330	273.008115367755	5005
513	338786645	274.008315366322	5001
513	340361960	275.00851536489	5001
513	341938993	276.008715363458	5005
513	343514308	277.008915362026	5001
513	345089623	278.009115360593	5001
513	346667240	279.009315359161	5005
513	348242555	280.009515357729	5001
513	349817870	281.009715356296	5001
513	351395700	282.00991535563	5005
513	352970700	283.00991535563	5000
513	354545700	284.00991535563	5000
513	356121970	285.00991535563	5004
513	357696970	286.00991535563	5000
513	359271970	287.00991535563	5000
513	360848240	288.00991535563	5004
513	362423240	289.00991535563	5000
513	363998240	290.00991535563	5000
513	365574510	291.00991535563	5004
513	367149510	292.00991535563	5000
513	368724510	293.00991535563	5000
513	370300780	294.00991535563	5004
513	371875780	295.00991535563	5000
513	373450780	296.00991535563	5000
513	375027050	297.00991535563	5004
513	376602050	298.00991535563	5000
513	378177050	299.00991535563	5000
513	379753887	300.00991535563	5004
