512	4631	3.000545879999	0.000545879999
512	4792	3.000615479997	0.000615479997
512	4931	3.000685079995	0.000685079995
512	5053	3.000754679993	0.000754679993
512	5925	6.000545879999	0.000545879999
512	6086	6.000615479997	0.000615479997
512	6225	6.000685079995	0.000685079995
512	6347	6.000754679993	0.000754679993
512	7219	9.000545879999	0.000545879999
512	7380	9.000615479997	0.000615479997
512	7519	9.000685079995	0.000685079995
512	7641	9.000754679993	0.000754679993
512	8513	12.000545879999	0.000545879999
512	8674	12.000615479997	0.000615479997
512	8813	12.000685079995	0.000685079995
512	8935	12.000754679993	0.000754679993
512	9807	15.000545879999	0.000545879999
512	9968	15.000615479997	0.000615479997
512	10107	15.000685079995	0.000685079995
512	10229	15.000754679993	0.000754679993
512	11101	18.000545879999	0.000545879999
512	11262	18.000615479997	0.000615479997
512	11401	18.000685079995	0.000685079995
512	11523	18.000754679993	0.000754679993
512	12395	21.000545879999	0.000545879999
512	12556	21.000615479997	0.000615479997
512	12695	21.000685079995	0.000685079995
512	12817	21.000754679993	0.000754679993
512	13689	24.000545879999	0.000545879999
512	13850	24.000615479997	0.000615479997
512	13989	24.000685079995	0.000685079995
512	14111	24.000754679993	0.000754679993
512	14983	27.000545879999	0.000545879999
512	15144	27.000615479997	0.000615479997
512	15283	27.000685079995	0.000685079995
512	15405	27.000754679993	0.000754679993
512	18343	30.000617719993	0.000617719993
512	19323	30.000716199995	0.000716199995
512	19666	30.00090819999	0.00090819999
512	19797	30.000977799988	0.000977799988
512	20669	33.000545879999	0.000545879999
512	20830	33.000615479997	0.000615479997
512	20969	33.000685079995	0.000685079995
512	21091	33.000754679993	0.000754679993
512	21963	36.000545879999	0.000545879999
512	22124	36.000615479997	0.000615479997
512	22263	36.000685079995	0.000685079995
512	22385	36.000754679993	0.000754679993
512	23257	39.000545879999	0.000545879999
512	23418	39.000615479997	0.000615479997
512	23557	39.000685079995	0.000685079995
512	23679	39.000754679993	0.000754679993
512	24551	42.000545879999	0.000545879999
512	24712	42.000615479997	0.000615479997
512	24851	42.000685079995	0.000685079995
512	24973	42.000754679993	0.000754679993
512	25845	45.000545879999	0.000545879999
512	26006	45.000615479997	0.000615479997
512	26145	45.000685079995	0.000685079995
512	26267	45.000754679993	0.000754679993
512	27139	48.000545879999	0.000545879999
512	27300	48.000615479997	0.000615479997
512	27439	48.000685079995	0.000685079995
512	27561	48.000754679993	0.000754679993
512	28433	51.000545879999	0.000545879999
512	28594	51.000615479997	0.000615479997
512	28733	51.000685079995	0.000685079995
512	28855	51.000754679993	0.000754679993
512	29727	54.000545879999	0.000545879999
512	29888	54.000615479997	0.000615479997
512	30027	54.000685079995	0.000685079995
512	30149	54.000754679993	0.000754679993
512	31021	57.000545879999	0.000545879999
512	31182	57.000615479997	0.000615479997
512	31321	57.000685079995	0.000685079995
512	31443	57.000754679993	0.000754679993
512	178125	60.000648839992	0.000648839992
512	178825	60.00071843999	0.00071843999
512	179545	60.000788039988	0.000788039988
512	180233	60.000857639986	0.000857639986
512	1227228	63.000645479991	0.000645479991
512	1227380	63.00066595999	0.00066595999
512	1227794	63.000735559988	0.000735559988
512	1228399	63.00116963998	0.00116963998
512	2571887	66.000594999998	0.000594999998
512	2572130	66.000664599996	0.000664599996
512	2572334	66.000734199994	0.000734199994
512	2572922	66.00086235999	0.00086235999
512	3916690	69.000594999998	0.000594999998
512	3916933	69.000664599996	0.000664599996
512	3917137	69.000734199994	0.000734199994
512	3917725	69.00086235999	0.00086235999
512	5261493	72.000594999998	0.000594999998
512	5261736	72.000664599996	0.000664599996
512	5261940	72.000734199994	0.000734199994
512	5262528	72.00086235999	0.00086235999
512	6606296	75.000594999998	0.000594999998
512	6606539	75.000664599996	0.000664599996
512	6606743	75.000734199994	0.000734199994
512	6607331	75.00086235999	0.00086235999
512	7951099	78.000594999998	0.000594999998
512	7951342	78.000664599996	0.000664599996
512	7951546	78.000734199994	0.000734199994
512	7952134	78.00086235999	0.00086235999
512	9295902	81.000594999998	0.000594999998
512	9296145	81.000664599996	0.000664599996
512	9296349	81.000734199994	0.000734199994
512	9296937	81.00086235999	0.00086235999
512	10640705	84.000594999998	0.000594999998
512	10640948	84.000664599996	0.000664599996
512	10641152	84.000734199994	0.000734199994
512	10641740	84.00086235999	0.00086235999
512	11985508	87.000594999998	0.000594999998
512	11985751	87.000664599996	0.000664599996
512	11985955	87.000734199994	0.000734199994
512	11986543	87.00086235999	0.00086235999
512	13219278	90.000594999998	0.000594999998
512	13219542	90.000664599996	0.000664599996
512	13220398	90.000783319993	0.000783319993
512	13220545	90.000803799992	0.000803799992
512	14312143	93.000589799993	0.000589799993
512	14313304	93.00091235999	0.00091235999
512	14313399	93.000938439989	0.000938439989
512	14316283	93.00199747997	0.00199747997
512	15660965	96.00058370576	0.00058370576
512	15661270	96.000666999994	0.000666999994
512	15662115	96.000964119986	0.000964119986
512	15664863	96.002034679966	0.002034679966
512	17008689	99.000583704426	0.000583704426
512	17008994	99.000666999994	0.000666999994
512	17009839	99.000964119986	0.000964119986
512	17012587	99.002034679966	0.002034679966
512	18357274	102.000583703091	0.000583703091
512	18357579	102.000666999994	0.000666999994
512	18358424	102.000964119986	0.000964119986
512	18361172	102.002034679966	0.002034679966
512	19705859	105.000583701757	0.000583701757
512	19706164	105.000666999994	0.000666999994
512	19707009	105.000964119986	0.000964119986
512	19709757	105.002034679966	0.002034679966
512	21054444	108.000583700423	0.000583700423
512	21054749	108.000666999994	0.000666999994
512	21055594	108.000964119986	0.000964119986
512	21058342	108.002034679966	0.002034679966
512	22403029	111.000583699089	0.000583699089
512	22403334	111.000666999994	0.000666999994
512	22404179	111.000964119986	0.000964119986
512	22406927	111.002034679966	0.002034679966
512	23751614	114.000583697754	0.000583697754
512	23751919	114.000666999994	0.000666999994
512	23752764	114.000964119986	0.000964119986
512	23755512	114.002034679966	0.002034679966
512	25100199	117.00058369642	0.00058369642
512	25100504	117.000666999994	0.000666999994
512	25101349	117.000964119986	0.000964119986
512	25104097	117.002034679966	0.002034679966
512	26307841	120.000737535079	0.000737535079
512	26308883	120.000990575068	0.000990575068
512	26309127	120.001069775066	0.001069775066
512	26310309	120.001514975057	0.001514975057
512	27545462	123.000690999992	0.000690999992
512	27545521	123.000711479991	0.000711479991
512	27546840	123.000963879989	0.000963879989
512	27547150	123.001061519988	0.001061519988
512	28893065	126.000641879993	0.000641879993
512	28894087	126.00077275999	0.00077275999
512	28894600	126.000933999984	0.000933999984
512	28894684	126.000965479983	0.000965479983
512	30241054	129.000690999992	0.000690999992
512	30241113	129.000711479991	0.000711479991
512	30241955	129.000933999984	0.000933999984
512	30242055	129.000963879989	0.000963879989
512	31588458	132.000690999992	0.000690999992
512	31588517	132.000711479991	0.000711479991
512	31589359	132.000933999984	0.000933999984
512	31589459	132.000963879989	0.000963879989
512	32935862	135.000690999992	0.000690999992
512	32935921	135.000711479991	0.000711479991
512	32936763	135.000933999984	0.000933999984
512	32936863	135.000963879989	0.000963879989
512	34283266	138.000690999992	0.000690999992
512	34283325	138.000711479991	0.000711479991
512	34284167	138.000933999984	0.000933999984
512	34284267	138.000963879989	0.000963879989
512	35630670	141.000690999992	0.000690999992
512	35630729	141.000711479991	0.000711479991
512	35631571	141.000933999984	0.000933999984
512	35631671	141.000963879989	0.000963879989
512	36978074	144.000690999992	0.000690999992
512	36978133	144.000711479991	0.000711479991
512	36978975	144.000933999984	0.000933999984
512	36979075	144.000963879989	0.000963879989
512	38325478	147.000690999992	0.000690999992
512	38325537	147.000711479991	0.000711479991
512	38326379	147.000933999984	0.000933999984
512	38326479	147.000963879989	0.000963879989
512	39561475	150.000690999992	0.000690999992
512	39561515	150.000711479991	0.000711479991
512	39562896	150.000911359985	0.000911359985
512	39564177	150.001194719977	0.001194719977
512	40767943	153.00070883999	0.00070883999
512	40769502	153.001051799978	0.001051799978
512	40769595	153.001072279977	0.001072279977
512	40772049	153.001887559957	0.001887559957
512	42117037	156.000642119991	0.000642119991
512	42119503	156.001176399982	0.001176399982
512	42119904	156.001248879974	0.001248879974
512	42121085	156.001718319967	0.001718319967
512	43465903	159.00070883999	0.00070883999
512	43467398	159.001051799978	0.001051799978
512	43467491	159.001072279977	0.001072279977
512	43469371	159.001753879961	0.001753879961
512	44814189	162.00070883999	0.00070883999
512	44815684	162.001051799978	0.001051799978
512	44815777	162.001072279977	0.001072279977
512	44817657	162.001753879961	0.001753879961
512	46162475	165.00070883999	0.00070883999
512	46163970	165.001051799978	0.001051799978
512	46164063	165.001072279977	0.001072279977
512	46165943	165.001753879961	0.001753879961
512	47510761	168.00070883999	0.00070883999
512	47512256	168.001051799978	0.001051799978
512	47512349	168.001072279977	0.001072279977
512	47514229	168.001753879961	0.001753879961
512	48859047	171.00070883999	0.00070883999
512	48860542	171.001051799978	0.001051799978
512	48860635	171.001072279977	0.001072279977
512	48862515	171.001753879961	0.001753879961
512	50207333	174.00070883999	0.00070883999
512	50208828	174.001051799978	0.001051799978
512	50208921	174.001072279977	0.001072279977
512	50210801	174.001753879961	0.001753879961
512	51555619	177.00070883999	0.00070883999
512	51557114	177.001051799978	0.001051799978
512	51557207	177.001072279977	0.001072279977
512	51559087	177.001753879961	0.001753879961
512	52792664	180.00070883999	0.00070883999
512	52794668	180.001040039985	0.001040039985
512	52794928	180.001060519984	0.001060519984
512	52795733	180.001348679984	0.001348679984
512	53998914	183.000545879999	0.000545879999
512	53999186	183.000638199997	0.000638199997
512	54000160	183.000956519985	0.000956519985
512	54001138	183.001205319981	0.001205319981
512	55345778	186.000568919995	0.000568919995
512	55346845	186.000880919985	0.000880919985
512	55347497	186.001015319987	0.001015319987
512	55348555	186.001210279978	0.001210279978
512	56693037	189.000594999998	0.000594999998
512	56693418	189.000664599996	0.000664599996
512	56694956	189.001160119984	0.001160119984
512	56695394	189.001229719982	0.001229719982
512	58039865	192.000545879999	0.000545879999
512	58040137	192.000638199997	0.000638199997
512	58041111	192.000956519985	0.000956519985
512	58042089	192.001205319981	0.001205319981
512	59386476	195.000545879999	0.000545879999
512	59386748	195.000638199997	0.000638199997
512	59387722	195.000956519985	0.000956519985
512	59388700	195.001205319981	0.001205319981
512	60733087	198.000545879999	0.000545879999
512	60733359	198.000638199997	0.000638199997
512	60734333	198.000956519985	0.000956519985
512	60735311	198.001205319981	0.001205319981
512	62079698	201.000545879999	0.000545879999
512	62079970	201.000638199997	0.000638199997
512	62080944	201.000956519985	0.000956519985
512	62081922	201.001205319981	0.001205319981
512	63426309	204.000545879999	0.000545879999
512	63426581	204.000638199997	0.000638199997
512	63427555	204.000956519985	0.000956519985
512	63428533	204.001205319981	0.001205319981
512	64772920	207.000545879999	0.000545879999
512	64773192	207.000638199997	0.000638199997
512	64774166	207.000956519985	0.000956519985
512	64775144	207.001205319981	0.001205319981
512	66008409	210.000545879999	0.000545879999
512	66009631	210.000909211523	0.000909211523
512	66010225	210.000978811521	0.000978811521
512	66010754	210.001048411519	0.001048411519
512	67214597	213.000594999998	0.000594999998
512	67216079	213.000998039987	0.000998039987
512	67216220	213.001018519986	0.001018519986
512	67216244	213.001038999985	0.001038999985
512	68562322	216.000594999998	0.000594999998
512	68564211	216.000998039987	0.000998039987
512	68564303	216.001018519986	0.001018519986
512	68564667	216.001088119984	0.001088119984
512	69911332	219.00063867999	0.00063867999
512	69912493	219.000901079987	0.000901079987
512	69912628	219.000970679985	0.000970679985
512	69914267	219.001204839983	0.001204839983
512	71259356	222.000594999998	0.000594999998
512	71260838	222.000998039987	0.000998039987
512	71260979	222.001018519986	0.001018519986
512	71261003	222.001038999985	0.001038999985
512	72607049	225.000594999998	0.000594999998
512	72608531	225.000998039987	0.000998039987
512	72608672	225.001018519986	0.001018519986
512	72608696	225.001038999985	0.001038999985
512	73954742	228.000594999998	0.000594999998
512	73956224	228.000998039987	0.000998039987
512	73956365	228.001018519986	0.001018519986
512	73956389	228.001038999985	0.001038999985
512	75302435	231.000594999998	0.000594999998
512	75303917	231.000998039987	0.000998039987
512	75304058	231.001018519986	0.001018519986
512	75304082	231.001038999985	0.001038999985
512	76650128	234.000594999998	0.000594999998
512	76651610	234.000998039987	0.000998039987
512	76651751	234.001018519986	0.001018519986
512	76651775	234.001038999985	0.001038999985
512	77997821	237.000594999998	0.000594999998
512	77999303	237.000998039987	0.000998039987
512	77999444	237.001018519986	0.001018519986
512	77999468	237.001038999985	0.001038999985
512	79234534	240.000594999998	0.000594999998
512	79237200	240.001084611522	0.001084611522
512	79237413	240.001105091521	0.001105091521
512	79237638	240.001174691519	0.001174691519
512	80443223	243.000813239991	0.000813239991
512	80443314	243.00083371999	0.00083371999
512	80443758	243.00098395998	0.00098395998
512	80444109	243.001031479978	0.001031479978
512	81790823	246.000811319986	0.000811319986
512	81791532	246.001013639975	0.001013639975
512	81791737	246.001034119974	0.001034119974
512	81793100	246.001232999975	0.001232999975
512	83139128	249.000874119982	0.000874119982
512	83139304	249.000894599981	0.000894599981
512	83139631	249.001022599976	0.001022599976
512	83140173	249.001060119976	0.001060119976
512	84486762	252.000716799991	0.000716799991
512	84488110	252.000892639988	0.000892639988
512	84488460	252.001027519983	0.001027519983
512	84489903	252.001276319979	0.001276319979
512	85834823	255.000811319986	0.000811319986
512	85835532	255.001013639975	0.001013639975
512	85835737	255.001034119974	0.001034119974
512	85837090	255.001232999975	0.001232999975
512	87182524	258.000811319986	0.000811319986
512	87183233	258.001013639975	0.001013639975
512	87183438	258.001034119974	0.001034119974
512	87184791	258.001232999975	0.001232999975
512	88530225	261.000811319986	0.000811319986
512	88530934	261.001013639975	0.001013639975
512	88531139	261.001034119974	0.001034119974
512	88532492	261.001232999975	0.001232999975
512	89877926	264.000811319986	0.000811319986
512	89878635	264.001013639975	0.001013639975
512	89878840	264.001034119974	0.001034119974
512	89880193	264.001232999975	0.001232999975
512	91225627	267.000811319986	0.000811319986
512	91226336	267.001013639975	0.001013639975
512	91226541	267.001034119974	0.001034119974
512	91227894	267.001232999975	0.001232999975
512	92431433	270.000782839986	0.000782839986
512	92432272	270.000958679983	0.000958679983
512	92432481	270.000979159982	0.000979159982
512	92432874	270.00104875998	0.00104875998
512	93666345	273.000583688904	0.000583688904
512	93666701	273.000690999992	0.000690999992
512	93667556	273.001001719984	0.001001719984
512	93669987	273.001931159968	0.001931159968
512	95014004	276.00058368835	0.00058368835
512	95014360	276.000690999992	0.000690999992
512	95015207	276.001001719984	0.001001719984
512	95017646	276.001931159968	0.001931159968
512	96361695	279.000583687796	0.000583687796
512	96362019	279.000690999992	0.000690999992
512	96362898	279.001001719984	0.001001719984
512	96365940	279.002102359964	0.002102359964
512	97710147	282.000632807334	0.000632807334
512	97710576	282.000702407332	0.000702407332
512	97712653	282.001218327315	0.001218327315
512	97714371	282.001844567312	0.001844567312
512	99058388	285.000583687335	0.000583687335
512	99058744	285.000690999992	0.000690999992
512	99059591	285.001001719984	0.001001719984
512	99062030	285.001931159968	0.001931159968
512	100406047	288.000583687335	0.000583687335
512	100406403	288.000690999992	0.000690999992
512	100407250	288.001001719984	0.001001719984
512	100409689	288.001931159968	0.001931159968
512	101753706	291.000583687335	0.000583687335
512	101754062	291.000690999992	0.000690999992
512	101754909	291.001001719984	0.001001719984
512	101757348	291.001931159968	0.001931159968
512	103101365	294.000583687335	0.000583687335
512	103101721	294.000690999992	0.000690999992
512	103102568	294.001001719984	0.001001719984
512	103105007	294.001931159968	0.001931159968
512	104449024	297.000583687335	0.000583687335
512	104449380	297.000690999992	0.000690999992
512	104450227	297.001001719984	0.001001719984
512	104452666	297.001931159968	0.001931159968
512	105798143	300.000583687335	0.000583687335
512	105799004	300.000771879993	0.000771879993
512	105799277	300.000841479991	0.000841479991
512	105800892	300.001184647317	0.001184647317
