513	4631	3.000545879999	1
513	5925	6.000545879999	4
513	7219	9.000545879999	4
513	8513	12.000545879999	4
513	9807	15.000545879999	4
513	11101	18.000545879999	4
513	12395	21.000545879999	4
513	13689	24.000545879999	4
513	14983	27.000545879999	4
513	18343	30.000617719993	4
513	20669	33.000545879999	4
513	21963	36.000545879999	4
513	23257	39.000545879999	4
513	24551	42.000545879999	4
513	25845	45.000545879999	4
513	27139	48.000545879999	4
513	28433	51.000545879999	4
513	29727	54.000545879999	4
513	31021	57.000545879999	4
513	178125	60.000648839992	4
513	1227228	63.000645479991	4
513	2571887	66.000594999998	4
513	3916690	69.000594999998	4
513	5261493	72.000594999998	4
513	6606296	75.000594999998	4
513	7951099	78.000594999998	4
513	9295902	81.000594999998	4
513	10640705	84.000594999998	4
513	11985508	87.000594999998	4
513	13219278	90.000594999998	4
513	14312143	93.000589799993	4
513	15660965	96.00058370576	4
513	17008689	99.000583704426	4
513	18357274	102.000583703091	4
513	19705859	105.000583701757	4
513	21054444	108.000583700423	4
513	22403029	111.000583699089	4
513	23751614	114.000583697754	4
513	25100199	117.00058369642	4
513	26307841	120.000737535079	4
513	27545462	123.000690999992	4
513	28893065	126.000641879993	4
513	30241054	129.000690999992	4
513	31588458	132.000690999992	4
513	32935862	135.000690999992	4
513	34283266	138.000690999992	4
513	35630670	141.000690999992	4
513	36978074	144.000690999992	4
513	38325478	147.000690999992	4
513	39561475	150.000690999992	4
513	40767943	153.00070883999	4
513	42117037	156.000642119991	4
513	43465903	159.00070883999	4
513	44814189	162.00070883999	4
513	46162475	165.00070883999	4
513	47510761	168.00070883999	4
513	48859047	171.00070883999	4
513	50207333	174.00070883999	4
513	51555619	177.00070883999	4
513	52792664	180.00070883999	4
513	53998914	183.000545879999	4
513	55345778	186.000568919995	4
513	56693037	189.000594999998	4
513	58039865	192.000545879999	4
513	59386476	195.000545879999	4
513	60733087	198.000545879999	4
513	62079698	201.000545879999	4
513	63426309	204.000545879999	4
513	64772920	207.000545879999	4
513	66008409	210.000545879999	4
513	67214597	213.000594999998	4
513	68562322	216.000594999998	4
513	69911332	219.00063867999	4
513	71259356	222.000594999998	4
513	72607049	225.000594999998	4
513	73954742	228.000594999998	4
513	75302435	231.000594999998	4
513	76650128	234.000594999998	4
513	77997821	237.000594999998	4
513	79234534	240.000594999998	4
513	80443223	243.000813239991	4
513	81790823	246.000811319986	4
513	83139128	249.000874119982	4
513	84486762	252.000716799991	4
513	85834823	255.000811319986	4
513	87182524	258.000811319986	4
513	88530225	261.000811319986	4
513	89877926	264.000811319986	4
513	91225627	267.000811319986	4
513	92431433	270.000782839986	4
513	93666345	273.000583688904	4
513	95014004	276.00058368835	4
513	96361695	279.000583687796	4
513	97710147	282.000632807334	4
513	99058388	285.000583687335	4
513	100406047	288.000583687335	4
513	101753706	291.000583687335	4
513	103101365	294.000583687335	4
513	104449024	297.000583687335	4
513	105798143	300.000583687335	4
