539	2911	0.000303079993	5
539	3424	0.000370679993	5
539	4100	3.0002796	5
539	4665	3.0005592	5
539	4721	3.000579679999	5
539	5394	6.0002796	5
539	5959	6.0005592	5
539	6015	6.000579679999	5
539	6688	9.0002796	5
539	7253	9.0005592	5
539	7309	9.000579679999	5
539	7982	12.0002796	5
539	8547	12.0005592	5
539	8603	12.000579679999	5
539	9276	15.0002796	5
539	9841	15.0005592	5
539	9897	15.000579679999	5
539	10570	18.0002796	5
539	11135	18.0005592	5
539	11191	18.000579679999	5
539	11864	21.0002796	5
539	12429	21.0005592	5
539	12485	21.000579679999	5
539	13158	24.0002796	5
539	13723	24.0005592	5
539	13779	24.000579679999	5
539	14452	27.0002796	5
539	15017	27.0005592	5
539	15073	27.000579679999	5
539	17267	30.000351439994	5
539	19078	30.000686559992	5
539	19124	30.000693279991	5
539	20138	33.0002796	5
539	20703	33.0005592	5
539	20759	33.000579679999	5
539	21432	36.0002796	5
539	21997	36.0005592	5
539	22053	36.000579679999	5
539	22726	39.0002796	5
539	23291	39.0005592	5
539	23347	39.000579679999	5
539	24020	42.0002796	5
539	24585	42.0005592	5
539	24641	42.000579679999	5
539	25314	45.0002796	5
539	25879	45.0005592	5
539	25935	45.000579679999	5
539	26608	48.0002796	5
539	27173	48.0005592	5
539	27229	48.000579679999	5
539	27902	51.0002796	5
539	28467	51.0005592	5
539	28523	51.000579679999	5
539	29196	54.0002796	5
539	29761	54.0005592	5
539	29817	54.000579679999	5
539	30490	57.0002796	5
539	31055	57.0005592	5
539	31111	57.000579679999	5
539	176705	60.0002796	5
539	178252	60.000662159993	5
539	178921	60.000726359993	5
539	1225980	63.000322799999	5
539	1227278	63.000652879992	5
539	1227730	63.00072247999	5
539	2571329	66.000424719993	5
539	2572935	66.000863759988	5
539	2573177	66.000982479991	5
539	3916132	69.000424719993	5
539	3917738	69.000863759988	5
539	3917980	69.000982479991	5
539	5260935	72.000424719993	5
539	5262541	72.000863759988	5
539	5262783	72.000982479991	5
539	6605738	75.000424719993	5
539	6607344	75.000863759988	5
539	6607586	75.000982479991	5
539	7950541	78.000424719993	5
539	7952147	78.000863759988	5
539	7952389	78.000982479991	5
539	9295344	81.000424719993	5
539	9296950	81.000863759988	5
539	9297192	81.000982479991	5
539	10640147	84.000424719993	5
539	10641753	84.000863759988	5
539	10641995	84.000982479991	5
539	11984950	87.000424719993	5
539	11986556	87.000863759988	5
539	11986798	87.000982479991	5
539	13218719	90.000424719993	5
539	13220447	90.000790719994	5
539	13220644	90.000817119993	5
539	14310599	93.0002796	5
539	14312216	93.000603119994	5
539	14312385	93.000623599993	5
539	15659638	96.0002796	5
539	15661008	96.000597025761	5
539	15661076	96.00061750576	5
539	17007362	99.0002796	5
539	17008732	99.000597024427	5
539	17008800	99.000617504426	5
539	18355947	102.0002796	5
539	18357317	102.000597023092	5
539	18357385	102.000617503091	5
539	19704532	105.0002796	5
539	19705902	105.000597021758	5
539	19705970	105.000617501757	5
539	21053117	108.0002796	5
539	21054487	108.000597020424	5
539	21054555	108.000617500423	5
539	22401702	111.0002796	5
539	22403072	111.00059701909	5
539	22403140	111.000617499089	5
539	23750287	114.0002796	5
539	23751657	114.000597017755	5
539	23751725	114.000617497754	5
539	25098872	117.0002796	5
539	25100242	117.000597016421	5
539	25100310	117.00061749642	5
539	26306403	120.000413359996	5
539	26308363	120.000802279994	5
539	26308386	120.000815719994	5
539	27543659	123.000375599994	5
539	27545499	123.000698399993	5
539	27546878	123.000970399989	5
539	28891953	126.000375599994	5
539	28893810	126.000710639992	5
539	28893843	126.000717359991	5
539	30239411	129.000375599994	5
539	30241091	129.000698399993	5
539	30242068	129.000970399989	5
539	31586815	132.000375599994	5
539	31588495	132.000698399993	5
539	31589472	132.000970399989	5
539	32934219	135.000375599994	5
539	32935899	135.000698399993	5
539	32936876	135.000970399989	5
539	34281623	138.000375599994	5
539	34283303	138.000698399993	5
539	34284280	138.000970399989	5
539	35629027	141.000375599994	5
539	35630707	141.000698399993	5
539	35631684	141.000970399989	5
539	36976431	144.000375599994	5
539	36978111	144.000698399993	5
539	36979088	144.000970399989	5
539	38323835	147.000375599994	5
539	38325515	147.000698399993	5
539	38326492	147.000970399989	5
539	39559872	150.000375599994	5
539	39561502	150.000698399993	5
539	39562633	150.00087543999	5
539	40767023	153.000442559991	5
539	40768809	153.000887439981	5
539	40768937	153.000921999977	5
539	42115832	156.000375759994	5
539	42117650	156.00071087999	5
539	42117764	156.000717599989	5
539	43464983	159.000442559991	5
539	43466713	159.000887439981	5
539	43466833	159.000921999977	5
539	44813269	162.000442559991	5
539	44814999	162.000887439981	5
539	44815119	162.000921999977	5
539	46161555	165.000442559991	5
539	46163285	165.000887439981	5
539	46163405	165.000921999977	5
539	47509841	168.000442559991	5
539	47511571	168.000887439981	5
539	47511691	168.000921999977	5
539	48858127	171.000442559991	5
539	48859857	171.000887439981	5
539	48859977	171.000921999977	5
539	50206413	174.000442559991	5
539	50208143	174.000887439981	5
539	50208263	174.000921999977	5
539	51554699	177.000442559991	5
539	51556429	177.000887439981	5
539	51556549	177.000921999977	5
539	52791742	180.000442559991	5
539	52793646	180.000887439981	5
539	52793801	180.000921999977	5
539	53997332	183.0002796	5
539	53998970	183.0005592	5
539	53999031	183.000579679999	5
539	55344352	186.0002796	5
539	55345822	186.000582239996	5
539	55345888	186.000602719995	5
539	56691530	189.0002796	5
539	56692905	189.0005592	5
539	56693282	189.000628799998	5
539	58038283	192.0002796	5
539	58039921	192.0005592	5
539	58039982	192.000579679999	5
539	59384894	195.0002796	5
539	59386532	195.0005592	5
539	59386593	195.000579679999	5
539	60731505	198.0002796	5
539	60733143	198.0005592	5
539	60733204	198.000579679999	5
539	62078116	201.0002796	5
539	62079754	201.0005592	5
539	62079815	201.000579679999	5
539	63424727	204.0002796	5
539	63426365	204.0005592	5
539	63426426	204.000579679999	5
539	64771338	207.0002796	5
539	64772976	207.0005592	5
539	64773037	207.000579679999	5
539	66006672	210.0002796	5
539	66008526	210.0005592	5
539	66008643	210.000579679999	5
539	67215175	213.000708839987	5
539	67218106	213.001266479983	5
539	67218120	213.001273199982	5
539	68563114	216.000696839992	5
539	68566588	216.001276319973	5
539	68566602	216.001283039972	5
539	69911167	219.000615119988	5
539	69914867	219.001241759983	5
539	69914944	219.001248479982	5
539	71259934	222.000708839987	5
539	71262865	222.001266479983	5
539	71262879	222.001273199982	5
539	72607627	225.000708839987	5
539	72610558	225.001266479983	5
539	72610572	225.001273199982	5
539	73955320	228.000708839987	5
539	73958251	228.001266479983	5
539	73958265	228.001273199982	5
539	75303013	231.000708839987	5
539	75305944	231.001266479983	5
539	75305958	231.001273199982	5
539	76650706	234.000708839987	5
539	76653637	234.001266479983	5
539	76653651	234.001273199982	5
539	77998399	237.000708839987	5
539	78001330	237.001266479983	5
539	78001344	237.001273199982	5
539	79235554	240.000788399988	5
539	79239107	240.001376451515	5
539	79239121	240.001383171514	5
539	80442735	243.000708851522	5
539	80445899	243.00130367997	5
539	80445913	243.001310399969	5
539	81790349	246.000708851522	5
539	81793690	246.001323999968	5
539	81793704	246.001330719967	5
539	83138583	249.000736479989	5
539	83141973	249.001335399969	5
539	83141987	249.001342119968	5
539	84485671	252.000450519992	5
539	84488145	252.000895199987	5
539	84488167	252.000901919986	5
539	85834413	255.000708851522	5
539	85837664	255.001323999968	5
539	85837678	255.001330719967	5
539	87182114	258.000708851296	5
539	87185365	258.001323999968	5
539	87185379	258.001330719967	5
539	88529815	261.000708850911	5
539	88533066	261.001323999968	5
539	88533080	261.001330719967	5
539	89877516	264.000708850482	5
539	89880767	264.001323999968	5
539	89880781	264.001330719967	5
539	91225217	267.000708849999	5
539	91228468	267.001323999968	5
539	91228482	267.001330719967	5
539	92430564	270.000492399989	5
539	92432744	270.001012959982	5
539	92432771	270.001019679981	5
539	93664802	273.0002796	5
539	93666387	273.000597008905	5
539	93666455	273.000617488904	5
539	95012461	276.0002796	5
539	95014046	276.000597008351	5
539	95014114	276.00061748835	5
539	96360152	279.0002796	5
539	96361737	279.000597007797	5
539	96361805	279.000617487796	5
539	97708626	282.0002796	5
539	97710020	282.000597007336	5
539	97710384	282.000666607334	5
539	99056845	285.0002796	5
539	99058430	285.000597007336	5
539	99058498	285.000617487335	5
539	100404504	288.0002796	5
539	100406089	288.000597007336	5
539	100406157	288.000617487335	5
539	101752163	291.0002796	5
539	101753748	291.000597007336	5
539	101753816	291.000617487335	5
539	103099822	294.0002796	5
539	103101407	294.000597007336	5
539	103101475	294.000617487335	5
539	104447481	297.0002796	5
539	104449066	297.000597007336	5
539	104449134	297.000617487335	5
539	105796669	300.0002796	5
539	105798651	300.000652447334	5
539	105798685	300.000659167333	5
