564	3184	0.00033171999	5
564	3657	0.000406039989	5
564	4264	3.000377839998	5
564	4963	3.000698399996	5
564	4999	3.000718879995	5
564	5558	6.000377839998	5
564	6257	6.000698399996	5
564	6293	6.000718879995	5
564	6852	9.000377839998	5
564	7551	9.000698399996	5
564	7587	9.000718879995	5
564	8146	12.000377839998	5
564	8845	12.000698399996	5
564	8881	12.000718879995	5
564	9440	15.000377839998	5
564	10139	15.000698399996	5
564	10175	15.000718879995	5
564	10734	18.000377839998	5
564	11433	18.000698399996	5
564	11469	18.000718879995	5
564	12028	21.000377839998	5
564	12727	21.000698399996	5
564	12763	21.000718879995	5
564	13322	24.000377839998	5
564	14021	24.000698399996	5
564	14057	24.000718879995	5
564	14616	27.000377839998	5
564	15315	27.000698399996	5
564	15351	27.000718879995	5
564	17978	30.000512399995	5
564	19707	30.000921519991	5
564	19743	30.00094199999	5
564	20302	33.000377839998	5
564	21001	33.000698399996	5
564	21037	33.000718879995	5
564	21596	36.000377839998	5
564	22295	36.000698399996	5
564	22331	36.000718879995	5
564	22890	39.000377839998	5
564	23589	39.000698399996	5
564	23625	39.000718879995	5
564	24184	42.000377839998	5
564	24883	42.000698399996	5
564	24919	42.000718879995	5
564	25478	45.000377839998	5
564	26177	45.000698399996	5
564	26213	45.000718879995	5
564	26772	48.000377839998	5
564	27471	48.000698399996	5
564	27507	48.000718879995	5
564	28066	51.000377839998	5
564	28765	51.000698399996	5
564	28801	51.000718879995	5
564	29360	54.000377839998	5
564	30059	54.000698399996	5
564	30095	54.000718879995	5
564	30654	57.000377839998	5
564	31353	57.000698399996	5
564	31389	57.000718879995	5
564	177006	60.000377839998	5
564	179586	60.000791599991	5
564	179682	60.00079831999	5
564	179783	60.000809919991	5
564	1226127	63.000377839998	5
564	1227827	63.000748879989	5
564	1227883	63.000769359988	5
564	2571121	66.000377839998	5
564	2572164	66.000677919997	5
564	2572208	66.000698399996	5
564	3915924	69.000377839998	5
564	3916967	69.000677919997	5
564	3917011	69.000698399996	5
564	5260727	72.000377839998	5
564	5261770	72.000677919997	5
564	5261814	72.000698399996	5
564	6605530	75.000377839998	5
564	6606573	75.000677919997	5
564	6606617	75.000698399996	5
564	7950333	78.000377839998	5
564	7951376	78.000677919997	5
564	7951420	78.000698399996	5
564	9295136	81.000377839998	5
564	9296179	81.000677919997	5
564	9296223	81.000698399996	5
564	10639939	84.000377839998	5
564	10640982	84.000677919997	5
564	10641026	84.000698399996	5
564	11984742	87.000377839998	5
564	11985785	87.000677919997	5
564	11985829	87.000698399996	5
564	13218540	90.000377839998	5
564	13219576	90.000677919997	5
564	13219732	90.000698399996	5
564	14314931	93.001330159983	5
564	14317520	93.002297747094	5
564	14317534	93.002304467093	5
564	15663490	96.001367359979	5
564	15666105	96.002328225761	5
564	15666119	96.00233494576	5
564	17011214	99.001367359979	5
564	17013829	99.002328224427	5
564	17013843	99.002334944426	5
564	18359799	102.001367359979	5
564	18362414	102.002328223092	5
564	18362428	102.002334943091	5
564	19708384	105.001367359979	5
564	19710999	105.002328221758	5
564	19711013	105.002334941757	5
564	21056969	108.001367359979	5
564	21059584	108.002328220424	5
564	21059598	108.002334940423	5
564	22405554	111.001367359979	5
564	22408169	111.00232821909	5
564	22408183	111.002334939089	5
564	23754139	114.001367359979	5
564	23756754	114.002328217755	5
564	23756768	114.002334937754	5
564	25102724	117.001367359979	5
564	25105339	117.002328216421	5
564	25105353	117.00233493642	5
564	26310051	120.001205495059	5
564	26311207	120.001640175054	5
564	26311216	120.001646895053	5
564	27545314	123.000667719985	5
564	27548394	123.00117875998	5
564	27548403	123.001185479979	5
564	28893436	126.000667719985	5
564	28896065	126.001181159978	5
564	28896074	126.001187879977	5
564	30240810	129.000667719985	5
564	30243469	129.001191159983	5
564	30243478	129.001197879982	5
564	31588214	132.000667719985	5
564	31590873	132.001191159983	5
564	31590882	132.001197879982	5
564	32935618	135.000667719985	5
564	32938277	135.001191159983	5
564	32938286	135.001197879982	5
564	34283022	138.000667719985	5
564	34285681	138.001191159983	5
564	34285690	138.001197879982	5
564	35630426	141.000667719985	5
564	35633085	141.001191159983	5
564	35633094	141.001197879982	5
564	36977830	144.000667719985	5
564	36980489	144.001191159983	5
564	36980498	144.001197879982	5
564	38325234	147.000667719985	5
564	38327893	147.001191159983	5
564	38327902	147.001197879982	5
564	39561340	150.000667719985	5
564	39564670	150.001263479976	5
564	39564679	150.001270199975	5
564	40770326	153.00122023997	5
564	40772573	153.001956319956	5
564	40772582	153.001963039955	5
564	42119562	156.001184679976	5
564	42121609	156.001787079966	5
564	42121618	156.001793799965	5
564	43468222	159.00122023997	5
564	43469895	159.00182263996	5
564	43469904	159.001829359959	5
564	44816508	162.00122023997	5
564	44818181	162.00182263996	5
564	44818190	162.001829359959	5
564	46164794	165.00122023997	5
564	46166467	165.00182263996	5
564	46166476	165.001829359959	5
564	47513080	168.00122023997	5
564	47514753	168.00182263996	5
564	47514762	168.001829359959	5
564	48861366	171.00122023997	5
564	48863039	171.00182263996	5
564	48863048	171.001829359959	5
564	50209652	174.00122023997	5
564	50211325	174.00182263996	5
564	50211334	174.001829359959	5
564	51557938	177.00122023997	5
564	51559611	177.00182263996	5
564	51559620	177.001829359959	5
564	52795181	180.001082399985	5
564	52796140	180.001417439983	5
564	52796149	180.001424159982	5
564	53997825	183.000371919998	5
564	53999692	183.000707251523	5
564	53999701	183.000713971522	5
564	55346211	186.000699919989	5
564	55347532	186.001022719988	5
564	55348066	186.001092319986	5
564	56691988	189.000371919998	5
564	56693938	189.000733359995	5
564	56693956	189.000740079994	5
564	58038776	192.000371919998	5
564	58040643	192.000707251523	5
564	58040652	192.000713971522	5
564	59385387	195.000371919998	5
564	59387254	195.000707251523	5
564	59387263	195.000713971522	5
564	60731998	198.000371919998	5
564	60733865	198.000707251523	5
564	60733874	198.000713971522	5
564	62078609	201.000371919998	5
564	62080476	201.000707251523	5
564	62080485	201.000713971522	5
564	63425220	204.000371919998	5
564	63427087	204.000707251523	5
564	63427096	204.000713971522	5
564	64771831	207.000371919998	5
564	64773698	207.000707251523	5
564	64773707	207.000713971522	5
564	66007229	210.000371919998	5
564	66010213	210.000977971522	5
564	66010291	210.000984691521	5
564	67214495	213.000548959993	5
564	67217263	213.001153359986	5
564	67217376	213.001166799984	5
564	68562197	216.000548959993	5
564	68565938	216.001178999975	5
564	68566000	216.001185719974	5
564	69910665	219.00056519999	5
564	69913786	219.001148799983	5
564	69914278	219.001206239981	5
564	71259254	222.000548959993	5
564	71262022	222.001153359986	5
564	71262135	222.001166799984	5
564	72606947	225.000548959993	5
564	72609715	225.001153359986	5
564	72609828	225.001166799984	5
564	73954640	228.000548959993	5
564	73957408	228.001153359986	5
564	73957521	228.001166799984	5
564	75302333	231.000548959993	5
564	75305101	231.001153359986	5
564	75305214	231.001166799984	5
564	76650026	234.000548959993	5
564	76652794	234.001153359986	5
564	76652907	234.001166799984	5
564	77997719	237.000548959993	5
564	78000487	237.001153359986	5
564	78000600	237.001166799984	5
564	79233939	240.000505599994	5
564	79237543	240.001127691522	5
564	79238278	240.001244971517	5
564	80441462	243.000467439988	5
564	80443448	243.000875919984	5
564	80444957	243.001168399972	5
564	81789313	246.000467439988	5
564	81791101	246.000905599979	5
564	81792621	246.001170559974	5
564	83137539	249.000499119984	5
564	83140186	249.001066639976	5
564	83140926	249.001200399971	5
564	84485889	252.000491599992	5
564	84489801	252.001262359973	5
564	84489856	252.001269079972	5
564	85833377	255.000467439988	5
564	85835101	255.000905599979	5
564	85836611	255.001170559974	5
564	87181078	258.000467439988	5
564	87182802	258.000905599979	5
564	87184312	258.001170559974	5
564	88528779	261.000467439988	5
564	88530503	261.000905599979	5
564	88532013	261.001170559974	5
564	89876480	264.000467439988	5
564	89878204	264.000905599979	5
564	89879714	264.001170559974	5
564	91224181	267.000467439988	5
564	91225905	267.000905599979	5
564	91227415	267.001170559974	5
564	92430351	270.000467439988	5
564	92431978	270.000879759983	5
564	92432199	270.000945359978	5
564	93668627	273.001263839981	5
564	93670020	273.001944479969	5
564	93670056	273.001964959968	5
564	95016262	276.001263839981	5
564	95017679	276.001944479969	5
564	95017715	276.001964959968	5
564	96363953	279.001263839981	5
564	96365981	279.002115679965	5
564	96366126	279.002136159964	5
564	97712490	282.001177247325	5
564	97714404	282.001857887313	5
564	97714440	282.001878367312	5
564	99060646	285.001263839981	5
564	99062063	285.001944479969	5
564	99062099	285.001964959968	5
564	100408305	288.001263839981	5
564	100409722	288.001944479969	5
564	100409758	288.001964959968	5
564	101755964	291.001263839981	5
564	101757381	291.001944479969	5
564	101757417	291.001964959968	5
564	103103623	294.001263839981	5
564	103105040	294.001944479969	5
564	103105076	294.001964959968	5
564	104451282	297.001263839981	5
564	104452699	297.001944479969	5
564	104452735	297.001964959968	5
564	105798747	300.000683839989	5
564	105801323	300.001253407316	5
564	105801332	300.001260127315	5
