589	3183	0.00033171999	5
589	3620	0.00039931999	5
589	4173	3.000328719999	5
589	4833	3.000628799998	5
589	4877	3.000649279997	5
589	5467	6.000328719999	5
589	6127	6.000628799998	5
589	6171	6.000649279997	5
589	6761	9.000328719999	5
589	7421	9.000628799998	5
589	7465	9.000649279997	5
589	8055	12.000328719999	5
589	8715	12.000628799998	5
589	8759	12.000649279997	5
589	9349	15.000328719999	5
589	10009	15.000628799998	5
589	10053	15.000649279997	5
589	10643	18.000328719999	5
589	11303	18.000628799998	5
589	11347	18.000649279997	5
589	11937	21.000328719999	5
589	12597	21.000628799998	5
589	12641	21.000649279997	5
589	13231	24.000328719999	5
589	13891	24.000628799998	5
589	13935	24.000649279997	5
589	14525	27.000328719999	5
589	15185	27.000628799998	5
589	15229	27.000649279997	5
589	17593	30.000449919996	5
589	19378	30.000729519996	5
589	19471	30.000749999995	5
589	20211	33.000328719999	5
589	20871	33.000628799998	5
589	20915	33.000649279997	5
589	21505	36.000328719999	5
589	22165	36.000628799998	5
589	22209	36.000649279997	5
589	22799	39.000328719999	5
589	23459	39.000628799998	5
589	23503	39.000649279997	5
589	24093	42.000328719999	5
589	24753	42.000628799998	5
589	24797	42.000649279997	5
589	25387	45.000328719999	5
589	26047	45.000628799998	5
589	26091	45.000649279997	5
589	26681	48.000328719999	5
589	27341	48.000628799998	5
589	27385	48.000649279997	5
589	27975	51.000328719999	5
589	28635	51.000628799998	5
589	28679	51.000649279997	5
589	29269	54.000328719999	5
589	29929	54.000628799998	5
589	29973	54.000649279997	5
589	30563	57.000328719999	5
589	31223	57.000628799998	5
589	31267	57.000649279997	5
589	176874	60.000328719999	5
589	180634	60.000926399985	5
589	180643	60.000933119984	5
589	1226000	63.000328719999	5
589	1227303	63.000658799992	5
589	1227645	63.00069975999	5
589	2570931	66.000328719999	5
589	2571936	66.000608319999	5
589	2572014	66.000628799998	5
589	3915734	69.000328719999	5
589	3916739	69.000608319999	5
589	3916817	69.000628799998	5
589	5260537	72.000328719999	5
589	5261542	72.000608319999	5
589	5261620	72.000628799998	5
589	6605340	75.000328719999	5
589	6606345	75.000608319999	5
589	6606423	75.000628799998	5
589	7950143	78.000328719999	5
589	7951148	78.000608319999	5
589	7951226	78.000628799998	5
589	9294946	81.000328719999	5
589	9295951	81.000608319999	5
589	9296029	81.000628799998	5
589	10639749	84.000328719999	5
589	10640754	84.000608319999	5
589	10640832	84.000628799998	5
589	11984552	87.000328719999	5
589	11985557	87.000608319999	5
589	11985635	87.000628799998	5
589	13218398	90.000328719999	5
589	13219357	90.000608319999	5
589	13219452	90.000628799998	5
589	14311435	93.000449839996	5
589	14314021	93.001130239981	5
589	14314245	93.001172479977	5
589	15660498	96.000450639993	5
589	15662731	96.001174159976	5
589	15662790	96.001192399974	5
589	17008222	99.000450639993	5
589	17010455	99.001174159976	5
589	17010514	99.001192399974	5
589	18356807	102.000450639993	5
589	18359040	102.001174159976	5
589	18359099	102.001192399974	5
589	19705392	105.000450639993	5
589	19707625	105.001174159976	5
589	19707684	105.001192399974	5
589	21053977	108.000450639993	5
589	21056210	108.001174159976	5
589	21056269	108.001192399974	5
589	22402562	111.000450639993	5
589	22404795	111.001174159976	5
589	22404854	111.001192399974	5
589	23751147	114.000450639993	5
589	23753380	114.001174159976	5
589	23753439	114.001192399974	5
589	25099732	117.000450639993	5
589	25101965	117.001174159976	5
589	25102024	117.001192399974	5
589	26307025	120.000479599995	5
589	26309782	120.00114397506	5
589	26309807	120.001150695059	5
589	27544238	123.000470159996	5
589	27547726	123.001100479983	5
589	27548013	123.001124079983	5
589	28892460	126.000457359992	5
589	28895392	126.001090399978	5
589	28895680	126.001123039979	5
589	30239918	129.000470159996	5
589	30242796	129.001100319983	5
589	30243084	129.001133039984	5
589	31587322	132.000470159996	5
589	31590200	132.001100319983	5
589	31590488	132.001133039984	5
589	32934726	135.000470159996	5
589	32937604	135.001100319983	5
589	32937892	135.001133039984	5
589	34282130	138.000470159996	5
589	34285008	138.001100319983	5
589	34285296	138.001133039984	5
589	35629534	141.000470159996	5
589	35632412	141.001100319983	5
589	35632700	141.001133039984	5
589	36976938	144.000470159996	5
589	36979816	144.001100319983	5
589	36980104	144.001133039984	5
589	38324342	147.000470159996	5
589	38327220	147.001100319983	5
589	38327508	147.001133039984	5
589	39560504	150.000470159996	5
589	39563415	150.000980119984	5
589	39563429	150.000986839983	5
589	40767171	153.000467519988	5
589	40770199	153.001195279973	5
589	40770396	153.001238479968	5
589	42116521	156.000534159994	5
589	42119563	156.001184679976	5
589	42120008	156.001268919974	5
589	43465131	159.000467519988	5
589	43468095	159.001195279973	5
589	43468292	159.001238479968	5
589	44813417	162.000467519988	5
589	44816381	162.001195279973	5
589	44816578	162.001238479968	5
589	46161703	165.000467519988	5
589	46164667	165.001195279973	5
589	46164864	165.001238479968	5
589	47509989	168.000467519988	5
589	47512953	168.001195279973	5
589	47513150	168.001238479968	5
589	48858275	171.000467519988	5
589	48861239	171.001195279973	5
589	48861436	171.001238479968	5
589	50206561	174.000467519988	5
589	50209525	174.001195279973	5
589	50209722	174.001238479968	5
589	51554847	177.000467519988	5
589	51557811	177.001195279973	5
589	51558008	177.001238479968	5
589	52791890	180.000467519988	5
589	52794656	180.001039199986	5
589	52795483	180.001119359983	5
589	53998516	183.00048095999	5
589	54000897	183.001174079976	5
589	54001079	183.001192319974	5
589	55345134	186.00048095999	5
589	55348439	186.001172799974	5
589	55348482	186.001179519973	5
589	56692805	189.000522879992	5
589	56695285	189.001209999976	5
589	56695732	189.001277999982	5
589	58039467	192.00048095999	5
589	58041848	192.001174079976	5
589	58042030	192.001192319974	5
589	59386078	195.00048095999	5
589	59388459	195.001174079976	5
589	59388641	195.001192319974	5
589	60732689	198.00048095999	5
589	60735070	198.001174079976	5
589	60735252	198.001192319974	5
589	62079300	201.00048095999	5
589	62081681	201.001174079976	5
589	62081863	201.001192319974	5
589	63425911	204.00048095999	5
589	63428292	204.001174079976	5
589	63428474	204.001192319974	5
589	64772522	207.00048095999	5
589	64774903	207.001174079976	5
589	64775085	207.001192319974	5
589	66007929	210.00048095999	5
589	66010742	210.00104757152	5
589	66010845	210.001054291519	5
589	67212974	213.000328719999	5
589	67214664	213.000608319999	5
589	67214741	213.000628799998	5
589	68560691	216.000328719999	5
589	68562398	216.000608319999	5
589	68562475	216.000628799998	5
589	69909574	219.000328719999	5
589	69911432	219.00065279999	5
589	69911482	219.00067247999	5
589	71257733	222.000328719999	5
589	71259423	222.000608319999	5
589	71259500	222.000628799998	5
589	72605426	225.000328719999	5
589	72607116	225.000608319999	5
589	72607193	225.000628799998	5
589	73953119	228.000328719999	5
589	73954809	228.000608319999	5
589	73954886	228.000628799998	5
589	75300812	231.000328719999	5
589	75302502	231.000608319999	5
589	75302579	231.000628799998	5
589	76648505	234.000328719999	5
589	76650195	234.000608319999	5
589	76650272	234.000628799998	5
589	77996198	237.000328719999	5
589	77997888	237.000608319999	5
589	77997965	237.000628799998	5
589	79232636	240.000328719999	5
589	79235004	240.000662331526	5
589	79235062	240.000669051525	5
589	80442013	243.000530959986	5
589	80444958	243.001168399972	5
589	80445256	243.001197279972	5
589	81789424	246.000485679986	5
589	81792712	246.001188799972	5
589	81792992	246.00121759997	5
589	83137393	249.000474159987	5
589	83140925	249.001200399971	5
589	83141016	249.00120711997	5
589	84486249	252.000532879987	5
589	84489802	252.001262359973	5
589	84489916	252.001280599971	5
589	85833488	255.000485679986	5
589	85836702	255.001188799972	5
589	85836966	255.00121759997	5
589	87181189	258.000485679986	5
589	87184403	258.001188799972	5
589	87184667	258.00121759997	5
589	88528890	261.000485679986	5
589	88532104	261.001188799972	5
589	88532368	261.00121759997	5
589	89876591	264.000485679986	5
589	89879805	264.001188799972	5
589	89880069	264.00121759997	5
589	91224292	267.000485679986	5
589	91227506	267.001188799972	5
589	91227770	267.00121759997	5
589	92430525	270.000485679986	5
589	92432198	270.000945359978	5
589	92432834	270.001033519983	5
589	93665479	273.000424719993	5
589	93667159	273.000759759991	5
589	93667184	273.00076647999	5
589	95013138	276.000424719993	5
589	95014818	276.000759759991	5
589	95014843	276.00076647999	5
589	96360797	279.000424719993	5
589	96362509	279.000759759991	5
589	96362534	279.00076647999	5
589	97709148	282.000371919998	5
589	97711107	282.000771167331	5
589	97711116	282.00077788733	5
589	99057522	285.000424719993	5
589	99059202	285.000759759991	5
589	99059227	285.00076647999	5
589	100405181	288.000424719993	5
589	100406861	288.000759759991	5
589	100406886	288.00076647999	5
589	101752840	291.000424719993	5
589	101754520	291.000759759991	5
589	101754545	291.00076647999	5
589	103100499	294.000424719993	5
589	103102179	294.000759759991	5
589	103102204	294.00076647999	5
589	104448158	297.000424719993	5
589	104449838	297.000759759991	5
589	104449863	297.00076647999	5
589	105797374	300.000431439992	5
589	105800699	300.001121887318	5
589	105800740	300.001128607317	5
