614	3297	0.00035003999	5
614	3709	0.00041763999	5
614	4376	3.000426959997	5
614	5086	3.000767999994	5
614	5122	3.000788479993	5
614	5670	6.000426959997	5
614	6380	6.000767999994	5
614	6416	6.000788479993	5
614	6964	9.000426959997	5
614	7674	9.000767999994	5
614	7710	9.000788479993	5
614	8258	12.000426959997	5
614	8968	12.000767999994	5
614	9004	12.000788479993	5
614	9552	15.000426959997	5
614	10262	15.000767999994	5
614	10298	15.000788479993	5
614	10846	18.000426959997	5
614	11556	18.000767999994	5
614	11592	18.000788479993	5
614	12140	21.000426959997	5
614	12850	21.000767999994	5
614	12886	21.000788479993	5
614	13434	24.000426959997	5
614	14144	24.000767999994	5
614	14180	24.000788479993	5
614	14728	27.000426959997	5
614	15438	27.000767999994	5
614	15474	27.000788479993	5
614	18161	30.000562719995	5
614	19830	30.000991119989	5
614	19866	30.001011599988	5
614	20414	33.000426959997	5
614	21124	33.000767999994	5
614	21160	33.000788479993	5
614	21708	36.000426959997	5
614	22418	36.000767999994	5
614	22454	36.000788479993	5
614	23002	39.000426959997	5
614	23712	39.000767999994	5
614	23748	39.000788479993	5
614	24296	42.000426959997	5
614	25006	42.000767999994	5
614	25042	42.000788479993	5
614	25590	45.000426959997	5
614	26300	45.000767999994	5
614	26336	45.000788479993	5
614	26884	48.000426959997	5
614	27594	48.000767999994	5
614	27630	48.000788479993	5
614	28178	51.000426959997	5
614	28888	51.000767999994	5
614	28924	51.000788479993	5
614	29472	54.000426959997	5
614	30182	54.000767999994	5
614	30218	54.000788479993	5
614	30766	57.000426959997	5
614	31476	57.000767999994	5
614	31512	57.000788479993	5
614	177246	60.000426959997	5
614	179994	60.000831119988	5
614	180174	60.000851599987	5
614	1226783	63.000560559994	5
614	1228432	63.001182959981	5
614	1228468	63.00120343998	5
614	2571440	66.000462399995	5
614	2572977	66.000875679991	5
614	2573020	66.00089615999	5
614	3916243	69.000462399995	5
614	3917780	69.000875679991	5
614	3917823	69.00089615999	5
614	5261046	72.000462399995	5
614	5262583	72.000875679991	5
614	5262626	72.00089615999	5
614	6605849	75.000462399995	5
614	6607386	75.000875679991	5
614	6607429	75.00089615999	5
614	7950652	78.000462399995	5
614	7952189	78.000875679991	5
614	7952232	78.00089615999	5
614	9295455	81.000462399995	5
614	9296992	81.000875679991	5
614	9297035	81.00089615999	5
614	10640258	84.000462399995	5
614	10641795	84.000875679991	5
614	10641838	84.00089615999	5
614	11985061	87.000462399995	5
614	11986598	87.000875679991	5
614	11986641	87.00089615999	5
614	13218843	90.000462399995	5
614	13220474	90.000796639994	5
614	13221228	90.000890039987	5
614	14311860	93.000512399995	5
614	14314203	93.001159039979	5
614	14314222	93.001165759978	5
614	15660292	96.000400719995	5
614	15661831	96.000809999991	5
614	15662144	96.000970639986	5
614	17008016	99.000400719995	5
614	17009555	99.000809999991	5
614	17009868	99.000970639986	5
614	18356601	102.000400719995	5
614	18358140	102.000809999991	5
614	18358453	102.000970639986	5
614	19705186	105.000400719995	5
614	19706725	105.000809999991	5
614	19707038	105.000970639986	5
614	21053771	108.000400719995	5
614	21055310	108.000809999991	5
614	21055623	108.000970639986	5
614	22402356	111.000400719995	5
614	22403895	111.000809999991	5
614	22404208	111.000970639986	5
614	23750941	114.000400719995	5
614	23752480	114.000809999991	5
614	23752793	114.000970639986	5
614	25099526	117.000400719995	5
614	25101065	117.000809999991	5
614	25101378	117.000970639986	5
614	26306886	120.000454639996	5
614	26308870	120.000985175079	5
614	26308987	120.001024375068	5
614	27543689	123.000377839998	5
614	27545508	123.000704319993	5
614	27545728	123.000745279991	5
614	28892480	126.000464079991	5
614	28894210	126.000786079991	5
614	28894285	126.00080655999	5
614	30239441	129.000377839998	5
614	30241100	129.000704319993	5
614	30241279	129.000745279991	5
614	31586845	132.000377839998	5
614	31588504	132.000704319993	5
614	31588683	132.000745279991	5
614	32934249	135.000377839998	5
614	32935908	135.000704319993	5
614	32936087	135.000745279991	5
614	34281653	138.000377839998	5
614	34283312	138.000704319993	5
614	34283491	138.000745279991	5
614	35629057	141.000377839998	5
614	35630716	141.000704319993	5
614	35630895	141.000745279991	5
614	36976461	144.000377839998	5
614	36978120	144.000704319993	5
614	36978299	144.000745279991	5
614	38323865	147.000377839998	5
614	38325524	147.000704319993	5
614	38325703	147.000745279991	5
614	39559899	150.000377839998	5
614	39562632	150.00087543999	5
614	39562696	150.000882159989	5
614	40767209	153.000480239993	5
614	40769155	153.000979039982	5
614	40769818	153.001106079977	5
614	42116863	156.000606319993	5
614	42119989	156.001262199975	5
614	42120035	156.001282679974	5
614	43465169	159.000480239993	5
614	43467051	159.000979039982	5
614	43467714	159.001106079977	5
614	44813455	162.000480239993	5
614	44815337	162.000979039982	5
614	44816000	162.001106079977	5
614	46161741	165.000480239993	5
614	46163623	165.000979039982	5
614	46164286	165.001106079977	5
614	47510027	168.000480239993	5
614	47511909	168.000979039982	5
614	47512572	168.001106079977	5
614	48858313	171.000480239993	5
614	48860195	171.000979039982	5
614	48860858	171.001106079977	5
614	50206599	174.000480239993	5
614	50208481	174.000979039982	5
614	50209144	174.001106079977	5
614	51554885	177.000480239993	5
614	51556767	177.000979039982	5
614	51557430	177.001106079977	5
614	52791928	180.000480239993	5
614	52795448	180.001112639984	5
614	52795509	180.001130959984	5
614	53998853	183.000530959988	5
614	54001538	183.00127407998	5
614	54001547	183.001280799979	5
614	55345696	186.000554719993	5
614	55348515	186.001191039972	5
614	55348886	186.001287279977	5
614	56693380	189.000651519998	5
614	56695787	189.001284719981	5
614	56695887	189.00132799998	5
614	58039804	192.000530959988	5
614	58042489	192.00127407998	5
614	58042498	192.001280799979	5
614	59386415	195.000530959988	5
614	59389100	195.00127407998	5
614	59389109	195.001280799979	5
614	60733026	198.000530959988	5
614	60735711	198.00127407998	5
614	60735720	198.001280799979	5
614	62079637	201.000530959988	5
614	62082322	201.00127407998	5
614	62082331	201.001280799979	5
614	63426248	204.000530959988	5
614	63428933	204.00127407998	5
614	63428942	204.001280799979	5
614	64772859	207.000530959988	5
614	64775544	207.00127407998	5
614	64775553	207.001280799979	5
614	66008302	210.000530959988	5
614	66011505	210.001121011518	5
614	66011514	210.001127731517	5
614	67214109	213.000498959995	5
614	67216714	213.001099599985	5
614	67217264	213.001153359986	5
614	68561706	216.000498959995	5
614	68565220	216.001116039977	5
614	68565791	216.001165559977	5
614	69911402	219.000646079991	5
614	69915108	219.001279679979	5
614	69915165	219.001286399978	5
614	71258868	222.000498959995	5
614	71261473	222.001099599985	5
614	71262023	222.001153359986	5
614	72606561	225.000498959995	5
614	72609166	225.001099599985	5
614	72609716	225.001153359986	5
614	73954254	228.000498959995	5
614	73956859	228.001099599985	5
614	73957409	228.001153359986	5
614	75301947	231.000498959995	5
614	75304552	231.001099599985	5
614	75305102	231.001153359986	5
614	76649640	234.000498959995	5
614	76652245	234.001099599985	5
614	76652795	234.001153359986	5
614	77997333	237.000498959995	5
614	77999938	237.001099599985	5
614	78000488	237.001153359986	5
614	79234553	240.000598891528	5
614	79237401	240.001104291519	5
614	79237574	240.001138891521	5
614	80441081	243.000413279996	5
614	80443255	243.000826559992	5
614	80443345	243.000847039991	5
614	81789486	246.000492399985	5
614	81791348	246.000977839977	5
614	81793416	246.001266799975	5
614	83137587	249.000511519994	5
614	83139564	249.000986799978	5
614	83140277	249.001093919976	5
614	84486370	252.00056383999	5
614	84489944	252.00128963998	5
614	84489980	252.001310119979	5
614	85833550	255.000492399985	5
614	85835348	255.000977839977	5
614	85837390	255.001266799975	5
614	87181251	258.000492399985	5
614	87183049	258.000977839977	5
614	87185091	258.001266799975	5
614	88528952	261.000492399985	5
614	88530750	261.000977839977	5
614	88532792	261.001266799975	5
614	89876653	264.000492399985	5
614	89878451	264.000977839977	5
614	89880493	264.001266799975	5
614	91224354	267.000492399985	5
614	91226152	267.000977839977	5
614	91228194	267.001266799975	5
614	92430548	270.000492399985	5
614	92433361	270.001115851519	5
614	92433383	270.001129291519	5
614	93666021	273.000505599994	5
614	93668427	273.001200239975	5
614	93668518	273.001218479973	5
614	95013680	276.000505599994	5
614	95016078	276.001200239975	5
614	95016145	276.001218479973	5
614	96361371	279.000505599994	5
614	96363761	279.001200239975	5
614	96363828	279.001218479973	5
614	97710465	282.000689327334	5
614	97713093	282.001287087314	5
614	97713102	282.001293807313	5
614	99058064	285.000505599994	5
614	99060462	285.001200239975	5
614	99060529	285.001218479973	5
614	100405723	288.000505599994	5
614	100408121	288.001200239975	5
614	100408188	288.001218479973	5
614	101753382	291.000505599994	5
614	101755780	291.001200239975	5
614	101755847	291.001218479973	5
614	103101041	294.000505599994	5
614	103103439	294.001200239975	5
614	103103506	294.001218479973	5
614	104448700	297.000505599994	5
614	104451098	297.001200239975	5
614	104451165	297.001218479973	5
614	105797891	300.000505599994	5
614	105800357	300.001032447325	5
614	105800643	300.001115167319	5
