133	2406	1.00021064	8
133	3004	2.00021064	8
133	3618	3.00021064	8
133	4226	4.00021064	9
133	4824	5.00021064	8
133	5438	6.00021064	8
133	6046	7.00021064	9
133	6644	8.00021064	8
133	7258	9.00021064	8
133	7866	10.00021064	9
133	8464	11.00021064	8
133	9078	12.00021064	8
133	9686	13.00021064	9
133	10284	14.00021064	8
133	10898	15.00021064	8
133	11506	16.00021064	9
133	12104	17.00021064	8
133	12718	18.00021064	8
133	13326	19.00021064	9
133	13924	20.00021064	8
133	14538	21.00021064	8
133	15146	22.00021064	9
133	15744	23.00021064	8
133	16358	24.00021064	8
133	16966	25.00021064	9
133	17564	26.00021064	8
133	18178	27.00021064	8
133	18786	28.00021064	9
133	19384	29.00021064	8
133	19998	30.00021064	8
133	20606	31.00021064	9
133	21993	32.00021064	8
133	22607	33.00021064	8
133	23215	34.00021064	9
133	23813	35.00021064	8
133	24427	36.00021064	8
133	25035	37.00021064	9
133	25633	38.00021064	8
133	26247	39.00021064	8
133	26855	40.00021064	9
133	27453	41.00021064	8
133	28067	42.00021064	8
133	28675	43.00021064	9
133	29273	44.00021064	8
133	29887	45.00021064	8
133	30495	46.00021064	9
133	31093	47.00021064	8
133	31707	48.00021064	8
133	32315	49.00021064	9
133	32913	50.00021064	8
133	33527	51.00021064	8
133	34135	52.00021064	9
133	34733	53.00021064	8
133	35347	54.00021064	8
133	35955	55.00021064	9
133	36553	56.00021064	8
133	37167	57.00021064	8
133	37775	58.00021064	9
133	38373	59.00021064	8
133	39049	60.00021064	8
133	39657	61.00021064	9
133	40255	62.00021064	8
133	41498	63.00021064	8
133	42106	64.00021064	9
133	42704	65.00021064	8
133	43318	66.00021064	8
133	43926	67.00021064	9
133	44524	68.00021064	8
133	45138	69.00021064	8
133	45746	70.00021064	9
133	46344	71.00021064	8
133	46958	72.00021064	8
133	47566	73.00021064	9
133	48164	74.00021064	8
133	48778	75.00021064	8
133	49386	76.00021064	9
133	49984	77.00021064	8
133	50598	78.00021064	8
133	51206	79.00021064	9
133	51804	80.00021064	8
133	52418	81.00021064	8
133	53026	82.00021064	9
133	53624	83.00021064	8
133	54238	84.00021064	8
133	54846	85.00021064	9
133	55444	86.00021064	8
133	56058	87.00021064	8
133	56666	88.00021064	9
133	57264	89.00021064	8
133	57939	90.000056719999	8
133	58967	91.00021064	24
133	59929	92.00021064	22
133	60907	93.00021064	22
133	62534	94.00021064	24
133	63496	95.00021064	22
133	64474	96.00021064	22
133	65423	97.000013519987	23
133	66434	98.00021064	23
133	67412	99.00021064	22
133	68384	100.00021064	23
133	69372	101.00021064	23
133	70350	102.00021064	22
133	71322	103.00021064	23
133	72261	104.000013519972	22
133	73288	105.00021064	23
133	74260	106.00021064	23
133	75222	107.00021064	22
133	76226	108.00021064	23
133	77198	109.00021064	23
133	78160	110.00021064	22
133	79108	111.000013519957	22
133	80136	112.00021064	24
133	81098	113.00021064	22
133	82076	114.00021064	22
133	83074	115.00021064	24
133	84036	116.00021064	22
133	85014	117.00021064	22
133	85963	118.000013519941	23
133	86974	119.00021064	23
133	88036	120.00021064	22
133	89908	121.00021064	23
133	90987	122.00021064	23
133	91965	123.00021064	22
133	92937	124.00021064	23
133	93972	125.000013519926	22
133	95532	126.00021064	23
133	96504	127.00021064	23
133	97466	128.00021064	22
133	98470	129.00021064	23
133	99442	130.00021064	23
133	100404	131.00021064	22
133	101352	132.000013519882	22
133	102380	133.00021064	24
133	103342	134.00021064	22
133	104320	135.00021064	22
133	105318	136.00021064	24
133	106280	137.00021064	22
133	107258	138.00021064	22
133	108207	139.000013519819	23
133	109218	140.00021064	23
133	110196	141.00021064	22
133	111168	142.00021064	23
133	112156	143.00021064	23
133	113134	144.00021064	22
133	114106	145.00021064	23
133	115045	146.000013519792	22
133	116072	147.00021064	23
133	117044	148.00021064	23
133	118006	149.00021064	22
133	119010	150.00021064	23
133	119982	151.00021064	23
133	121072	152.00021064	22
133	122143	153.000013519777	22
133	123171	154.00021064	24
133	124133	155.00021064	22
133	125111	156.00021064	22
133	126595	157.00021064	24
133	127557	158.00021064	22
133	128535	159.00021064	22
133	129484	160.000013519762	23
133	130495	161.00021064	23
133	131473	162.00021064	22
133	132445	163.00021064	23
133	133433	164.00021064	23
133	134411	165.00021064	22
133	135383	166.00021064	23
133	136322	167.000013519747	22
133	137349	168.00021064	23
133	138321	169.00021064	23
133	139283	170.00021064	22
133	140287	171.00021064	23
133	141259	172.00021064	23
133	142221	173.00021064	22
133	143169	174.000013519731	22
133	144197	175.00021064	24
133	145159	176.00021064	22
133	146137	177.00021064	22
133	147135	178.00021064	24
133	148097	179.00021064	22
133	149137	180.00021064	22
133	150086	181.000013519716	23
133	151097	182.00021064	23
133	152075	183.00021064	22
133	153170	184.00021064	23
133	154158	185.00021064	23
133	155136	186.00021064	22
133	156108	187.00021064	23
133	157501	188.000013519701	22
133	158528	189.00021064	23
133	159500	190.00021064	23
133	160462	191.00021064	22
133	161466	192.00021064	23
133	162438	193.00021064	23
133	163400	194.00021064	22
133	164348	195.000013519685	22
133	165376	196.00021064	24
133	166338	197.00021064	22
133	167316	198.00021064	22
133	168314	199.00021064	24
133	169276	200.00021064	22
133	170254	201.00021064	22
133	171203	202.00001351967	23
133	172214	203.00021064	23
133	173192	204.00021064	22
133	174164	205.00021064	23
133	175152	206.00021064	23
133	176130	207.00021064	22
133	177102	208.00021064	23
133	178041	209.000013519655	22
133	179068	210.00021064	23
133	180040	211.00021064	23
133	181002	212.00021064	22
133	182006	213.00021064	23
133	182978	214.00021064	23
133	184063	215.00021064	22
133	185011	216.000013519639	22
133	186039	217.00021064	24
133	187001	218.00021064	22
133	188433	219.00021064	22
133	189431	220.00021064	24
133	190393	221.00021064	22
133	191371	222.00021064	22
133	192320	223.000013519624	23
133	193331	224.00021064	23
133	194309	225.00021064	22
133	195281	226.00021064	23
133	196269	227.00021064	23
133	197247	228.00021064	22
133	198219	229.00021064	23
133	199158	230.000013519609	22
133	200185	231.00021064	23
133	201157	232.00021064	23
133	202119	233.00021064	22
133	203123	234.00021064	23
133	204095	235.00021064	23
133	205057	236.00021064	22
133	206005	237.000013519593	22
133	207033	238.00021064	24
133	207995	239.00021064	22
133	209035	240.00021064	22
133	210923	241.00021064	24
133	211885	242.00021064	22
133	212863	243.00021064	22
133	213812	244.000013519578	23
133	214823	245.00021064	23
133	215924	246.00021064	22
133	216896	247.00021064	23
133	217884	248.00021064	23
133	218862	249.00021064	22
