vector 262  Topo.s1.open_Flow_Processing  droppedPkts:vector  ETV
4	17627	26.2	262
30	34362	52.4	262
56	50879	78.6	262
82	34363	52.4	262
105	17696	26.20021064	262
111	17690	26.20021064	262
132	21683	31.500469119994	262
138	21681	31.500469119994	262
159	34432	52.40021064	262
165	34426	52.40021064	262
240	262	0.100042199999	64
262	135608	136.000006759919	44
262	136773	137.000006759909	43
262	137946	138.000006759899	43
262	139118	139.00000675989	44
262	140283	140.00000675988	43
262	141456	141.000006759872	43
262	142628	142.000006759872	44
262	143793	143.000006759871	43
262	144966	144.000006759871	43
262	146138	145.000006759871	44
262	147303	146.000006759871	43
262	148476	147.000006759871	43
262	149648	148.000006759871	44
262	150813	149.000006759871	43
262	151986	150.000006759871	43
262	153158	151.000006759871	44
262	154451	152.000006759871	43
262	155656	153.000006759871	43
262	156828	154.000006759871	44
262	157993	155.000006759871	43
262	159166	156.000006759871	43
262	160772	157.000006759871	44
262	161937	158.000006759871	43
262	163110	159.000006759871	43
262	164282	160.000006759871	44
262	165447	161.000006759871	43
262	166620	162.000006759871	43
262	167792	163.000006759871	44
262	168957	164.000006759871	43
262	170130	165.00000675987	43
262	171302	166.00000675987	44
262	172499	167.00000675987	43
262	173672	168.00000675987	43
262	174844	169.00000675987	44
262	176009	170.00000675987	43
262	177182	171.00000675987	43
262	178354	172.00000675987	44
262	179519	173.00000675987	43
262	180692	174.00000675987	43
262	181864	175.00000675987	44
262	183029	176.00000675987	43
262	184202	177.00000675987	43
262	185374	178.00000675987	44
262	186539	179.00000675987	43
262	187722	180.00000675987	43
262	188946	181.00000675987	44
262	190111	182.00000675987	43
262	191284	183.00000675987	43
262	192456	184.00000675987	44
262	193621	185.00000675987	43
262	194794	186.00000675987	43
262	195966	187.000006759869	44
262	197533	188.000006759869	43
262	198706	189.000006759869	43
262	199878	190.000006759869	44
262	201043	191.000006759869	43
262	202216	192.000006759869	43
262	203388	193.000006759869	44
262	204553	194.000006759869	43
262	205726	195.000006759869	43
262	206898	196.000006759869	44
262	208063	197.000006759869	43
262	209236	198.000006759869	43
262	210408	199.000006759869	44
262	211573	200.000006759869	43
262	212746	201.000006759869	43
262	213918	202.000006759869	44
262	215083	203.000006759869	43
262	216256	204.000006759869	43
262	217428	205.000006759869	44
262	218593	206.000006759869	43
262	219766	207.000006759869	43
262	220938	208.000006759869	44
262	222103	209.000006759868	43
262	223276	210.000006759868	43
262	224448	211.000006759868	44
262	225613	212.000006759868	43
262	226786	213.000006759868	43
262	227958	214.000006759868	44
262	229123	215.000006759868	43
262	230296	216.000006759868	43
262	231468	217.000006759868	44
262	232633	218.000006759868	43
262	234208	219.000006759868	43
262	235380	220.000006759868	44
262	236545	221.000006759868	43
262	237718	222.000006759868	43
262	238890	223.000006759868	44
262	240055	224.000006759868	43
262	241238	225.000006759868	43
262	242462	226.000006759868	44
262	243627	227.000006759868	43
262	244800	228.000006759868	43
262	245972	229.000006759868	44
262	247137	230.000006759868	43
262	248310	231.000006759867	43
262	249482	232.000006759867	44
262	250647	233.000006759867	43
262	251820	234.000006759867	43
262	252992	235.000006759867	44
262	254157	236.000006759867	43
262	255330	237.000006759867	43
262	256502	238.000006759867	44
262	257667	239.000006759867	43
262	258840	240.000006759867	43
262	260902	241.000006759867	44
262	262067	242.000006759867	43
262	263240	243.000006759867	43
262	264412	244.000006759867	44
262	265577	245.000006759867	43
262	266750	246.000006759867	43
262	267922	247.000006759867	44
262	269087	248.000006759867	43
262	270260	249.000006759867	43
