vector 133  Topo.server2.udpApp[0]  rcvdPkCnt:vector  ETV
1	131019	133	1250
1	131199	133.1	1250
1	131332	133.2	1250
1	131537	133.3	1250
1	131669	133.4	1250
1	131850	133.5	1250
1	132007	133.6	1250
1	132187	133.7	1250
1	132320	133.8	1250
1	132525	133.9	1250
3	131025	133	1258
3	131201	133.1	1258
3	131340	133.2	1258
3	131539	133.3	1258
3	131675	133.4	1258
3	131854	133.5	1258
3	132013	133.6	1258
3	132189	133.7	1258
3	132328	133.8	1258
3	132527	133.9	1258
4	9821	13.3	133
4	131025	133	1330
4	131201	133.1	1331
4	131340	133.2	1332
4	131539	133.3	1333
4	131675	133.4	1334
4	131854	133.5	1335
4	132013	133.6	1336
4	132189	133.7	1337
4	132328	133.8	1338
4	132527	133.9	1339
14	131064	133.00010432	1296
14	131226	133.10010432	1296
14	131385	133.20010432	1296
14	131564	133.30010432	1296
14	131714	133.40010432	1296
14	131885	133.50010432	1296
14	132052	133.60010432	1296
14	132214	133.70010432	1296
14	132373	133.80010432	1296
14	132552	133.90010432	1296
19	131040	133	1296
19	131206	133.1	1296
19	131360	133.2	1296
19	131544	133.3	1296
19	131690	133.4	1296
19	131864	133.5	1296
19	132028	133.6	1296
19	132194	133.7	1296
19	132348	133.8	1296
19	132532	133.9	1296
23	131037	133	1278
23	131205	133.1	1278
23	131356	133.2	1278
23	131543	133.3	1278
23	131687	133.4	1278
23	131862	133.5	1278
23	132025	133.6	1278
23	132193	133.7	1278
23	132344	133.8	1278
23	132531	133.9	1278
27	131017	133	1250
27	131330	133.2	1250
27	131667	133.4	1250
27	132005	133.6	1250
27	132318	133.8	1250
29	131023	133	1258
29	131338	133.2	1258
29	131673	133.4	1258
29	132011	133.6	1258
29	132326	133.8	1258
30	17859	26.6	133
30	131023	133	665
30	131338	133.2	666
30	131673	133.4	667
30	132011	133.6	668
30	132326	133.8	669
40	131062	133.00010432	1296
40	131383	133.20010432	1296
40	131712	133.40010432	1296
40	132050	133.60010432	1296
40	132371	133.80010432	1296
45	131038	133	1296
45	131358	133.2	1296
45	131688	133.4	1296
45	132026	133.6	1296
45	132346	133.8	1296
49	131035	133	1278
49	131354	133.2	1278
49	131685	133.4	1278
49	132023	133.6	1278
49	132342	133.8	1278
53	131329	133.2	1250
53	131849	133.5	1250
53	132317	133.8	1250
55	131115	133.024999999948	8
55	131141	133.049999999948	8
55	131167	133.074999999948	8
55	131193	133.099999999948	8
55	131245	133.124999999947	8
55	131271	133.149999999947	8
55	131297	133.174999999947	8
55	131323	133.199999999947	8
55	131337	133.2	1258
55	131453	133.224999999946	8
55	131479	133.249999999946	8
55	131505	133.274999999946	8
55	131531	133.299999999946	8
55	131583	133.324999999945	8
55	131609	133.349999999945	8
55	131635	133.374999999945	8
55	131661	133.399999999945	8
55	131765	133.424999999944	8
55	131791	133.449999999944	8
55	131817	133.474999999944	8
55	131843	133.499999999944	8
55	131853	133.5	1258
55	131921	133.524999999943	8
55	131947	133.549999999943	8
55	131973	133.574999999943	8
55	131999	133.599999999943	8
55	132103	133.624999999942	8
55	132129	133.649999999942	8
55	132155	133.674999999942	8
55	132181	133.699999999942	8
55	132233	133.724999999941	8
55	132259	133.749999999941	8
55	132285	133.774999999941	8
55	132311	133.799999999941	8
55	132325	133.8	1258
55	132441	133.82499999994	8
55	132467	133.84999999994	8
55	132493	133.87499999994	8
55	132519	133.89999999994	8
55	132571	133.924999999939	8
55	132597	133.949999999939	8
55	132623	133.974999999939	8
55	132649	133.999999999939	8
56	26732	39.9	133
56	131115	133.024999999948	2165
56	131141	133.049999999948	2166
56	131167	133.074999999948	2167
56	131193	133.099999999948	2168
56	131245	133.124999999947	2169
56	131271	133.149999999947	2170
56	131297	133.174999999947	2171
56	131323	133.199999999947	2172
56	131337	133.2	2173
56	131453	133.224999999946	2174
56	131479	133.249999999946	2175
56	131505	133.274999999946	2176
56	131531	133.299999999946	2177
56	131583	133.324999999945	2178
56	131609	133.349999999945	2179
56	131635	133.374999999945	2180
56	131661	133.399999999945	2181
56	131765	133.424999999944	2182
56	131791	133.449999999944	2183
56	131817	133.474999999944	2184
56	131843	133.499999999944	2185
56	131853	133.5	2186
56	131921	133.524999999943	2187
56	131947	133.549999999943	2188
56	131973	133.574999999943	2189
56	131999	133.599999999943	2190
56	132103	133.624999999942	2191
56	132129	133.649999999942	2192
56	132155	133.674999999942	2193
56	132181	133.699999999942	2194
56	132233	133.724999999941	2195
56	132259	133.749999999941	2196
56	132285	133.774999999941	2197
56	132311	133.799999999941	2198
56	132325	133.8	2199
56	132441	133.82499999994	2200
56	132467	133.84999999994	2201
56	132493	133.87499999994	2202
56	132519	133.89999999994	2203
56	132571	133.924999999939	2204
56	132597	133.949999999939	2205
56	132623	133.974999999939	2206
56	132649	133.999999999939	2207
66	131045	133.000005759949	64
66	131122	133.025005759948	64
66	131148	133.050005759948	64
66	131174	133.075005759948	64
66	131209	133.100005759948	64
66	131252	133.125005759947	64
66	131278	133.150005759947	64
66	131304	133.175005759947	64
66	131365	133.200005759947	64
66	131404	133.200111039946	1296
66	131460	133.225005759946	64
66	131486	133.250005759946	64
66	131512	133.275005759946	64
66	131547	133.300005759946	64
66	131590	133.325005759945	64
66	131616	133.350005759945	64
66	131642	133.375005759945	64
66	131695	133.400005759945	64
66	131772	133.425005759944	64
66	131798	133.450005759944	64
66	131824	133.475005759944	64
66	131867	133.500005759944	64
66	131892	133.500111039943	1296
66	131928	133.525005759943	64
66	131954	133.550005759943	64
66	131980	133.575005759943	64
66	132033	133.600005759943	64
66	132110	133.625005759942	64
66	132136	133.650005759942	64
66	132162	133.675005759942	64
66	132197	133.700005759942	64
66	132240	133.725005759941	64
66	132266	133.750005759941	64
66	132292	133.775005759941	64
66	132353	133.800005759941	64
66	132392	133.80011103994	1296
66	132448	133.82500575994	64
66	132474	133.85000575994	64
66	132500	133.87500575994	64
66	132535	133.90000575994	64
66	132578	133.925005759939	64
66	132604	133.950005759939	64
66	132630	133.975005759939	64
71	131120	133.024999999948	64
71	131146	133.049999999948	64
71	131172	133.074999999948	64
71	131198	133.099999999948	64
71	131250	133.124999999947	64
71	131276	133.149999999947	64
71	131302	133.174999999947	64
71	131328	133.199999999947	64
71	131357	133.2	1296
71	131458	133.224999999946	64
71	131484	133.249999999946	64
71	131510	133.274999999946	64
71	131536	133.299999999946	64
71	131588	133.324999999945	64
71	131614	133.349999999945	64
71	131640	133.374999999945	64
71	131666	133.399999999945	64
71	131770	133.424999999944	64
71	131796	133.449999999944	64
71	131822	133.474999999944	64
71	131848	133.499999999944	64
71	131863	133.5	1296
71	131926	133.524999999943	64
71	131952	133.549999999943	64
71	131978	133.574999999943	64
71	132004	133.599999999943	64
71	132108	133.624999999942	64
71	132134	133.649999999942	64
71	132160	133.674999999942	64
71	132186	133.699999999942	64
71	132238	133.724999999941	64
71	132264	133.749999999941	64
71	132290	133.774999999941	64
71	132316	133.799999999941	64
71	132345	133.8	1296
71	132446	133.82499999994	64
71	132472	133.84999999994	64
71	132498	133.87499999994	64
71	132524	133.89999999994	64
71	132576	133.924999999939	64
71	132602	133.949999999939	64
71	132628	133.974999999939	64
71	132654	133.999999999939	64
75	131119	133.024999999948	28
75	131145	133.049999999948	28
75	131171	133.074999999948	28
75	131197	133.099999999948	28
75	131249	133.124999999947	28
75	131275	133.149999999947	28
75	131301	133.174999999947	28
75	131327	133.199999999947	28
75	131353	133.2	1278
75	131457	133.224999999946	28
75	131483	133.249999999946	28
75	131509	133.274999999946	28
75	131535	133.299999999946	28
75	131587	133.324999999945	28
75	131613	133.349999999945	28
75	131639	133.374999999945	28
75	131665	133.399999999945	28
75	131769	133.424999999944	28
75	131795	133.449999999944	28
75	131821	133.474999999944	28
75	131847	133.499999999944	28
75	131861	133.5	1278
75	131925	133.524999999943	28
75	131951	133.549999999943	28
75	131977	133.574999999943	28
75	132003	133.599999999943	28
75	132107	133.624999999942	28
75	132133	133.649999999942	28
75	132159	133.674999999942	28
75	132185	133.699999999942	28
75	132237	133.724999999941	28
75	132263	133.749999999941	28
75	132289	133.774999999941	28
75	132315	133.799999999941	28
75	132341	133.8	1278
75	132445	133.82499999994	28
75	132471	133.84999999994	28
75	132497	133.87499999994	28
75	132523	133.89999999994	28
75	132575	133.924999999939	28
75	132601	133.949999999939	28
75	132627	133.974999999939	28
75	132653	133.999999999939	28
79	131018	133	1250
79	131331	133.2	1250
79	131668	133.4	1250
79	132006	133.6	1250
79	132319	133.8	1250
81	131024	133	1258
81	131339	133.2	1258
81	131674	133.4	1258
81	132012	133.6	1258
81	132327	133.8	1258
82	17860	26.6	133
82	131024	133	665
82	131339	133.2	666
82	131674	133.4	667
82	132012	133.6	668
82	132327	133.8	669
92	131063	133.00010432	1296
92	131384	133.20010432	1296
92	131713	133.40010432	1296
92	132051	133.60010432	1296
92	132372	133.80010432	1296
97	131039	133	1296
97	131359	133.2	1296
97	131689	133.4	1296
97	132027	133.6	1296
97	132347	133.8	1296
101	131036	133	1278
101	131355	133.2	1278
101	131686	133.4	1278
101	132024	133.6	1278
101	132343	133.8	1278
104	131112	133.00021064	1250
104	131242	133.10021064	1250
104	131440	133.20021064	1250
104	131580	133.30021064	1250
104	131762	133.40021064	1250
104	131908	133.50021064	1250
104	132100	133.60021064	1250
104	132230	133.70021064	1250
104	132428	133.80021064	1250
104	132568	133.90021064	1250
105	9844	13.30021064	133
105	131112	133.00021064	1330
105	131242	133.10021064	1331
105	131440	133.20021064	1332
105	131580	133.30021064	1333
105	131762	133.40021064	1334
105	131908	133.50021064	1335
105	132100	133.60021064	1336
105	132230	133.70021064	1337
105	132428	133.80021064	1338
105	132568	133.90021064	1339
106	131112	133.00021064	10
107	131112	133.00021064	0.00021064
107	131242	133.10021064	0.00021064
107	131440	133.20021064	0.00021064
107	131580	133.30021064	0.00021064
107	131762	133.40021064	0.00021064
107	131908	133.50021064	0.00021064
107	132100	133.60021064	0.00021064
107	132230	133.70021064	0.00021064
107	132428	133.80021064	0.00021064
107	132568	133.90021064	0.00021064
110	131106	133.00021064	1258
110	131240	133.10021064	1258
110	131434	133.20021064	1258
110	131578	133.30021064	1258
110	131756	133.40021064	1258
110	131906	133.50021064	1258
110	132094	133.60021064	1258
110	132228	133.70021064	1258
110	132422	133.80021064	1258
110	132566	133.90021064	1258
111	9842	13.30021064	133
111	131106	133.00021064	1330
111	131240	133.10021064	1331
111	131434	133.20021064	1332
111	131578	133.30021064	1333
111	131756	133.40021064	1334
111	131906	133.50021064	1335
111	132094	133.60021064	1336
111	132228	133.70021064	1337
111	132422	133.80021064	1338
111	132566	133.90021064	1339
120	131091	133.00021064	1296
120	131235	133.10021064	1296
120	131419	133.20021064	1296
120	131573	133.30021064	1296
120	131741	133.40021064	1296
120	131901	133.50021064	1296
120	132079	133.60021064	1296
120	132223	133.70021064	1296
120	132407	133.80021064	1296
120	132561	133.90021064	1296
121	131091	133.00021064	1296
121	131235	133.10021064	1296
121	131419	133.20021064	1296
121	131573	133.30021064	1296
121	131741	133.40021064	1296
121	131901	133.50021064	1296
121	132079	133.60021064	1296
121	132223	133.70021064	1296
121	132407	133.80021064	1296
121	132561	133.90021064	1296
129	131094	133.00021064	1278
129	131236	133.10021064	1278
129	131422	133.20021064	1278
129	131574	133.30021064	1278
129	131744	133.40021064	1278
129	131902	133.50021064	1278
129	132082	133.60021064	1278
129	132224	133.70021064	1278
129	132410	133.80021064	1278
129	132562	133.90021064	1278
131	131061	133.000013519949	0
131	131110	133.00021064	1250
131	131138	133.025013519948	0
131	131164	133.050013519948	0
131	131190	133.075013519948	0
131	131225	133.100013519948	0
131	131268	133.125013519947	0
131	131294	133.150013519947	0
131	131320	133.175013519947	0
131	131382	133.200013519947	0
131	131438	133.20021064	1250
131	131450	133.200315919999	1250
131	131476	133.225013519946	0
131	131502	133.250013519946	0
131	131528	133.275013519946	0
131	131563	133.300013519946	0
131	131606	133.325013519945	0
131	131632	133.350013519945	0
131	131658	133.375013519945	0
131	131711	133.400013519945	0
131	131760	133.40021064	1250
131	131788	133.425013519944	0
131	131814	133.450013519944	0
131	131840	133.475013519944	0
131	131884	133.500013519944	0
131	131918	133.500217359943	1250
131	131944	133.525013519943	0
131	131970	133.550013519943	0
131	131996	133.575013519943	0
131	132049	133.600013519943	0
131	132098	133.60021064	1250
131	132126	133.625013519942	0
131	132152	133.650013519942	0
131	132178	133.675013519942	0
131	132213	133.700013519942	0
131	132256	133.725013519941	0
131	132282	133.750013519941	0
131	132308	133.775013519941	0
131	132370	133.800013519941	0
131	132426	133.80021064	1250
131	132438	133.800315919999	1250
131	132464	133.82501351994	0
131	132490	133.85001351994	0
131	132516	133.87501351994	0
131	132551	133.90001351994	0
131	132594	133.925013519939	0
131	132620	133.950013519939	0
131	132646	133.975013519939	0
132	11506	16.00021064	133
132	131061	133.000013519949	2828
132	131110	133.00021064	2829
132	131138	133.025013519948	2830
132	131164	133.050013519948	2831
132	131190	133.075013519948	2832
132	131225	133.100013519948	2833
132	131268	133.125013519947	2834
132	131294	133.150013519947	2835
132	131320	133.175013519947	2836
132	131382	133.200013519947	2837
132	131438	133.20021064	2838
132	131450	133.200315919999	2839
132	131476	133.225013519946	2840
132	131502	133.250013519946	2841
132	131528	133.275013519946	2842
132	131563	133.300013519946	2843
132	131606	133.325013519945	2844
132	131632	133.350013519945	2845
132	131658	133.375013519945	2846
132	131711	133.400013519945	2847
132	131760	133.40021064	2848
132	131788	133.425013519944	2849
132	131814	133.450013519944	2850
132	131840	133.475013519944	2851
132	131884	133.500013519944	2852
132	131918	133.500217359943	2853
132	131944	133.525013519943	2854
132	131970	133.550013519943	2855
132	131996	133.575013519943	2856
132	132049	133.600013519943	2857
132	132098	133.60021064	2858
132	132126	133.625013519942	2859
132	132152	133.650013519942	2860
132	132178	133.675013519942	2861
132	132213	133.700013519942	2862
132	132256	133.725013519941	2863
132	132282	133.750013519941	2864
132	132308	133.775013519941	2865
132	132370	133.800013519941	2866
132	132426	133.80021064	2867
132	132438	133.800315919999	2868
132	132464	133.82501351994	2869
132	132490	133.85001351994	2870
132	132516	133.87501351994	2871
132	132551	133.90001351994	2872
132	132594	133.925013519939	2873
132	132620	133.950013519939	2874
132	132646	133.975013519939	2875
133	2406	1.00021064	8
133	3004	2.00021064	8
133	3618	3.00021064	8
133	4226	4.00021064	9
133	4824	5.00021064	8
133	5438	6.00021064	8
133	6046	7.00021064	9
133	6644	8.00021064	8
133	7258	9.00021064	8
133	7866	10.00021064	9
133	8464	11.00021064	8
133	9078	12.00021064	8
133	9686	13.00021064	9
133	10284	14.00021064	8
133	10898	15.00021064	8
133	11506	16.00021064	9
133	12104	17.00021064	8
133	12718	18.00021064	8
133	13326	19.00021064	9
133	13924	20.00021064	8
133	14538	21.00021064	8
133	15146	22.00021064	9
133	15744	23.00021064	8
133	16358	24.00021064	8
133	16966	25.00021064	9
133	17564	26.00021064	8
133	18178	27.00021064	8
133	18786	28.00021064	9
133	19384	29.00021064	8
133	19998	30.00021064	8
133	20606	31.00021064	9
133	21993	32.00021064	8
133	22607	33.00021064	8
133	23215	34.00021064	9
133	23813	35.00021064	8
133	24427	36.00021064	8
133	25035	37.00021064	9
133	25633	38.00021064	8
133	26247	39.00021064	8
133	26855	40.00021064	9
133	27453	41.00021064	8
133	28067	42.00021064	8
133	28675	43.00021064	9
133	29273	44.00021064	8
133	29949	45.00021064	8
133	30557	46.00021064	9
133	31155	47.00021064	8
133	31769	48.00021064	8
133	32377	49.00021064	9
133	32975	50.00021064	8
133	33589	51.00021064	8
133	34197	52.00021064	9
133	34795	53.00021064	8
133	35409	54.00021064	8
133	36017	55.00021064	9
133	36615	56.00021064	8
133	37229	57.00021064	8
133	37837	58.00021064	9
133	38435	59.00021064	8
133	39049	60.00021064	8
133	39657	61.00021064	9
133	40255	62.00021064	8
133	41498	63.00021064	8
133	42106	64.00021064	9
133	42704	65.00021064	8
133	43318	66.00021064	8
133	43926	67.00021064	9
133	44524	68.00021064	8
133	45138	69.00021064	8
133	45746	70.00021064	9
133	46344	71.00021064	8
133	46958	72.00021064	8
133	47566	73.00021064	9
133	48164	74.00021064	8
133	48778	75.00021064	8
133	49386	76.00021064	9
133	49984	77.00021064	8
133	50598	78.00021064	8
133	51206	79.00021064	9
133	51804	80.00021064	8
133	52418	81.00021064	8
133	53026	82.00021064	9
133	53624	83.00021064	8
133	54238	84.00021064	8
133	54846	85.00021064	9
133	55444	86.00021064	8
133	56058	87.00021064	8
133	56666	88.00021064	9
133	57264	89.00021064	8
133	57975	90.000043279999	8
133	59630	91.000013519999	49
133	61268	92.000013519999	48
133	62915	93.000013519999	48
133	65199	94.000013519998	49
133	66837	95.000013519998	48
133	68484	96.000013519998	48
133	70139	97.000013519998	49
133	71777	98.000013519998	48
133	73424	99.000013519998	48
133	75079	100.000013519998	49
133	76717	101.000013519998	48
133	78364	102.000013519998	48
133	80019	103.000013519998	49
133	81657	104.000013519998	48
133	83304	105.000013519998	48
133	84959	106.000013519998	49
133	86597	107.000013519998	48
133	88244	108.000013519998	48
133	89899	109.000013519998	49
133	91537	110.000013519998	48
133	93184	111.000013519998	48
133	94839	112.000013519998	49
133	96477	113.000013519998	48
133	98124	114.000013519998	48
133	99779	115.000013519998	49
133	101417	116.000013519997	48
133	103064	117.000013519997	48
133	104719	118.000013519997	49
133	106357	119.000013519997	48
133	108004	120.000013519997	48
133	110549	121.000013519997	49
133	112310	122.000013519997	48
133	113957	123.000013519997	48
133	115612	124.000013519997	49
133	117346	125.000013519997	48
133	119526	126.000013519997	48
133	121181	127.000013519997	49
133	122819	128.000013519997	48
133	124466	129.000013519988	48
133	126121	130.000013519978	49
133	127759	131.000013519968	48
133	129406	132.000013519958	48
133	131061	133.000013519949	49
133	132699	134.000013519939	48
133	134378	135.000013519929	48
133	135658	136.00021064	6
133	136823	137.00021064	5
133	138003	138.00021064	5
133	139168	139.00021064	5
133	140333	140.00021064	5
133	141513	141.00021064	5
133	142678	142.00021064	5
133	143843	143.00021064	5
133	145023	144.00021064	5
133	146188	145.00021064	5
133	147353	146.00021064	5
133	148533	147.00021064	5
133	149698	148.00021064	5
133	150863	149.00021064	5
133	152043	150.00021064	5
133	153208	151.00021064	5
133	154501	152.00021064	5
133	155713	153.00021064	5
133	156878	154.00021064	5
133	158043	155.00021064	5
133	159223	156.00021064	5
133	160822	157.00021064	5
133	161987	158.00021064	5
133	163167	159.00021064	5
133	164332	160.00021064	5
133	165497	161.00021064	5
133	166677	162.00021064	5
133	167842	163.00021064	5
133	169007	164.00021064	5
133	170187	165.00021064	5
133	171384	166.00021064	5
133	172549	167.00021064	5
133	173729	168.00021064	5
133	174894	169.00021064	5
133	176059	170.00021064	5
133	177239	171.00021064	5
133	178404	172.00021064	5
133	179569	173.00021064	5
133	180749	174.00021064	5
133	181914	175.00021064	5
133	183079	176.00021064	5
133	184259	177.00021064	5
133	185424	178.00021064	5
133	186589	179.00021064	5
133	187831	180.00021064	5
133	188996	181.00021064	5
133	190161	182.00021064	5
133	191341	183.00021064	5
133	192506	184.00021064	5
133	193671	185.00021064	5
133	194851	186.00021064	5
133	196016	187.00021064	5
133	197583	188.00021064	5
133	198763	189.00021064	5
133	199928	190.00021064	5
133	201093	191.00021064	5
133	202273	192.00021064	5
133	203438	193.00021064	5
133	204603	194.00021064	5
133	205783	195.00021064	5
133	206948	196.00021064	5
133	208113	197.00021064	5
133	209293	198.00021064	5
133	210458	199.00021064	5
133	211623	200.00021064	5
133	212803	201.00021064	5
133	213968	202.00021064	5
133	215133	203.00021064	5
133	216313	204.00021064	5
133	217478	205.00021064	5
133	218643	206.00021064	5
133	219823	207.00021064	5
133	220988	208.00021064	5
133	222153	209.00021064	5
133	223333	210.00021064	5
133	224498	211.00021064	5
133	225663	212.00021064	5
133	226843	213.00021064	5
133	228008	214.00021064	5
133	229173	215.00021064	5
133	230353	216.00021064	5
133	231518	217.00021064	5
133	232683	218.00021064	5
133	234265	219.00021064	5
133	235430	220.00021064	5
133	236595	221.00021064	5
133	237775	222.00021064	5
133	238940	223.00021064	5
133	240105	224.00021064	5
133	241347	225.00021064	5
133	242512	226.00021064	5
133	243677	227.00021064	5
133	244857	228.00021064	5
133	246022	229.00021064	5
133	247187	230.00021064	5
133	248367	231.00021064	5
133	249532	232.00021064	5
133	250697	233.00021064	5
133	251877	234.00021064	5
133	253042	235.00021064	5
133	254207	236.00021064	5
133	255387	237.00021064	5
133	256552	238.00021064	5
133	257717	239.00021064	5
133	258897	240.00021064	5
133	260952	241.00021064	5
133	262117	242.00021064	5
133	263297	243.00021064	5
133	264462	244.00021064	5
133	265627	245.00021064	5
133	266807	246.00021064	5
133	267972	247.00021064	5
133	269137	248.00021064	5
133	270317	249.00021064	5
134	131061	133.000013519949	1.352e-05
134	131110	133.00021064	0.00021064
134	131138	133.025013519948	1.352e-05
134	131164	133.050013519948	1.352e-05
134	131190	133.075013519948	1.352e-05
134	131225	133.100013519948	1.352e-05
134	131268	133.125013519947	1.352e-05
134	131294	133.150013519947	1.352e-05
134	131320	133.175013519947	1.352e-05
134	131382	133.200013519947	1.352e-05
134	131438	133.20021064	0.00021064
134	131450	133.200315919999	0.000315919999
134	131476	133.225013519946	1.352e-05
134	131502	133.250013519946	1.352e-05
134	131528	133.275013519946	1.352e-05
134	131563	133.300013519946	1.352e-05
134	131606	133.325013519945	1.352e-05
134	131632	133.350013519945	1.352e-05
134	131658	133.375013519945	1.352e-05
134	131711	133.400013519945	1.352e-05
134	131760	133.40021064	0.00021064
134	131788	133.425013519944	1.352e-05
134	131814	133.450013519944	1.352e-05
134	131840	133.475013519944	1.352e-05
134	131884	133.500013519944	1.352e-05
134	131918	133.500217359943	0.000217359943
134	131944	133.525013519943	1.352e-05
134	131970	133.550013519943	1.352e-05
134	131996	133.575013519943	1.352e-05
134	132049	133.600013519943	1.352e-05
134	132098	133.60021064	0.00021064
134	132126	133.625013519942	1.352e-05
134	132152	133.650013519942	1.352e-05
134	132178	133.675013519942	1.352e-05
134	132213	133.700013519942	1.352e-05
134	132256	133.725013519941	1.352e-05
134	132282	133.750013519941	1.352e-05
134	132308	133.775013519941	1.352e-05
134	132370	133.800013519941	1.352e-05
134	132426	133.80021064	0.00021064
134	132438	133.800315919999	0.000315919999
134	132464	133.82501351994	1.352e-05
134	132490	133.85001351994	1.352e-05
134	132516	133.87501351994	1.352e-05
134	132551	133.90001351994	1.352e-05
134	132594	133.925013519939	1.352e-05
134	132620	133.950013519939	1.352e-05
134	132646	133.975013519939	1.352e-05
137	131059	133.000013519949	8
137	131104	133.00021064	1258
137	131136	133.025013519948	8
137	131162	133.050013519948	8
137	131188	133.075013519948	8
137	131223	133.100013519948	8
137	131266	133.125013519947	8
137	131292	133.150013519947	8
137	131318	133.175013519947	8
137	131380	133.200013519947	8
137	131432	133.20021064	1258
137	131448	133.200315919999	1258
137	131474	133.225013519946	8
137	131500	133.250013519946	8
137	131526	133.275013519946	8
137	131561	133.300013519946	8
137	131604	133.325013519945	8
137	131630	133.350013519945	8
137	131656	133.375013519945	8
137	131709	133.400013519945	8
137	131754	133.40021064	1258
137	131786	133.425013519944	8
137	131812	133.450013519944	8
137	131838	133.475013519944	8
137	131882	133.500013519944	8
137	131916	133.500217359943	1258
137	131942	133.525013519943	8
137	131968	133.550013519943	8
137	131994	133.575013519943	8
137	132047	133.600013519943	8
137	132092	133.60021064	1258
137	132124	133.625013519942	8
137	132150	133.650013519942	8
137	132176	133.675013519942	8
137	132211	133.700013519942	8
137	132254	133.725013519941	8
137	132280	133.750013519941	8
137	132306	133.775013519941	8
137	132368	133.800013519941	8
137	132420	133.80021064	1258
137	132436	133.800315919999	1258
137	132462	133.82501351994	8
137	132488	133.85001351994	8
137	132514	133.87501351994	8
137	132549	133.90001351994	8
137	132592	133.925013519939	8
137	132618	133.950013519939	8
137	132644	133.975013519939	8
138	11500	16.00021064	133
138	131059	133.000013519949	2828
138	131104	133.00021064	2829
138	131136	133.025013519948	2830
138	131162	133.050013519948	2831
138	131188	133.075013519948	2832
138	131223	133.100013519948	2833
138	131266	133.125013519947	2834
138	131292	133.150013519947	2835
138	131318	133.175013519947	2836
138	131380	133.200013519947	2837
138	131432	133.20021064	2838
138	131448	133.200315919999	2839
138	131474	133.225013519946	2840
138	131500	133.250013519946	2841
138	131526	133.275013519946	2842
138	131561	133.300013519946	2843
138	131604	133.325013519945	2844
138	131630	133.350013519945	2845
138	131656	133.375013519945	2846
138	131709	133.400013519945	2847
138	131754	133.40021064	2848
138	131786	133.425013519944	2849
138	131812	133.450013519944	2850
138	131838	133.475013519944	2851
138	131882	133.500013519944	2852
138	131916	133.500217359943	2853
138	131942	133.525013519943	2854
138	131968	133.550013519943	2855
138	131994	133.575013519943	2856
138	132047	133.600013519943	2857
138	132092	133.60021064	2858
138	132124	133.625013519942	2859
138	132150	133.650013519942	2860
138	132176	133.675013519942	2861
138	132211	133.700013519942	2862
138	132254	133.725013519941	2863
138	132280	133.750013519941	2864
138	132306	133.775013519941	2865
138	132368	133.800013519941	2866
138	132420	133.80021064	2867
138	132436	133.800315919999	2868
138	132462	133.82501351994	2869
138	132488	133.85001351994	2870
138	132514	133.87501351994	2871
138	132549	133.90001351994	2872
138	132592	133.925013519939	2873
138	132618	133.950013519939	2874
138	132644	133.975013519939	2875
147	131054	133.000013519949	64
147	131089	133.00021064	1296
147	131131	133.025013519948	64
147	131157	133.050013519948	64
147	131183	133.075013519948	64
147	131218	133.100013519948	64
147	131261	133.125013519947	64
147	131287	133.150013519947	64
147	131313	133.175013519947	64
147	131375	133.200013519947	64
147	131417	133.20021064	1296
147	131443	133.200315919999	1296
147	131469	133.225013519946	64
147	131495	133.250013519946	64
147	131521	133.275013519946	64
147	131556	133.300013519946	64
147	131599	133.325013519945	64
147	131625	133.350013519945	64
147	131651	133.375013519945	64
147	131704	133.400013519945	64
147	131739	133.40021064	1296
147	131781	133.425013519944	64
147	131807	133.450013519944	64
147	131833	133.475013519944	64
147	131877	133.500013519944	64
147	131911	133.500217359943	1296
147	131937	133.525013519943	64
147	131963	133.550013519943	64
147	131989	133.575013519943	64
147	132042	133.600013519943	64
147	132077	133.60021064	1296
147	132119	133.625013519942	64
147	132145	133.650013519942	64
147	132171	133.675013519942	64
147	132206	133.700013519942	64
147	132249	133.725013519941	64
147	132275	133.750013519941	64
147	132301	133.775013519941	64
147	132363	133.800013519941	64
147	132405	133.80021064	1296
147	132431	133.800315919999	1296
147	132457	133.82501351994	64
147	132483	133.85001351994	64
147	132509	133.87501351994	64
147	132544	133.90001351994	64
147	132587	133.925013519939	64
147	132613	133.950013519939	64
147	132639	133.975013519939	64
148	131054	133.000013519949	64
148	131089	133.00021064	1296
148	131131	133.025013519948	64
148	131157	133.050013519948	64
148	131183	133.075013519948	64
148	131218	133.100013519948	64
148	131261	133.125013519947	64
148	131287	133.150013519947	64
148	131313	133.175013519947	64
148	131375	133.200013519947	64
148	131417	133.20021064	1296
148	131443	133.200315919999	1296
148	131469	133.225013519946	64
148	131495	133.250013519946	64
148	131521	133.275013519946	64
148	131556	133.300013519946	64
148	131599	133.325013519945	64
148	131625	133.350013519945	64
148	131651	133.375013519945	64
148	131704	133.400013519945	64
148	131739	133.40021064	1296
148	131781	133.425013519944	64
148	131807	133.450013519944	64
148	131833	133.475013519944	64
148	131877	133.500013519944	64
148	131911	133.500217359943	1296
148	131937	133.525013519943	64
148	131963	133.550013519943	64
148	131989	133.575013519943	64
148	132042	133.600013519943	64
148	132077	133.60021064	1296
148	132119	133.625013519942	64
148	132145	133.650013519942	64
148	132171	133.675013519942	64
148	132206	133.700013519942	64
148	132249	133.725013519941	64
148	132275	133.750013519941	64
148	132301	133.775013519941	64
148	132363	133.800013519941	64
148	132405	133.80021064	1296
148	132431	133.800315919999	1296
148	132457	133.82501351994	64
148	132483	133.85001351994	64
148	132509	133.87501351994	64
148	132544	133.90001351994	64
148	132587	133.925013519939	64
148	132613	133.950013519939	64
148	132639	133.975013519939	64
156	131055	133.000013519949	28
156	131092	133.00021064	1278
156	131132	133.025013519948	28
156	131158	133.050013519948	28
156	131184	133.075013519948	28
156	131219	133.100013519948	28
156	131262	133.125013519947	28
156	131288	133.150013519947	28
156	131314	133.175013519947	28
156	131376	133.200013519947	28
156	131420	133.20021064	1278
156	131444	133.200315919999	1278
156	131470	133.225013519946	28
156	131496	133.250013519946	28
156	131522	133.275013519946	28
156	131557	133.300013519946	28
156	131600	133.325013519945	28
156	131626	133.350013519945	28
156	131652	133.375013519945	28
156	131705	133.400013519945	28
156	131742	133.40021064	1278
156	131782	133.425013519944	28
156	131808	133.450013519944	28
156	131834	133.475013519944	28
156	131878	133.500013519944	28
156	131912	133.500217359943	1278
156	131938	133.525013519943	28
156	131964	133.550013519943	28
156	131990	133.575013519943	28
156	132043	133.600013519943	28
156	132080	133.60021064	1278
156	132120	133.625013519942	28
156	132146	133.650013519942	28
156	132172	133.675013519942	28
156	132207	133.700013519942	28
156	132250	133.725013519941	28
156	132276	133.750013519941	28
156	132302	133.775013519941	28
156	132364	133.800013519941	28
156	132408	133.80021064	1278
156	132432	133.800315919999	1278
156	132458	133.82501351994	28
156	132484	133.85001351994	28
156	132510	133.87501351994	28
156	132545	133.90001351994	28
156	132588	133.925013519939	28
156	132614	133.950013519939	28
156	132640	133.975013519939	28
158	131111	133.00021064	1250
158	131439	133.20021064	1250
158	131761	133.40021064	1250
158	132099	133.60021064	1250
158	132427	133.80021064	1250
159	17929	26.60021064	133
159	131111	133.00021064	665
159	131439	133.20021064	666
159	131761	133.40021064	667
159	132099	133.60021064	668
159	132427	133.80021064	669
160	131111	133.00021064	5
161	131111	133.00021064	0.00021064
161	131439	133.20021064	0.00021064
161	131761	133.40021064	0.00021064
161	132099	133.60021064	0.00021064
161	132427	133.80021064	0.00021064
164	131105	133.00021064	1258
164	131433	133.20021064	1258
164	131755	133.40021064	1258
164	132093	133.60021064	1258
164	132421	133.80021064	1258
165	17923	26.60021064	133
165	131105	133.00021064	665
165	131433	133.20021064	666
165	131755	133.40021064	667
165	132093	133.60021064	668
165	132421	133.80021064	669
174	131090	133.00021064	1296
174	131418	133.20021064	1296
174	131740	133.40021064	1296
174	132078	133.60021064	1296
174	132406	133.80021064	1296
175	131090	133.00021064	1296
175	131418	133.20021064	1296
175	131740	133.40021064	1296
175	132078	133.60021064	1296
175	132406	133.80021064	1296
183	131093	133.00021064	1278
183	131421	133.20021064	1278
183	131743	133.40021064	1278
183	132081	133.60021064	1278
183	132409	133.80021064	1278
186	131070	133.00010532	1296
186	131228	133.10010532	1296
186	131391	133.20010532	1296
186	131566	133.30010532	1296
186	131720	133.40010532	1296
186	131887	133.50010532	1296
186	132058	133.60010532	1296
186	132216	133.70010532	1296
186	132379	133.80010532	1296
186	132554	133.90010532	1296
187	131070	133.00010532	1296
187	131228	133.10010532	1296
187	131391	133.20010532	1296
187	131566	133.30010532	1296
187	131720	133.40010532	1296
187	131887	133.50010532	1296
187	132058	133.60010532	1296
187	132216	133.70010532	1296
187	132379	133.80010532	1296
187	132554	133.90010532	1296
197	131068	133.00010532	1296
197	131389	133.20010532	1296
197	131718	133.40010532	1296
197	132056	133.60010532	1296
197	132377	133.80010532	1296
198	131068	133.00010532	1296
198	131389	133.20010532	1296
198	131718	133.40010532	1296
198	132056	133.60010532	1296
198	132377	133.80010532	1296
208	131047	133.000006759949	64
208	131124	133.025006759948	64
208	131150	133.050006759948	64
208	131176	133.075006759948	64
208	131211	133.100006759948	64
208	131254	133.125006759947	64
208	131280	133.150006759947	64
208	131306	133.175006759947	64
208	131367	133.200006759947	64
208	131406	133.200112039946	1296
208	131462	133.225006759946	64
208	131488	133.250006759946	64
208	131514	133.275006759946	64
208	131549	133.300006759946	64
208	131592	133.325006759945	64
208	131618	133.350006759945	64
208	131644	133.375006759945	64
208	131697	133.400006759945	64
208	131774	133.425006759944	64
208	131800	133.450006759944	64
208	131826	133.475006759944	64
208	131869	133.500006759944	64
208	131894	133.500112039943	1296
208	131930	133.525006759943	64
208	131956	133.550006759943	64
208	131982	133.575006759943	64
208	132035	133.600006759943	64
208	132112	133.625006759942	64
208	132138	133.650006759942	64
208	132164	133.675006759942	64
208	132199	133.700006759942	64
208	132242	133.725006759941	64
208	132268	133.750006759941	64
208	132294	133.775006759941	64
208	132355	133.800006759941	64
208	132394	133.80011203994	1296
208	132450	133.82500675994	64
208	132476	133.85000675994	64
208	132502	133.87500675994	64
208	132537	133.90000675994	64
208	132580	133.925006759939	64
208	132606	133.950006759939	64
208	132632	133.975006759939	64
209	131047	133.000006759949	64
209	131124	133.025006759948	64
209	131150	133.050006759948	64
209	131176	133.075006759948	64
209	131211	133.100006759948	64
209	131254	133.125006759947	64
209	131280	133.150006759947	64
209	131306	133.175006759947	64
209	131367	133.200006759947	64
209	131406	133.200112039946	1296
209	131462	133.225006759946	64
209	131488	133.250006759946	64
209	131514	133.275006759946	64
209	131549	133.300006759946	64
209	131592	133.325006759945	64
209	131618	133.350006759945	64
209	131644	133.375006759945	64
209	131697	133.400006759945	64
209	131774	133.425006759944	64
209	131800	133.450006759944	64
209	131826	133.475006759944	64
209	131869	133.500006759944	64
209	131894	133.500112039943	1296
209	131930	133.525006759943	64
209	131956	133.550006759943	64
209	131982	133.575006759943	64
209	132035	133.600006759943	64
209	132112	133.625006759942	64
209	132138	133.650006759942	64
209	132164	133.675006759942	64
209	132199	133.700006759942	64
209	132242	133.725006759941	64
209	132268	133.750006759941	64
209	132294	133.775006759941	64
209	132355	133.800006759941	64
209	132394	133.80011203994	1296
209	132450	133.82500675994	64
209	132476	133.85000675994	64
209	132502	133.87500675994	64
209	132537	133.90000675994	64
209	132580	133.925006759939	64
209	132606	133.950006759939	64
209	132632	133.975006759939	64
219	131069	133.00010532	1296
219	131390	133.20010532	1296
219	131719	133.40010532	1296
219	132057	133.60010532	1296
219	132378	133.80010532	1296
220	131069	133.00010532	1296
220	131390	133.20010532	1296
220	131719	133.40010532	1296
220	132057	133.60010532	1296
220	132378	133.80010532	1296
229	131085	133.00020964	1296
229	131233	133.10020964	1296
229	131413	133.20020964	1296
229	131571	133.30020964	1296
229	131735	133.40020964	1296
229	131899	133.50020964	1296
229	132073	133.60020964	1296
229	132221	133.70020964	1296
229	132401	133.80020964	1296
229	132559	133.90020964	1296
234	131079	133.00010532	1296
234	131231	133.10010532	1296
234	131400	133.20010532	1296
234	131569	133.30010532	1296
234	131729	133.40010532	1296
234	131890	133.50010532	1296
234	132067	133.60010532	1296
234	132219	133.70010532	1296
234	132388	133.80010532	1296
234	132557	133.90010532	1296
240	131052	133.000012519949	64
240	131083	133.00020964	1296
240	131129	133.025012519948	64
240	131155	133.050012519948	64
240	131181	133.075012519948	64
240	131216	133.100012519948	64
240	131259	133.125012519947	64
240	131285	133.150012519947	64
240	131311	133.175012519947	64
240	131373	133.200012519947	64
240	131411	133.20020964	1296
240	131441	133.200314919999	1296
240	131467	133.225012519946	64
240	131493	133.250012519946	64
240	131519	133.275012519946	64
240	131554	133.300012519946	64
240	131597	133.325012519945	64
240	131623	133.350012519945	64
240	131649	133.375012519945	64
240	131702	133.400012519945	64
240	131733	133.40020964	1296
240	131779	133.425012519944	64
240	131805	133.450012519944	64
240	131831	133.475012519944	64
240	131875	133.500012519944	64
240	131909	133.500216359943	1296
240	131935	133.525012519943	64
240	131961	133.550012519943	64
240	131987	133.575012519943	64
240	132040	133.600012519943	64
240	132071	133.60020964	1296
240	132117	133.625012519942	64
240	132143	133.650012519942	64
240	132169	133.675012519942	64
240	132204	133.700012519942	64
240	132247	133.725012519941	64
240	132273	133.750012519941	64
240	132299	133.775012519941	64
240	132361	133.800012519941	64
240	132399	133.80020964	1296
240	132429	133.800314919999	1296
240	132455	133.82501251994	64
240	132481	133.85001251994	64
240	132507	133.87501251994	64
240	132542	133.90001251994	64
240	132585	133.925012519939	64
240	132611	133.950012519939	64
240	132637	133.975012519939	64
245	131050	133.000006759949	64
245	131075	133.00010532	1296
245	131127	133.025006759948	64
245	131153	133.050006759948	64
245	131179	133.075006759948	64
245	131214	133.100006759948	64
245	131257	133.125006759947	64
245	131283	133.150006759947	64
245	131309	133.175006759947	64
245	131370	133.200006759947	64
245	131396	133.20010532	1296
245	131409	133.200112039946	1296
245	131465	133.225006759946	64
245	131491	133.250006759946	64
245	131517	133.275006759946	64
245	131552	133.300006759946	64
245	131595	133.325006759945	64
245	131621	133.350006759945	64
245	131647	133.375006759945	64
245	131700	133.400006759945	64
245	131725	133.40010532	1296
245	131777	133.425006759944	64
245	131803	133.450006759944	64
245	131829	133.475006759944	64
245	131872	133.500006759944	64
245	131897	133.500112039943	1296
245	131933	133.525006759943	64
245	131959	133.550006759943	64
245	131985	133.575006759943	64
245	132038	133.600006759943	64
245	132063	133.60010532	1296
245	132115	133.625006759942	64
245	132141	133.650006759942	64
245	132167	133.675006759942	64
245	132202	133.700006759942	64
245	132245	133.725006759941	64
245	132271	133.750006759941	64
245	132297	133.775006759941	64
245	132358	133.800006759941	64
245	132384	133.80010532	1296
245	132397	133.80011203994	1296
245	132453	133.82500675994	64
245	132479	133.85000675994	64
245	132505	133.87500675994	64
245	132540	133.90000675994	64
245	132583	133.925006759939	64
245	132609	133.950006759939	64
245	132635	133.975006759939	64
251	131084	133.00020964	1296
251	131412	133.20020964	1296
251	131734	133.40020964	1296
251	132072	133.60020964	1296
251	132400	133.80020964	1296
256	131077	133.00010532	1296
256	131398	133.20010532	1296
256	131727	133.40010532	1296
256	132065	133.60010532	1296
256	132386	133.80010532	1296
