496	4631	3.000545879999	1
496	5925	6.000545879999	4
496	7219	9.000545879999	4
496	8513	12.000545879999	4
496	9807	15.000545879999	4
496	11101	18.000545879999	4
496	12395	21.000545879999	4
496	13689	24.000545879999	4
496	14983	27.000545879999	4
496	18343	30.000617719993	4
496	20669	33.000545879999	4
496	21963	36.000545879999	4
496	23257	39.000545879999	4
496	24551	42.000545879999	4
496	25845	45.000545879999	4
496	27139	48.000545879999	4
496	28433	51.000545879999	4
496	29727	54.000545879999	4
496	31021	57.000545879999	4
496	32997	60.000545879999	4
496	36771	63.000638279995	4
496	37958	66.000545879999	4
496	39252	69.000545879999	4
496	40546	72.000545879999	4
496	41840	75.000545879999	4
496	43134	78.000545879999	4
496	44428	81.000545879999	4
496	45722	84.000545879999	4
496	47016	87.000545879999	4
496	48799	90.000545879999	4
496	52669	93.000600559998	4
496	54705	96.000545879999	4
496	55999	99.000545879999	4
496	57293	102.000545879999	4
496	58587	105.000545879999	4
496	59881	108.000545879999	4
496	61175	111.000545879999	4
496	62469	114.000545879999	4
496	63763	117.000545879999	4
496	66192	120.000904039991	4
496	68283	123.000545879999	4
496	72031	126.000638279995	4
496	73218	129.000545879999	4
496	74512	132.000545879999	4
496	75806	135.000545879999	4
496	77100	138.000545879999	4
496	78394	141.000545879999	4
496	79688	144.000545879999	4
496	80982	147.000545879999	4
496	82276	150.000545879999	4
496	83762	153.000545879999	4
496	87680	156.000600559998	4
496	89679	159.000545879999	4
496	90973	162.000545879999	4
496	92267	165.000545879999	4
496	93561	168.000545879999	4
496	94855	171.000545879999	4
496	96149	174.000545879999	4
496	97443	177.000545879999	4
496	98737	180.000545879999	4
496	100031	183.000545879999	4
496	102582	186.000545879999	4
496	106054	189.000638279995	4
496	107241	192.000545879999	4
496	108535	195.000545879999	4
496	109829	198.000545879999	4
496	111123	201.000545879999	4
496	112417	204.000545879999	4
496	113711	207.000545879999	4
496	115005	210.000545879999	4
496	116299	213.000545879999	4
496	118075	216.000545879999	4
496	121424	219.000600559998	4
496	123423	222.000545879999	4
496	124717	225.000545879999	4
496	126011	228.000545879999	4
496	127305	231.000545879999	4
496	128599	234.000545879999	4
496	129893	237.000545879999	4
496	131197	240.000545879999	4
496	133207	243.000602599998	4
496	134736	246.000545879999	4
496	137273	249.000545879999	4
496	140737	252.000638279995	4
496	141924	255.000545879999	4
496	143218	258.000545879999	4
496	144512	261.000545879999	4
496	145806	264.000545879999	4
496	147100	267.000545879999	4
496	148394	270.000545879999	4
496	149688	273.000545879999	4
496	151014	276.000545879999	4
496	153009	279.000545879999	4
496	156358	282.000600559998	4
496	158357	285.000545879999	4
496	159651	288.000545879999	4
496	160945	291.000545879999	4
496	162239	294.000545879999	4
496	163533	297.000545879999	4
496	164827	300.000545879999	4
