138	2406	1.00021064	8
138	3004	2.00021064	8
138	3618	3.00021064	8
138	4226	4.00021064	9
138	4824	5.00021064	8
138	5438	6.00021064	8
138	6046	7.00021064	9
138	6644	8.00021064	8
138	7258	9.00021064	8
138	7866	10.00021064	9
138	8464	11.00021064	8
138	9078	12.00021064	8
138	9686	13.00021064	9
138	10284	14.00021064	8
138	10960	15.00021064	8
138	11568	16.00021064	9
138	12166	17.00021064	8
138	12780	18.00021064	8
138	13388	19.00021064	9
138	13986	20.00021064	8
138	14600	21.00021064	8
138	15208	22.00021064	9
138	15806	23.00021064	8
138	16420	24.00021064	8
138	17028	25.00021064	9
138	17626	26.00021064	8
138	18240	27.00021064	8
138	18848	28.00021064	9
138	19446	29.00021064	8
138	20122	30.00021064	8
138	20730	31.00021064	9
138	22117	32.00021064	8
138	22731	33.00021064	8
138	23339	34.00021064	9
138	23937	35.00021064	8
138	24551	36.00021064	8
138	25159	37.00021064	9
138	25757	38.00021064	8
138	26371	39.00021064	8
138	26979	40.00021064	9
138	27577	41.00021064	8
138	28191	42.00021064	8
138	28799	43.00021064	9
138	29397	44.00021064	8
138	30073	45.00021064	8
138	30681	46.00021064	9
138	31279	47.00021064	8
138	31893	48.00021064	8
138	32501	49.00021064	9
138	33099	50.00021064	8
138	33713	51.00021064	8
138	34321	52.00021064	9
138	34919	53.00021064	8
138	35533	54.00021064	8
138	36141	55.00021064	9
138	36739	56.00021064	8
138	37353	57.00021064	8
138	37961	58.00021064	9
138	38559	59.00021064	8
138	39235	60.00021064	8
138	39843	61.00021064	9
138	40441	62.00021064	8
138	41684	63.00021064	8
138	42292	64.00021064	9
138	42890	65.00021064	8
138	43504	66.00021064	8
138	44112	67.00021064	9
138	44710	68.00021064	8
138	45324	69.00021064	8
138	45932	70.00021064	9
138	46530	71.00021064	8
138	47144	72.00021064	8
138	47752	73.00021064	9
138	48350	74.00021064	8
138	49026	75.00021064	8
138	49634	76.00021064	9
138	50232	77.00021064	8
138	50846	78.00021064	8
138	51454	79.00021064	9
138	52052	80.00021064	8
138	52666	81.00021064	8
138	53274	82.00021064	9
138	53872	83.00021064	8
138	54486	84.00021064	8
138	55094	85.00021064	9
138	55692	86.00021064	8
138	56306	87.00021064	8
138	56914	88.00021064	9
138	57512	89.00021064	8
138	58188	90.00021064	8
138	58796	91.00021064	9
138	59394	92.00021064	8
138	60008	93.00021064	8
138	61245	94.00021064	9
138	61843	95.00021064	8
138	62457	96.00021064	8
138	63065	97.00021064	9
138	63663	98.00021064	8
138	64277	99.00021064	8
138	64885	100.00021064	9
138	65483	101.00021064	8
138	66097	102.00021064	8
138	66705	103.00021064	9
138	67303	104.00021064	8
138	67979	105.00021064	8
138	68587	106.00021064	9
138	69185	107.00021064	8
138	69799	108.00021064	8
138	70407	109.00021064	9
138	71005	110.00021064	8
138	71619	111.00021064	8
138	72227	112.00021064	9
138	72825	113.00021064	8
138	73439	114.00021064	8
138	74047	115.00021064	9
138	74645	116.00021064	8
138	75259	117.00021064	8
138	75867	118.00021064	9
138	76465	119.00021064	8
138	77163	120.00021064	8
138	78639	121.00021064	9
138	79237	122.00021064	8
138	79851	123.00021064	8
138	80459	124.00021064	9
138	81483	125.000609759992	8
138	82300	126.00021064	8
138	82908	127.00021064	9
138	83506	128.00021064	8
138	84120	129.00021064	8
138	84728	130.00021064	9
138	85326	131.00021064	8
138	85940	132.00021064	8
138	86548	133.00021064	9
138	87146	134.00021064	8
138	87822	135.00021064	8
138	88430	136.00021064	9
138	89028	137.00021064	8
138	89642	138.00021064	8
138	90250	139.00021064	9
138	90848	140.00021064	8
138	91462	141.00021064	8
138	92070	142.00021064	9
138	92668	143.00021064	8
138	93282	144.00021064	8
138	93890	145.00021064	9
138	94488	146.00021064	8
138	95102	147.00021064	8
138	95710	148.00021064	9
138	96308	149.00021064	8
138	96984	150.00021064	8
138	97592	151.00021064	9
138	98318	152.00021064	8
138	98932	153.00021064	8
138	99540	154.00021064	9
138	100138	155.00021064	8
138	100752	156.00021064	8
138	101846	157.00021064	9
138	102444	158.00021064	8
138	103058	159.00021064	8
138	103666	160.00021064	9
138	104264	161.00021064	8
138	104878	162.00021064	8
138	105486	163.00021064	9
138	106084	164.00021064	8
138	106760	165.00021064	8
138	107368	166.00021064	9
138	107966	167.00021064	8
138	108580	168.00021064	8
138	109188	169.00021064	9
138	109786	170.00021064	8
138	110400	171.00021064	8
138	111008	172.00021064	9
138	111606	173.00021064	8
138	112220	174.00021064	8
138	112828	175.00021064	9
138	113426	176.00021064	8
138	114040	177.00021064	8
138	114648	178.00021064	9
138	115246	179.00021064	8
138	115922	180.00021064	8
138	116530	181.00021064	9
138	117128	182.00021064	8
138	117742	183.00021064	8
138	118350	184.00021064	9
138	118948	185.00021064	8
138	119562	186.00021064	8
138	120170	187.00021064	9
138	121222	188.00021064	8
138	121836	189.00021064	8
138	122444	190.00021064	9
138	123042	191.00021064	8
138	123656	192.00021064	8
138	124264	193.00021064	9
138	124862	194.00021064	8
138	125538	195.00021064	8
138	126146	196.00021064	9
138	126744	197.00021064	8
138	127358	198.00021064	8
138	127966	199.00021064	9
138	128564	200.00021064	8
138	129178	201.00021064	8
138	129786	202.00021064	9
138	130384	203.00021064	8
138	130998	204.00021064	8
138	131606	205.00021064	9
138	132204	206.00021064	8
138	132818	207.00021064	8
138	133426	208.00021064	9
138	134024	209.00021064	8
138	134700	210.00021064	8
138	135308	211.00021064	9
138	135906	212.00021064	8
138	136520	213.00021064	8
138	137128	214.00021064	9
138	137726	215.00021064	8
138	138340	216.00021064	8
138	138948	217.00021064	9
138	139546	218.00021064	8
138	140614	219.00021064	8
138	141222	220.00021064	9
138	141820	221.00021064	8
138	142434	222.00021064	8
138	143042	223.00021064	9
138	143640	224.00021064	8
138	144316	225.00021064	8
138	144924	226.00021064	9
138	145522	227.00021064	8
138	146136	228.00021064	8
138	146744	229.00021064	9
138	147342	230.00021064	8
138	147956	231.00021064	8
138	148564	232.00021064	9
138	149162	233.00021064	8
138	149776	234.00021064	8
138	150384	235.00021064	9
138	150982	236.00021064	8
138	151596	237.00021064	8
138	152204	238.00021064	9
138	152802	239.00021064	8
138	153478	240.00021064	8
138	154976	241.00021064	9
138	155574	242.00021064	8
138	156188	243.00021064	8
138	156796	244.00021064	9
138	157394	245.00021064	8
138	158008	246.00021064	8
138	158616	247.00021064	9
138	159214	248.00021064	8
138	159828	249.00021064	8
