512	4631	3.000545879999	0.000545879999
512	4792	3.000615479997	0.000615479997
512	4931	3.000685079995	0.000685079995
512	5053	3.000754679993	0.000754679993
512	5925	6.000545879999	0.000545879999
512	6086	6.000615479997	0.000615479997
512	6225	6.000685079995	0.000685079995
512	6347	6.000754679993	0.000754679993
512	7219	9.000545879999	0.000545879999
512	7380	9.000615479997	0.000615479997
512	7519	9.000685079995	0.000685079995
512	7641	9.000754679993	0.000754679993
512	8513	12.000545879999	0.000545879999
512	8674	12.000615479997	0.000615479997
512	8813	12.000685079995	0.000685079995
512	8935	12.000754679993	0.000754679993
512	9807	15.000545879999	0.000545879999
512	9968	15.000615479997	0.000615479997
512	10107	15.000685079995	0.000685079995
512	10229	15.000754679993	0.000754679993
512	11101	18.000545879999	0.000545879999
512	11262	18.000615479997	0.000615479997
512	11401	18.000685079995	0.000685079995
512	11523	18.000754679993	0.000754679993
512	12395	21.000545879999	0.000545879999
512	12556	21.000615479997	0.000615479997
512	12695	21.000685079995	0.000685079995
512	12817	21.000754679993	0.000754679993
512	13689	24.000545879999	0.000545879999
512	13850	24.000615479997	0.000615479997
512	13989	24.000685079995	0.000685079995
512	14111	24.000754679993	0.000754679993
512	14983	27.000545879999	0.000545879999
512	15144	27.000615479997	0.000615479997
512	15283	27.000685079995	0.000685079995
512	15405	27.000754679993	0.000754679993
512	18343	30.000617719993	0.000617719993
512	19323	30.000716199995	0.000716199995
512	19666	30.00090819999	0.00090819999
512	19797	30.000977799988	0.000977799988
512	20669	33.000545879999	0.000545879999
512	20830	33.000615479997	0.000615479997
512	20969	33.000685079995	0.000685079995
512	21091	33.000754679993	0.000754679993
512	21963	36.000545879999	0.000545879999
512	22124	36.000615479997	0.000615479997
512	22263	36.000685079995	0.000685079995
512	22385	36.000754679993	0.000754679993
512	23257	39.000545879999	0.000545879999
512	23418	39.000615479997	0.000615479997
512	23557	39.000685079995	0.000685079995
512	23679	39.000754679993	0.000754679993
512	24551	42.000545879999	0.000545879999
512	24712	42.000615479997	0.000615479997
512	24851	42.000685079995	0.000685079995
512	24973	42.000754679993	0.000754679993
512	25845	45.000545879999	0.000545879999
512	26006	45.000615479997	0.000615479997
512	26145	45.000685079995	0.000685079995
512	26267	45.000754679993	0.000754679993
512	27139	48.000545879999	0.000545879999
512	27300	48.000615479997	0.000615479997
512	27439	48.000685079995	0.000685079995
512	27561	48.000754679993	0.000754679993
512	28433	51.000545879999	0.000545879999
512	28594	51.000615479997	0.000615479997
512	28733	51.000685079995	0.000685079995
512	28855	51.000754679993	0.000754679993
512	29727	54.000545879999	0.000545879999
512	29888	54.000615479997	0.000615479997
512	30027	54.000685079995	0.000685079995
512	30149	54.000754679993	0.000754679993
512	31021	57.000545879999	0.000545879999
512	31182	57.000615479997	0.000615479997
512	31321	57.000685079995	0.000685079995
512	31443	57.000754679993	0.000754679993
512	328324	60.000545879999	0.000545879999
512	328797	60.000644119997	0.000644119997
512	329542	60.000713719995	0.000713719995
512	330274	60.000783319993	0.000783319993
512	3016753	63.000596359992	0.000596359992
512	3016987	63.00066595999	0.00066595999
512	3017169	63.000735559988	0.000735559988
512	3019130	63.001201159978	0.001201159978
512	5704812	66.000594999998	0.000594999998
512	5705153	66.000664599996	0.000664599996
512	5705738	66.00086235999	0.00086235999
512	5705978	66.00097507776	0.00097507776
512	8392925	69.000594999998	0.000594999998
512	8393266	69.000664599996	0.000664599996
512	8393851	69.00086235999	0.00086235999
512	8394091	69.00097507776	0.00097507776
512	11081038	72.000594999998	0.000594999998
512	11081379	72.000664599996	0.000664599996
512	11081964	72.00086235999	0.00086235999
512	11082204	72.00097507776	0.00097507776
512	13769151	75.000594999998	0.000594999998
512	13769492	75.000664599996	0.000664599996
512	13770077	75.00086235999	0.00086235999
512	13770317	75.00097507776	0.00097507776
512	16457264	78.000594999998	0.000594999998
512	16457605	78.000664599996	0.000664599996
512	16458190	78.00086235999	0.00086235999
512	16458430	78.00097507776	0.00097507776
512	19145377	81.000594999998	0.000594999998
512	19145718	81.000664599996	0.000664599996
512	19146303	81.00086235999	0.00086235999
512	19146543	81.00097507776	0.00097507776
512	21833490	84.000594999998	0.000594999998
512	21833831	84.000664599996	0.000664599996
512	21834416	84.00086235999	0.00086235999
512	21834656	84.00097507776	0.00097507776
512	24521603	87.000594999998	0.000594999998
512	24521944	87.000664599996	0.000664599996
512	24522529	87.00086235999	0.00086235999
512	24522769	87.00097507776	0.00097507776
512	26990125	90.000594999998	0.000594999998
512	26990499	90.000664599996	0.000664599996
512	26992064	90.000971399994	0.000971399994
512	26992109	90.000991879993	0.000991879993
512	29677545	93.000589799993	0.000589799993
512	29678788	93.00089891999	0.00089891999
512	29678861	93.000919399989	0.000919399989
512	29682623	93.002162997757	0.002162997757
512	32368730	96.000632837766	0.000632837766
512	32368854	96.000653317765	0.000653317765
512	32369362	96.000849799991	0.000849799991
512	32373333	96.002162997757	0.002162997757
512	35059440	99.000632837766	0.000632837766
512	35059564	99.000653317765	0.000653317765
512	35060072	99.000849799991	0.000849799991
512	35064043	99.002162997757	0.002162997757
512	37750150	102.000632837766	0.000632837766
512	37750274	102.000653317765	0.000653317765
512	37750782	102.000849799991	0.000849799991
512	37754753	102.002162997757	0.002162997757
512	40440860	105.000632837766	0.000632837766
512	40440984	105.000653317765	0.000653317765
512	40441492	105.000849799991	0.000849799991
512	40445463	105.002162997757	0.002162997757
512	43131570	108.000632837766	0.000632837766
512	43131694	108.000653317765	0.000653317765
512	43132202	108.000849799991	0.000849799991
512	43136173	108.002162997757	0.002162997757
512	45822280	111.000632837766	0.000632837766
512	45822404	111.000653317765	0.000653317765
512	45822912	111.000849799991	0.000849799991
512	45826883	111.002162997757	0.002162997757
512	48512990	114.000632837766	0.000632837766
512	48513114	114.000653317765	0.000653317765
512	48513622	114.000849799991	0.000849799991
512	48517593	114.002162997757	0.002162997757
512	51203700	117.000632837766	0.000632837766
512	51203824	117.000653317765	0.000653317765
512	51204332	117.000849799991	0.000849799991
512	51208303	117.002162997757	0.002162997757
512	53675138	120.000771959993	0.000771959993
512	53675236	120.000792439992	0.000792439992
512	53675756	120.001021959987	0.001021959987
512	53677914	120.001813639976	0.001813639976
512	56362611	123.000594999998	0.000594999998
512	56363868	123.000849159991	0.000849159991
512	56364202	123.000972119989	0.000972119989
512	56365485	123.001169679983	0.001169679983
512	59053019	126.000596359992	0.000596359992
512	59053268	126.00066595999	0.00066595999
512	59053450	126.000735559988	0.000735559988
512	59055719	126.001200439987	0.001200439987
512	61742303	129.000594999998	0.000594999998
512	61742635	129.000664599996	0.000664599996
512	61743526	129.000975077617	0.000975077617
512	61743670	129.000995557616	0.000995557616
512	64431367	132.000594999998	0.000594999998
512	64431699	132.000664599996	0.000664599996
512	64432590	132.000975077137	0.000975077137
512	64432734	132.000995557136	0.000995557136
512	67120431	135.000594999998	0.000594999998
512	67120763	135.000664599996	0.000664599996
512	67121654	135.000975076599	0.000975076599
512	67121798	135.000995556598	0.000995556598
512	69809495	138.000594999998	0.000594999998
512	69809827	138.000664599996	0.000664599996
512	69810718	138.000975076045	0.000975076045
512	69810862	138.000995556044	0.000995556044
512	72498559	141.000594999998	0.000594999998
512	72498891	141.000664599996	0.000664599996
512	72499782	141.000975075538	0.000975075538
512	72499926	141.000995555537	0.000995555537
512	75187623	144.000594999998	0.000594999998
512	75187955	144.000664599996	0.000664599996
512	75188846	144.000975075538	0.000975075538
512	75188990	144.000995555537	0.000995555537
512	77876687	147.000594999998	0.000594999998
512	77877019	147.000664599996	0.000664599996
512	77877910	147.000975075538	0.000975075538
512	77878054	147.000995555537	0.000995555537
512	80283732	150.000594999998	0.000594999998
512	80284064	150.000664599996	0.000664599996
512	80284919	150.000975075538	0.000975075538
512	80284943	150.000995555537	0.000995555537
512	82969807	153.000632835544	0.000632835544
512	82969931	153.000653315543	0.000653315543
512	82970535	153.000849799991	0.000849799991
512	82975153	153.002156515536	0.002156515536
512	85661593	156.000583715545	0.000583715545
512	85662907	156.00089899999	0.00089899999
512	85662967	156.000919479989	0.000919479989
512	85666926	156.002162995535	0.002162995535
512	88353129	159.000632835544	0.000632835544
512	88353253	159.000653315543	0.000653315543
512	88353761	159.000849799991	0.000849799991
512	88357924	159.002162995535	0.002162995535
512	91044127	162.000632835544	0.000632835544
512	91044251	162.000653315543	0.000653315543
512	91044759	162.000849799991	0.000849799991
512	91048922	162.002162995535	0.002162995535
512	93735125	165.000632835544	0.000632835544
512	93735249	165.000653315543	0.000653315543
512	93735757	165.000849799991	0.000849799991
512	93739920	165.002162995535	0.002162995535
512	96426123	168.000632835544	0.000632835544
512	96426247	168.000653315543	0.000653315543
512	96426755	168.000849799991	0.000849799991
512	96430918	168.002162995535	0.002162995535
512	99117121	171.000632835544	0.000632835544
512	99117245	171.000653315543	0.000653315543
512	99117753	171.000849799991	0.000849799991
512	99121916	171.002162995535	0.002162995535
512	101808119	174.000632835544	0.000632835544
512	101808243	174.000653315543	0.000653315543
512	101808751	174.000849799991	0.000849799991
512	101812914	174.002162995535	0.002162995535
512	104499117	177.000632835544	0.000632835544
512	104499241	177.000653315543	0.000653315543
512	104499749	177.000849799991	0.000849799991
512	104503912	177.002162995535	0.002162995535
512	106908096	180.000632835544	0.000632835544
512	106908220	180.000653315543	0.000653315543
512	106908728	180.000849799991	0.000849799991
512	106911515	180.001712275538	0.001712275538
512	109596686	183.000806599992	0.000806599992
512	109597868	183.001005955535	0.001005955535
512	109599179	183.001196755531	0.001196755531
512	109599302	183.00121723553	0.00121723553
512	112288628	186.000813239991	0.000813239991
512	112289589	186.000999315536	0.000999315536
512	112290795	186.001175155533	0.001175155533
512	112291367	186.001244755531	0.001244755531
512	114980245	189.000805875538	0.000805875538
512	114980718	189.000883235536	0.000883235536
512	114982212	189.001161879981	0.001161879981
512	114982893	189.001231479979	0.001231479979
512	117671512	192.000806599992	0.000806599992
512	117672694	192.001005955535	0.001005955535
512	117674005	192.001196755531	0.001196755531
512	117674128	192.00121723553	0.00121723553
512	120362700	195.000806599992	0.000806599992
512	120363882	195.001005955535	0.001005955535
512	120365193	195.001196755531	0.001196755531
512	120365316	195.00121723553	0.00121723553
512	123053888	198.000806599992	0.000806599992
512	123055070	198.001005955535	0.001005955535
512	123056381	198.001196755531	0.001196755531
512	123056504	198.00121723553	0.00121723553
512	125745076	201.000806599992	0.000806599992
512	125746258	201.001005955535	0.001005955535
512	125747569	201.001196755531	0.001196755531
512	125747692	201.00121723553	0.00121723553
512	128436264	204.000806599992	0.000806599992
512	128437446	204.001005955535	0.001005955535
512	128438757	204.001196755531	0.001196755531
512	128438880	204.00121723553	0.00121723553
512	131127452	207.000806599992	0.000806599992
512	131128634	207.001005955535	0.001005955535
512	131129945	207.001196755531	0.001196755531
512	131130068	207.00121723553	0.00121723553
512	133536621	210.000806599992	0.000806599992
512	133537803	210.001005955535	0.001005955535
512	133539160	210.001196755531	0.001196755531
512	133539267	210.00121723553	0.00121723553
512	136223144	213.000594999998	0.000594999998
512	136223938	213.000849799991	0.000849799991
512	136224073	213.000919399989	0.000919399989
512	136228502	213.002156515536	0.002156515536
512	138914460	216.000594999998	0.000594999998
512	138915382	216.000849799991	0.000849799991
512	138915517	216.000919399989	0.000919399989
512	138920436	216.002149955537	0.002149955537
512	141607909	219.00089899999	0.00089899999
512	141607969	219.000919479989	0.000919479989
512	141608264	219.000989079987	0.000989079987
512	141612537	219.002156515536	0.002156515536
512	144298463	222.000594999998	0.000594999998
512	144299257	222.000849799991	0.000849799991
512	144299392	222.000919399989	0.000919399989
512	144303821	222.002156515536	0.002156515536
512	146989747	225.000594999998	0.000594999998
512	146990541	225.000849799991	0.000849799991
512	146990676	225.000919399989	0.000919399989
512	146995105	225.002156515536	0.002156515536
512	149681031	228.000594999998	0.000594999998
512	149681825	228.000849799991	0.000849799991
512	149681960	228.000919399989	0.000919399989
512	149686389	228.002156515536	0.002156515536
512	152372315	231.000594999998	0.000594999998
512	152373109	231.000849799991	0.000849799991
512	152373244	231.000919399989	0.000919399989
512	152377673	231.002156515536	0.002156515536
512	155063599	234.000594999998	0.000594999998
512	155064393	234.000849799991	0.000849799991
512	155064528	234.000919399989	0.000919399989
512	155068957	234.002156515536	0.002156515536
512	157754883	237.000594999998	0.000594999998
512	157755677	237.000849799991	0.000849799991
512	157755812	237.000919399989	0.000919399989
512	157760241	237.002156515536	0.002156515536
512	160164246	240.000594999998	0.000594999998
512	160165235	240.00085643999	0.00085643999
512	160165360	240.000926039988	0.000926039988
512	160169252	240.001918115532	0.001918115532
512	162853885	243.000903839986	0.000903839986
512	162854588	243.001008079982	0.001008079982
512	162855792	243.001183919979	0.001183919979
512	162857780	243.001845555541	0.001845555541
512	165545121	246.000806599992	0.000806599992
512	165546322	246.001005475535	0.001005475535
512	165547308	246.001167479983	0.001167479983
512	165549428	246.001845555541	0.001845555541
512	168237468	249.000813239991	0.000813239991
512	168238444	249.000998835536	0.000998835536
512	168239803	249.001174675533	0.001174675533
512	168241719	249.001845635541	0.001845635541
512	170929268	252.000806599992	0.000806599992
512	170929777	252.000925319989	0.000925319989
512	170931335	252.001162439986	0.001162439986
512	170933512	252.001845555541	0.001845555541
512	173620853	255.000806599992	0.000806599992
512	173622054	255.001005475535	0.001005475535
512	173623040	255.001167479983	0.001167479983
512	173625096	255.001845555541	0.001845555541
512	176312437	258.000806599992	0.000806599992
512	176313638	258.00100547413	0.00100547413
512	176314624	258.001167479983	0.001167479983
512	176316680	258.001845554135	0.001845554135
512	179004021	261.000806599992	0.000806599992
512	179005222	261.001005472022	0.001005472022
512	179006208	261.001167479983	0.001167479983
512	179008264	261.001845552028	0.001845552028
512	181695605	264.000806599992	0.000806599992
512	181696806	264.001005469915	0.001005469915
512	181697792	264.001167479983	0.001167479983
512	181699848	264.00184554992	0.00184554992
512	184387189	267.000806599992	0.000806599992
512	184388390	267.001005467807	0.001005467807
512	184389376	267.001167479983	0.001167479983
512	184391432	267.001845547813	0.001845547813
512	186858683	270.000806599992	0.000806599992
512	186859692	270.0010054657	0.0010054657
512	186860602	270.001167479983	0.001167479983
512	186862898	270.001902665705	0.001902665705
512	189548052	273.00070883999	0.00070883999
512	189549842	273.001051799978	0.001051799978
512	189549885	273.001072279977	0.001072279977
512	189552247	273.001845463598	0.001845463598
512	192239077	276.00070883999	0.00070883999
512	192240931	276.001051799978	0.001051799978
512	192240982	276.001072279977	0.001072279977
512	192243272	276.00184546149	0.00184546149
512	194930168	279.00070883999	0.00070883999
512	194932052	279.001051799978	0.001051799978
512	194932104	279.001072279977	0.001072279977
512	194934875	279.001838819384	0.001838819384
512	197621907	282.000642119991	0.000642119991
512	197624751	282.001176399982	0.001176399982
512	197625493	282.00124599998	0.00124599998
512	197626728	282.001852097275	0.001852097275
512	200313558	285.00070883999	0.00070883999
512	200315412	285.001051799978	0.001051799978
512	200315463	285.001072279977	0.001072279977
512	200317753	285.001845455169	0.001845455169
512	203004583	288.00070883999	0.00070883999
512	203006437	288.001051799978	0.001051799978
512	203006488	288.001072279977	0.001072279977
512	203008778	288.001845453061	0.001845453061
512	205695608	291.00070883999	0.00070883999
512	205697462	291.001051799978	0.001051799978
512	205697513	291.001072279977	0.001072279977
512	205699803	291.001845450954	0.001845450954
512	208386633	294.00070883999	0.00070883999
512	208388487	294.001051799978	0.001051799978
512	208388538	294.001072279977	0.001072279977
512	208390828	294.001845448846	0.001845448846
512	211077658	297.00070883999	0.00070883999
512	211079512	297.001051799978	0.001051799978
512	211079563	297.001072279977	0.001072279977
512	211081853	297.001845446739	0.001845446739
512	213486438	300.00070883999	0.00070883999
512	213488292	300.001051799978	0.001051799978
512	213488343	300.001072279977	0.001072279977
512	213490073	300.001527924637	0.001527924637
