time	attack	attackFree
3.00054588	0.00054588	0.00053088
3.00061548	0.00061548	0.00060048
3.00068508	0.00068508	0.00067008
3.00075468	0.00075468	0.00073968
6.00054588	0.00054588	0.00053088
6.00061548	0.00061548	0.00060048
6.00068508	0.00068508	0.00067008
6.00075468	0.00075468	0.00073968
9.00054588	0.00054588	0.00053088
9.00061548	0.00061548	0.00060048
9.00068508	0.00068508	0.00067008
9.00075468	0.00075468	0.00073968
12.00054588	0.00054588	0.00053088
12.00061548	0.00061548	0.00060048
12.00068508	0.00068508	0.00067008
12.00075468	0.00075468	0.00073968
15.00054588	0.00054588	0.00053088
15.00061548	0.00061548	0.00060048
15.00068508	0.00068508	0.00067008
15.00075468	0.00075468	0.00073968
18.00054588	0.00054588	0.00053088
18.00061548	0.00061548	0.00060048
18.00068508	0.00068508	0.00067008
18.00075468	0.00075468	0.00073968
21.00054588	0.00054588	0.00053088
21.00061548	0.00061548	0.00060048
21.00068508	0.00068508	0.00067008
21.00075468	0.00075468	0.00073968
24.00054588	0.00054588	0.00053088
24.00061548	0.00061548	0.00060048
24.00068508	0.00068508	0.00067008
24.00075468	0.00075468	0.00073968
27.00054588	0.00054588	0.00053088
27.00061548	0.00061548	0.00060048
27.00068508	0.00068508	0.00067008
27.00075468	0.00075468	0.00073968
30.00061772	0.00061772	0.00083168
30.0007162	0.0007162	0.00090128
30.0009082	0.0009082	0.00097088
30.0009778	0.0009778	0.00104048
33.00054588	0.00054588	0.00053088
33.00061548	0.00061548	0.00060048
33.00068508	0.00068508	0.00067008
33.00075468	0.00075468	0.00073968
36.00054588	0.00054588	0.00053088
36.00061548	0.00061548	0.00060048
36.00068508	0.00068508	0.00067008
36.00075468	0.00075468	0.00073968
39.00054588	0.00054588	0.00053088
39.00061548	0.00061548	0.00060048
39.00068508	0.00068508	0.00067008
39.00075468	0.00075468	0.00073968
42.00054588	0.00054588	0.00053088
42.00061548	0.00061548	0.00060048
42.00068508	0.00068508	0.00067008
42.00075468	0.00075468	0.00073968
45.00054588	0.00054588	0.00053088
45.00061548	0.00061548	0.00060048
45.00068508	0.00068508	0.00067008
45.00075468	0.00075468	0.00073968
48.00054588	0.00054588	0.00053088
48.00061548	0.00061548	0.00060048
48.00068508	0.00068508	0.00067008
48.00075468	0.00075468	0.00073968
51.00054588	0.00054588	0.00053088
51.00061548	0.00061548	0.00060048
51.00068508	0.00068508	0.00067008
51.00075468	0.00075468	0.00073968
54.00054588	0.00054588	0.00053088
54.00061548	0.00061548	0.00060048
54.00068508	0.00068508	0.00067008
54.00075468	0.00075468	0.00073968
57.00054588	0.00054588	0.00053088
57.00061548	0.00061548	0.00060048
57.00068508	0.00068508	0.00067008
57.00075468	0.00075468	0.00073968
60.00054588	0.00054588	0.00070008
60.00064412	0.00064412	0.00076968
60.00072044	0.00072044	0.001028
60.00079004	0.00079004	0.0010976
63.00059636	0.00059636	0.00075264
63.00067092	0.00067092	0.00082224
63.0012134	0.0012134	0.00089184
63.0021630782	0.0021630782	0.00096144
66.000595	0.000595	0.00053088
66.00086236	0.00086236	0.00060048
66.0010193978	0.0010193978	0.00067008
66.0021565178	0.0021565178	0.00073968
69.000595	0.000595	0.00053088
69.00086236	0.00086236	0.00060048
69.0010193978	0.0010193978	0.00067008
69.0021565178	0.0021565178	0.00073968
72.000595	0.000595	0.00053088
72.00086236	0.00086236	0.00060048
72.0010193978	0.0010193978	0.00067008
72.0021565178	0.0021565178	0.00073968
75.000595	0.000595	0.00053088
75.00086236	0.00086236	0.00060048
75.0010193978	0.0010193978	0.00067008
75.0021565178	0.0021565178	0.00073968
78.000595	0.000595	0.00053088
78.00086236	0.00086236	0.00060048
78.0010193978	0.0010193978	0.00067008
78.0021565178	0.0021565178	0.00073968
81.000595	0.000595	0.00053088
81.00086236	0.00086236	0.00060048
81.0010193978	0.0010193978	0.00067008
81.0021565178	0.0021565178	0.00073968
84.000595	0.000595	0.00053088
84.00086236	0.00086236	0.00060048
84.0010193978	0.0010193978	0.00067008
84.0021565178	0.0021565178	0.00073968
87.000595	0.000595	0.00053088
87.00086236	0.00086236	0.00060048
87.0010193978	0.0010193978	0.00067008
87.0021565178	0.0021565178	0.00073968
90.000595	0.000595	0.00053088
90.00094444	0.00094444	0.0006984
90.00102604	0.00102604	0.00079096
90.0015280378	0.0015280378	0.00087016
93.0005837178	0.0005837178	0.00084312
93.00089244	0.00089244	0.00091272
93.00093852	0.00093852	0.00098232
93.00118732	0.00118732	0.00105192
96.0006328378	0.0006328378	0.00053088
96.0006533178	0.0006533178	0.00060048
96.0008496378	0.0008496378	0.00067008
96.0009478778	0.0009478778	0.00073968
99.0006328378	0.0006328378	0.00053088
99.0006533178	0.0006533178	0.00060048
99.0008496378	0.0008496378	0.00067008
99.0009478778	0.0009478778	0.00073968
102.0006328378	0.0006328378	0.00053088
102.0006533178	0.0006533178	0.00060048
102.0008496378	0.0008496378	0.00067008
102.0009478778	0.0009478778	0.00073968
105.0006328378	0.0006328378	0.00053088
105.0006533178	0.0006533178	0.00060048
105.0008496378	0.0008496378	0.00067008
105.0009478778	0.0009478778	0.00073968
108.0006328378	0.0006328378	0.00053088
108.0006533178	0.0006533178	0.00060048
108.0008496378	0.0008496378	0.00067008
108.0009478778	0.0009478778	0.00073968
111.0006328378	0.0006328378	0.00053088
111.0006533178	0.0006533178	0.00060048
111.0008496378	0.0008496378	0.00067008
111.0009478778	0.0009478778	0.00073968
114.0006328378	0.0006328378	0.00053088
114.0006533178	0.0006533178	0.00060048
114.0008496378	0.0008496378	0.00067008
114.0009478778	0.0009478778	0.00073968
117.0006328378	0.0006328378	0.00053088
117.0006533178	0.0006533178	0.00060048
117.0008496378	0.0008496378	0.00067008
117.0009478778	0.0009478778	0.00073968
120.00077196	0.00077196	0.00079152
120.00079244	0.00079244	0.000812
120.0010544378	0.0010544378	0.0009496
120.0010749178	0.0010749178	0.00097008
123.000595	0.000595	0.0007492
123.0006646	0.0006646	0.00076968
123.0009750778	0.0009750778	0.00083928
123.00116968	0.00116968	0.00090888
126.00059636	0.00059636	0.00075264
126.0007246	0.0007246	0.00082224
126.00074508	0.00074508	0.00089184
126.00123844	0.00123844	0.00096144
129.000595	0.000595	0.00053088
129.0006646	0.0006646	0.00060048
129.0009750776	0.0009750776	0.00067008
129.0009955576	0.0009955576	0.00073968
132.000595	0.000595	0.00053088
132.0006646	0.0006646	0.00060048
132.0009750771	0.0009750771	0.00067008
132.0009955571	0.0009955571	0.00073968
135.000595	0.000595	0.00053088
135.0006646	0.0006646	0.00060048
135.0009750766	0.0009750766	0.00067008
135.0009955566	0.0009955566	0.00073968
138.000595	0.000595	0.00053088
138.0006646	0.0006646	0.00060048
138.000975076	0.000975076	0.00067008
138.000995556	0.000995556	0.00073968
141.000595	0.000595	0.00053088
141.0006646	0.0006646	0.00060048
141.0009750755	0.0009750755	0.00067008
141.0009955555	0.0009955555	0.00073968
144.000595	0.000595	0.00053088
144.0006646	0.0006646	0.00060048
144.0009750755	0.0009750755	0.00067008
144.0009955555	0.0009955555	0.00073968
147.000595	0.000595	0.00053088
147.0006646	0.0006646	0.00060048
147.0009750755	0.0009750755	0.00067008
147.0009955555	0.0009955555	0.00073968
150.000595	0.000595	0.00053088
150.0006646	0.0006646	0.00060048
150.0009750755	0.0009750755	0.00067008
150.0009955555	0.0009955555	0.00073968
153.0006328355	0.0006328355	0.00058128
153.0006533155	0.0006533155	0.00071168
153.0008498	0.0008498	0.000922
153.0021629955	0.0021629955	0.00109632
156.0005837155	0.0005837155	0.0007492
156.000899	0.000899	0.00076968
156.00091948	0.00091948	0.0008884
156.0021565155	0.0021565155	0.00090888
159.0006328355	0.0006328355	0.00053088
159.0006533155	0.0006533155	0.00060048
159.0008498	0.0008498	0.00067008
159.0021629955	0.0021629955	0.00073968
162.0006328355	0.0006328355	0.00053088
162.0006533155	0.0006533155	0.00060048
162.0008498	0.0008498	0.00067008
162.0021629955	0.0021629955	0.00073968
165.0006328355	0.0006328355	0.00053088
165.0006533155	0.0006533155	0.00060048
165.0008498	0.0008498	0.00067008
165.0021629955	0.0021629955	0.00073968
168.0006328355	0.0006328355	0.00053088
168.0006533155	0.0006533155	0.00060048
168.0008498	0.0008498	0.00067008
168.0021629955	0.0021629955	0.00073968
171.0006328355	0.0006328355	0.00053088
171.0006533155	0.0006533155	0.00060048
171.0008498	0.0008498	0.00067008
171.0021629955	0.0021629955	0.00073968
174.0006328355	0.0006328355	0.00053088
174.0006533155	0.0006533155	0.00060048
174.0008498	0.0008498	0.00067008
174.0021629955	0.0021629955	0.00073968
177.0006328355	0.0006328355	0.00053088
177.0006533155	0.0006533155	0.00060048
177.0008498	0.0008498	0.00067008
177.0021629955	0.0021629955	0.00073968
180.0006328355	0.0006328355	0.00053088
180.0006533155	0.0006533155	0.00060048
180.0008498	0.0008498	0.00067008
180.0017104355	0.0017104355	0.00073968
183.0008066	0.0008066	0.00053088
183.00096612	0.00096612	0.00082216
183.0012032355	0.0012032355	0.00089176
183.0012237155	0.0012237155	0.00097536
186.0008066	0.0008066	0.00066256
186.0009478755	0.0009478755	0.00073216
186.0011631555	0.0011631555	0.00085128
186.0012327555	0.0012327555	0.00092088
189.00081324	0.00081324	0.00053088
189.00091844	0.00091844	0.00060048
189.001003	0.001003	0.00067216
189.00117884	0.00117884	0.00074176
192.0008066	0.0008066	0.00053088
192.00096612	0.00096612	0.00060048
192.0012032355	0.0012032355	0.00067008
192.0012237155	0.0012237155	0.00073968
195.0008066	0.0008066	0.00053088
195.00096612	0.00096612	0.00060048
195.0012032355	0.0012032355	0.00067008
195.0012237155	0.0012237155	0.00073968
198.0008066	0.0008066	0.00053088
198.00096612	0.00096612	0.00060048
198.0012032355	0.0012032355	0.00067008
198.0012237155	0.0012237155	0.00073968
201.0008066	0.0008066	0.00053088
201.00096612	0.00096612	0.00060048
201.0012032355	0.0012032355	0.00067008
201.0012237155	0.0012237155	0.00073968
204.0008066	0.0008066	0.00053088
204.00096612	0.00096612	0.00060048
204.0012032355	0.0012032355	0.00067008
204.0012237155	0.0012237155	0.00073968
207.0008066	0.0008066	0.00053088
207.00096612	0.00096612	0.00060048
207.0012032355	0.0012032355	0.00067008
207.0012237155	0.0012237155	0.00073968
210.0008066	0.0008066	0.00053088
210.00096612	0.00096612	0.00060048
210.0012032355	0.0012032355	0.00067008
210.0012237155	0.0012237155	0.00073968
213.0006328355	0.0006328355	0.00053088
213.0006533155	0.0006533155	0.00060048
213.0008498	0.0008498	0.00067008
213.0021629955	0.0021629955	0.00073968
216.0006328355	0.0006328355	0.00067824
216.0006533155	0.0006533155	0.00110768
216.0008498	0.0008498	0.00112816
216.0021629955	0.0021629955	0.00119776
219.0005837155	0.0005837155	0.00053088
219.000899	0.000899	0.00060048
219.00091948	0.00091948	0.00079832
219.0021565155	0.0021565155	0.00086792
222.0006328355	0.0006328355	0.00053088
222.0006533155	0.0006533155	0.00060048
222.0008498	0.0008498	0.00067008
222.0021629955	0.0021629955	0.00073968
225.0006328355	0.0006328355	0.00053088
225.0006533155	0.0006533155	0.00060048
225.0008498	0.0008498	0.00067008
225.0021629955	0.0021629955	0.00073968
228.0006328355	0.0006328355	0.00053088
228.0006533155	0.0006533155	0.00060048
228.0008498	0.0008498	0.00067008
228.0021629955	0.0021629955	0.00073968
231.0006328355	0.0006328355	0.00053088
231.0006533155	0.0006533155	0.00060048
231.0008498	0.0008498	0.00067008
231.0021629955	0.0021629955	0.00073968
234.0006328355	0.0006328355	0.00053088
234.0006533155	0.0006533155	0.00060048
234.0008498	0.0008498	0.00067008
234.0021629955	0.0021629955	0.00073968
237.0006328355	0.0006328355	0.00053088
237.0006533155	0.0006533155	0.00060048
237.0008498	0.0008498	0.00067008
237.0021629955	0.0021629955	0.00073968
240.00054588	0.00054588	0.00053088
240.00061548	0.00061548	0.00060048
240.00085644	0.00085644	0.0006768
240.0020334755	0.0020334755	0.00075312
243.00093828	0.00093828	0.0005816
243.0010420355	0.0010420355	0.0006512
243.0012669955	0.0012669955	0.0007208
243.0021565155	0.0021565155	0.0007904
246.0008066	0.0008066	0.00053088
246.0010486755	0.0010486755	0.00082224
246.0011753955	0.0011753955	0.00089184
246.0021565155	0.0021565155	0.00097544
249.0008066	0.0008066	0.00077616
249.0011549155	0.0011549155	0.00084576
249.0012736355	0.0012736355	0.00091536
249.0021564355	0.0021564355	0.00098496
252.00081324	0.00081324	0.00053088
252.00089988	0.00089988	0.00060048
252.00121084	0.00121084	0.00067008
252.0021608755	0.0021608755	0.00073968
255.0008066	0.0008066	0.00053088
255.0010486755	0.0010486755	0.00060048
255.0011753955	0.0011753955	0.00067008
255.0021565155	0.0021565155	0.00073968
258.0008066	0.0008066	0.00053088
258.0010486741	0.0010486741	0.00060048
258.0011753941	0.0011753941	0.00067008
258.0021565141	0.0021565141	0.00073968
261.0008066	0.0008066	0.00053088
261.001048672	0.001048672	0.00060048
261.001175392	0.001175392	0.00067008
261.002156512	0.002156512	0.00073968
264.0008066	0.0008066	0.00053088
264.0010486699	0.0010486699	0.00060048
264.0011753899	0.0011753899	0.00067008
264.0021565099	0.0021565099	0.00073968
267.0008066	0.0008066	0.00053088
267.0010486678	0.0010486678	0.00060048
267.0011753878	0.0011753878	0.00067008
267.0021565078	0.0021565078	0.00073968
270.0008066	0.0008066	0.00053088
270.0010486657	0.0010486657	0.00060048
270.0011753857	0.0011753857	0.00067008
270.00169484	0.00169484	0.00073968
273.00070884	0.00070884	0.00053088
273.0010886	0.0010886	0.00060048
273.00110908	0.00110908	0.00067008
273.00112956	0.00112956	0.00073968
276.00070884	0.00070884	0.00053088
276.0010886	0.0010886	0.00060048
276.00110908	0.00110908	0.00067008
276.00112956	0.00112956	0.00073968
279.00070884	0.00070884	0.00065592
279.0010886	0.0010886	0.00088736
279.00110908	0.00110908	0.00111416
279.00112956	0.00112956	0.00113464
282.00064212	0.00064212	0.00053088
282.00117648	0.00117648	0.00060048
282.00124608	0.00124608	0.00067008
282.00131568	0.00131568	0.00084744
285.00070884	0.00070884	0.00053088
285.0010886	0.0010886	0.00060048
285.00110908	0.00110908	0.00067008
285.00112956	0.00112956	0.00073968
288.00070884	0.00070884	0.00053088
288.0010886	0.0010886	0.00060048
288.00110908	0.00110908	0.00067008
288.00112956	0.00112956	0.00073968
291.00070884	0.00070884	0.00053088
291.0010886	0.0010886	0.00060048
291.00110908	0.00110908	0.00067008
291.00112956	0.00112956	0.00073968
294.00070884	0.00070884	0.00053088
294.0010886	0.0010886	0.00060048
294.00110908	0.00110908	0.00067008
294.00112956	0.00112956	0.00073968
297.00070884	0.00070884	0.00053088
297.0010886	0.0010886	0.00060048
297.00110908	0.00110908	0.00067008
297.00112956	0.00112956	0.00073968
300.00070884	0.00070884	0.00053088
300.0010886	0.0010886	0.00060048
300.00110908	0.00110908	0.00067008
300.00112956	0.00112956	0.00073968

