505	4631	3.000545879999	1
505	5925	6.000545879999	4
505	7219	9.000545879999	4
505	8513	12.000545879999	4
505	9807	15.000545879999	4
505	11101	18.000545879999	4
505	12395	21.000545879999	4
505	13689	24.000545879999	4
505	14983	27.000545879999	4
505	18343	30.000617719993	4
505	20669	33.000545879999	4
505	21963	36.000545879999	4
505	23257	39.000545879999	4
505	24551	42.000545879999	4
505	25845	45.000545879999	4
505	27139	48.000545879999	4
505	28433	51.000545879999	4
505	29727	54.000545879999	4
505	31021	57.000545879999	4
505	328324	60.000545879999	4
505	3015679	63.000596359992	4
505	5705363	66.000594999998	4
505	8394994	69.000594999998	4
505	11084625	72.000594999998	4
505	13774256	75.000594999998	4
505	16463887	78.000594999998	4
505	19153518	81.000594999998	4
505	21843149	84.000594999998	4
505	24532780	87.000594999998	4
505	27002789	90.000594999998	4
505	29692060	93.000583717767	4
505	32381146	96.000632837766	4
505	35069361	99.000632837766	4
505	37757576	102.000632837766	4
505	40445791	105.000632837766	4
505	43134006	108.000632837766	4
505	45822221	111.000632837766	4
505	48510436	114.000632837766	4
505	51198651	117.000632837766	4
505	53667783	120.000771959993	4
505	56355600	123.000594999998	4
505	59045827	126.000596359992	4
505	61735031	129.000594999998	4
505	64423807	132.000594999998	4
505	67112583	135.000594999998	4
505	69801359	138.000594999998	4
505	72490135	141.000594999998	4
505	75178911	144.000594999998	4
505	77867687	147.000594999998	4
505	80274444	150.000594999998	4
505	82960525	153.000632835544	4
505	85651847	156.000583715545	4
505	88343879	159.000632835544	4
505	91034877	162.000632835544	4
505	93725875	165.000632835544	4
505	96416873	168.000632835544	4
505	99107871	171.000632835544	4
505	101798869	174.000632835544	4
505	104489867	177.000632835544	4
505	106898846	180.000632835544	4
505	109586560	183.000806599992	4
505	112277487	186.000806599992	4
505	114968401	189.000813239991	4
505	117658587	192.000806599992	4
505	120349038	195.000806599992	4
505	123039489	198.000806599992	4
505	125729940	201.000806599992	4
505	128420391	204.000806599992	4
505	131110842	207.000806599992	4
505	133519274	210.000806599992	4
505	136205026	213.000632835544	4
505	138896024	216.000632835544	4
505	141587371	219.000583715545	4
505	144279410	222.000632835544	4
505	146970408	225.000632835544	4
505	149661406	228.000632835544	4
505	152352404	231.000632835544	4
505	155043402	234.000632835544	4
505	157734400	237.000632835544	4
505	160143308	240.000545879999	4
505	162832341	243.000938279989	4
505	165523392	246.000806599992	4
505	168215096	249.000806599992	4
505	170906868	252.000813239991	4
505	173598033	255.000806599992	4
505	176289270	258.000806599992	4
505	178980507	261.000806599992	4
505	181671744	264.000806599992	4
505	184362981	267.000806599992	4
505	186834128	270.000806599992	4
505	189523704	273.00070883999	4
505	192214084	276.00070883999	4
505	194904522	279.00070883999	4
505	197594991	282.000642119991	4
505	200286862	285.00070883999	4
505	202977242	288.00070883999	4
505	205667622	291.00070883999	4
505	208358002	294.00070883999	4
505	211048382	297.00070883999	4
505	213456517	300.00070883999	4
