531	2911	0.000303079993	5
531	3424	0.000370679993	5
531	4100	3.0002796	5
531	4665	3.0005592	5
531	4721	3.000579679999	5
531	5394	6.0002796	5
531	5959	6.0005592	5
531	6015	6.000579679999	5
531	6688	9.0002796	5
531	7253	9.0005592	5
531	7309	9.000579679999	5
531	7982	12.0002796	5
531	8547	12.0005592	5
531	8603	12.000579679999	5
531	9276	15.0002796	5
531	9841	15.0005592	5
531	9897	15.000579679999	5
531	10570	18.0002796	5
531	11135	18.0005592	5
531	11191	18.000579679999	5
531	11864	21.0002796	5
531	12429	21.0005592	5
531	12485	21.000579679999	5
531	13158	24.0002796	5
531	13723	24.0005592	5
531	13779	24.000579679999	5
531	14452	27.0002796	5
531	15017	27.0005592	5
531	15073	27.000579679999	5
531	17267	30.000351439994	5
531	19078	30.000686559992	5
531	19124	30.000693279991	5
531	20138	33.0002796	5
531	20703	33.0005592	5
531	20759	33.000579679999	5
531	21432	36.0002796	5
531	21997	36.0005592	5
531	22053	36.000579679999	5
531	22726	39.0002796	5
531	23291	39.0005592	5
531	23347	39.000579679999	5
531	24020	42.0002796	5
531	24585	42.0005592	5
531	24641	42.000579679999	5
531	25314	45.0002796	5
531	25879	45.0005592	5
531	25935	45.000579679999	5
531	26608	48.0002796	5
531	27173	48.0005592	5
531	27229	48.000579679999	5
531	27902	51.0002796	5
531	28467	51.0005592	5
531	28523	51.000579679999	5
531	29196	54.0002796	5
531	29761	54.0005592	5
531	29817	54.000579679999	5
531	30490	57.0002796	5
531	31055	57.0005592	5
531	31111	57.000579679999	5
531	327105	60.0002796	5
531	328382	60.0005592	5
531	328494	60.000579679999	5
531	328551	60.000586399998	5
531	3014976	63.000404639993	5
531	3017291	63.000854958202	5
531	3017313	63.000861678201	5
531	5705984	66.00075311776	5
531	5708018	66.001314477769	5
531	5708026	66.001321197768	5
531	8395615	69.00075311776	5
531	8397649	69.001314477769	5
531	8397657	69.001321197768	5
531	11085246	72.00075311776	5
531	11087280	72.001314477769	5
531	11087288	72.001321197768	5
531	13774877	75.00075311776	5
531	13776911	75.001314477769	5
531	13776919	75.001321197768	5
531	16464508	78.00075311776	5
531	16466542	78.001314477769	5
531	16466550	78.001321197768	5
531	19154139	81.00075311776	5
531	19156173	81.001314477769	5
531	19156181	81.001321197768	5
531	21843770	84.00075311776	5
531	21845804	84.001314477769	5
531	21845812	84.001321197768	5
531	24533401	87.00075311776	5
531	24535435	87.001314477769	5
531	24535443	87.001321197768	5
531	27003674	90.000759759993	5
531	27005313	90.001101839985	5
531	27005370	90.001120159985	5
531	29690772	93.0002796	5
531	29692195	93.000597037768	5
531	29692429	93.000617517767	5
531	32379820	96.0002796	5
531	32381015	96.000597037768	5
531	32381295	96.000666637766	5
531	35068035	99.0002796	5
531	35069230	99.000597037768	5
531	35069510	99.000666637766	5
531	37756250	102.0002796	5
531	37757445	102.000597037768	5
531	37757725	102.000666637766	5
531	40444465	105.0002796	5
531	40445660	105.000597037768	5
531	40445940	105.000666637766	5
531	43132680	108.0002796	5
531	43133875	108.000597037768	5
531	43134155	108.000666637766	5
531	45820895	111.0002796	5
531	45822090	111.000597037768	5
531	45822370	111.000666637766	5
531	48509110	114.0002796	5
531	48510305	114.000597037768	5
531	48510585	114.000666637766	5
531	51197325	117.0002796	5
531	51198520	117.000597037768	5
531	51198800	117.000666637766	5
531	53666034	120.000413359996	5
531	53667642	120.000736159995	5
531	53667979	120.000805759993	5
531	56356505	123.000708797761	5
531	56359185	123.001314477769	5
531	56359199	123.001321197768	5
531	59045015	126.000409199997	5
531	59047460	126.000826639993	5
531	59047698	126.000890079991	5
531	61735600	129.000708797618	5
531	61737926	129.001314477625	5
531	61737940	129.001321197624	5
531	64424376	132.000708797138	5
531	64426702	132.001314477146	5
531	64426716	132.001321197145	5
531	67113152	135.0007087966	5
531	67115478	135.001314476608	5
531	67115492	135.001321196607	5
531	69801928	138.000708796046	5
531	69804254	138.001314476054	5
531	69804268	138.001321196053	5
531	72490704	141.000708795539	5
531	72493030	141.001314475547	5
531	72493044	141.001321195546	5
531	75179480	144.000708795539	5
531	75181806	144.001314475547	5
531	75181820	144.001321195546	5
531	77868256	147.000708795539	5
531	77870582	147.001314475547	5
531	77870596	147.001321195546	5
531	80275013	150.000708795539	5
531	80276797	150.001138879985	5
531	80276876	150.001145599984	5
531	82959110	153.0002796	5
531	82960412	153.000597035546	5
531	82960715	153.000666635544	5
531	85650479	156.0002796	5
531	85651980	156.000597035546	5
531	85652197	156.000617515545	5
531	88342464	159.0002796	5
531	88343766	159.000597035546	5
531	88344037	159.000666635544	5
531	91033462	162.0002796	5
531	91034764	162.000597035546	5
531	91035035	162.000666635544	5
531	93724460	165.0002796	5
531	93725762	165.000597035546	5
531	93726033	165.000666635544	5
531	96415458	168.0002796	5
531	96416760	168.000597035546	5
531	96417031	168.000666635544	5
531	99106456	171.0002796	5
531	99107758	171.000597035546	5
531	99108029	171.000666635544	5
531	101797454	174.0002796	5
531	101798756	174.000597035546	5
531	101799027	174.000666635544	5
531	104488452	177.0002796	5
531	104489754	177.000597035546	5
531	104490025	177.000666635544	5
531	106897431	180.0002796	5
531	106898733	180.000597035546	5
531	106899004	180.000666635544	5
531	109586710	183.000830715541	5
531	109589490	183.001305675544	5
531	109589769	183.001378875535	5
531	112277644	186.000830715541	5
531	112280457	186.001314875532	5
531	112280595	186.001340075529	5
531	114967614	189.000609759993	5
531	114971304	189.001314475547	5
531	114971318	189.001321195546	5
531	117658737	192.000830715541	5
531	117661517	192.001305675544	5
531	117661796	192.001378875535	5
531	120349188	195.000830715541	5
531	120351968	195.001305675544	5
531	120352247	195.001378875535	5
531	123039639	198.000830715541	5
531	123042419	198.001305675544	5
531	123042698	198.001378875535	5
531	125730090	201.000830715541	5
531	125732870	201.001305675544	5
531	125733149	201.001378875535	5
531	128420541	204.000830715541	5
531	128423321	204.001305675544	5
531	128423600	204.001378875535	5
531	131110992	207.000830715541	5
531	131113772	207.001305675544	5
531	131114051	207.001378875535	5
531	133519424	210.000830715541	5
531	133521888	210.001305675544	5
531	133522002	210.001328875544	5
531	136203611	213.0002796	5
531	136204913	213.000597035546	5
531	136205184	213.000666635544	5
531	138894609	216.0002796	5
531	138895911	216.000597035546	5
531	138896182	216.000666635544	5
531	141585986	219.0002796	5
531	141587511	219.000597035546	5
531	141587728	219.000617515545	5
531	144277995	222.0002796	5
531	144279297	222.000597035546	5
531	144279568	222.000666635544	5
531	146968993	225.0002796	5
531	146970295	225.000597035546	5
531	146970566	225.000666635544	5
531	149659991	228.0002796	5
531	149661293	228.000597035546	5
531	149661564	228.000666635544	5
531	152350989	231.0002796	5
531	152352291	231.000597035546	5
531	152352562	231.000666635544	5
531	155041987	234.0002796	5
531	155043289	234.000597035546	5
531	155043560	234.000666635544	5
531	157732985	237.0002796	5
531	157734287	237.000597035546	5
531	157734558	237.000666635544	5
531	160141852	240.0002796	5
531	160143841	240.000655999996	5
531	160143869	240.000662719995	5
531	162831944	243.000775755536	5
531	162835016	243.001354315547	5
531	162835048	243.001361035546	5
531	165523293	246.000782395535	5
531	165526223	246.001341435547	5
531	165526236	246.001348155546	5
531	168214953	249.000782395535	5
531	168218047	249.001354795543	5
531	168218080	249.001361515542	5
531	170906240	252.000609599989	5
531	170909537	252.001303995547	5
531	170909975	252.001413755543	5
531	173597934	255.000782395535	5
531	173600864	255.001341435547	5
531	173600877	255.001348155546	5
531	176289171	258.00078239413	5
531	176292101	258.001341434141	5
531	176292114	258.00134815414	5
531	178980408	261.000782392022	5
531	178983338	261.001341432034	5
531	178983351	261.001348152033	5
531	181671645	264.000782389915	5
531	181674575	264.001341429926	5
531	181674588	264.001348149925	5
531	184362882	267.000782387807	5
531	184365812	267.001341427819	5
531	184365825	267.001348147818	5
531	186834029	270.0007823857	5
531	186837096	270.001348145708	5
531	186837109	270.001354865707	5
531	189522353	273.000442559991	5
531	189524660	273.000887439981	5
531	189524855	273.000921999977	5
531	192212733	276.000442559991	5
531	192215040	276.000887439981	5
531	192215235	276.000921999977	5
531	194903113	279.000442559991	5
531	194905548	279.000887439981	5
531	194905743	279.000921999977	5
531	197593652	282.000375759994	5
531	197595796	282.00071087999	5
531	197595873	282.000717599989	5
531	200285511	285.000442559991	5
531	200287818	285.000887439981	5
531	200288013	285.000921999977	5
531	202975891	288.000442559991	5
531	202978198	288.000887439981	5
531	202978393	288.000921999977	5
531	205666271	291.000442559991	5
531	205668578	291.000887439981	5
531	205668773	291.000921999977	5
531	208356651	294.000442559991	5
531	208358958	294.000887439981	5
531	208359153	294.000921999977	5
531	211047031	297.000442559991	5
531	211049338	297.000887439981	5
531	211049533	297.000921999977	5
531	213455166	300.000442559991	5
531	213457473	300.000887439981	5
531	213457668	300.000921999977	5
