539	2911	0.000303079993	5
539	3424	0.000370679993	5
539	4100	3.0002796	5
539	4665	3.0005592	5
539	4721	3.000579679999	5
539	5394	6.0002796	5
539	5959	6.0005592	5
539	6015	6.000579679999	5
539	6688	9.0002796	5
539	7253	9.0005592	5
539	7309	9.000579679999	5
539	7982	12.0002796	5
539	8547	12.0005592	5
539	8603	12.000579679999	5
539	9276	15.0002796	5
539	9841	15.0005592	5
539	9897	15.000579679999	5
539	10570	18.0002796	5
539	11135	18.0005592	5
539	11191	18.000579679999	5
539	11864	21.0002796	5
539	12429	21.0005592	5
539	12485	21.000579679999	5
539	13158	24.0002796	5
539	13723	24.0005592	5
539	13779	24.000579679999	5
539	14452	27.0002796	5
539	15017	27.0005592	5
539	15073	27.000579679999	5
539	17267	30.000351439994	5
539	19078	30.000686559992	5
539	19124	30.000693279991	5
539	20138	33.0002796	5
539	20703	33.0005592	5
539	20759	33.000579679999	5
539	21432	36.0002796	5
539	21997	36.0005592	5
539	22053	36.000579679999	5
539	22726	39.0002796	5
539	23291	39.0005592	5
539	23347	39.000579679999	5
539	24020	42.0002796	5
539	24585	42.0005592	5
539	24641	42.000579679999	5
539	25314	45.0002796	5
539	25879	45.0005592	5
539	25935	45.000579679999	5
539	26608	48.0002796	5
539	27173	48.0005592	5
539	27229	48.000579679999	5
539	27902	51.0002796	5
539	28467	51.0005592	5
539	28523	51.000579679999	5
539	29196	54.0002796	5
539	29761	54.0005592	5
539	29817	54.000579679999	5
539	30490	57.0002796	5
539	31055	57.0005592	5
539	31111	57.000579679999	5
539	327105	60.0002796	5
539	328373	60.0005592	5
539	328449	60.000579679999	5
539	3016103	63.000409199997	5
539	3018425	63.000913959984	5
539	3018452	63.000920679983	5
539	5705383	66.000708797761	5
539	5707331	66.001328237769	5
539	5707345	66.001334957768	5
539	8393496	69.000708797761	5
539	8395444	69.001328237769	5
539	8395458	69.001334957768	5
539	11081609	72.000708797761	5
539	11083557	72.001328237769	5
539	11083571	72.001334957768	5
539	13769722	75.000708797761	5
539	13771670	75.001328237769	5
539	13771684	75.001334957768	5
539	16457835	78.000708797761	5
539	16459783	78.001328237769	5
539	16459797	78.001334957768	5
539	19145948	81.000708797761	5
539	19147896	81.001328237769	5
539	19147910	81.001334957768	5
539	21834061	84.000708797761	5
539	21836009	84.001328237769	5
539	21836023	84.001334957768	5
539	24522174	87.000708797761	5
539	24524122	87.001328237769	5
539	24524136	87.001334957768	5
539	26990745	90.000705119995	5
539	26992725	90.001111519982	5
539	26992737	90.001118239981	5
539	29676006	93.0002796	5
539	29677666	93.000603119994	5
539	29677866	93.000623599993	5
539	32367411	96.0002796	5
539	32368617	96.000597037768	5
539	32368888	96.000666637766	5
539	35058121	99.0002796	5
539	35059327	99.000597037768	5
539	35059598	99.000666637766	5
539	37748831	102.0002796	5
539	37750037	102.000597037768	5
539	37750308	102.000666637766	5
539	40439541	105.0002796	5
539	40440747	105.000597037768	5
539	40441018	105.000666637766	5
539	43130251	108.0002796	5
539	43131457	108.000597037768	5
539	43131728	108.000666637766	5
539	45820961	111.0002796	5
539	45822167	111.000597037768	5
539	45822438	111.000666637766	5
539	48511671	114.0002796	5
539	48512877	114.000597037768	5
539	48513148	114.000666637766	5
539	51202381	117.0002796	5
539	51203587	117.000597037768	5
539	51203858	117.000666637766	5
539	53673585	120.000413359996	5
539	53675032	120.000736159995	5
539	53675312	120.000805759993	5
539	56363470	123.00070583999	5
539	56366355	123.001314477769	5
539	56366369	123.001321197768	5
539	59052166	126.000409199997	5
539	59054747	126.000913959984	5
539	59054761	126.000920679983	5
539	61742872	129.000708797618	5
539	61745294	129.001314477625	5
539	61745308	129.001321197624	5
539	64431936	132.000708797138	5
539	64434358	132.001314477146	5
539	64434372	132.001321197145	5
539	67121000	135.0007087966	5
539	67123422	135.001314476608	5
539	67123436	135.001321196607	5
539	69810064	138.000708796046	5
539	69812486	138.001314476054	5
539	69812500	138.001321196053	5
539	72499128	141.000708795539	5
539	72501550	141.001314475547	5
539	72501564	141.001321195546	5
539	75188192	144.000708795539	5
539	75190614	144.001314475547	5
539	75190628	144.001321195546	5
539	77877256	147.000708795539	5
539	77879678	147.001314475547	5
539	77879692	147.001321195546	5
539	80284301	150.000708795539	5
539	80286481	150.001292315546	5
539	80286557	150.001310635546	5
539	82968328	153.0002796	5
539	82969641	153.000597035546	5
539	82969997	153.000666635544	5
539	85660225	156.0002796	5
539	85661726	156.000597035546	5
539	85661943	156.000617515545	5
539	88351714	159.0002796	5
539	88353016	159.000597035546	5
539	88353287	159.000666635544	5
539	91042712	162.0002796	5
539	91044014	162.000597035546	5
539	91044285	162.000666635544	5
539	93733710	165.0002796	5
539	93735012	165.000597035546	5
539	93735283	165.000666635544	5
539	96424708	168.0002796	5
539	96426010	168.000597035546	5
539	96426281	168.000666635544	5
539	99115706	171.0002796	5
539	99117008	171.000597035546	5
539	99117279	171.000666635544	5
539	101806704	174.0002796	5
539	101808006	174.000597035546	5
539	101808277	174.000666635544	5
539	104497702	177.0002796	5
539	104499004	177.000597035546	5
539	104499275	177.000666635544	5
539	106906681	180.0002796	5
539	106907983	180.000597035546	5
539	106908254	180.000666635544	5
539	109596362	183.000697275536	5
539	109600336	183.001314715547	5
539	109600373	183.001321435546	5
539	112288121	186.000690635537	5
539	112292461	186.001317835543	5
539	112292498	186.001324555542	5
539	114979420	189.000616075545	5
539	114983996	189.001317755543	5
539	114984023	189.001324475542	5
539	117671188	192.000697275536	5
539	117675162	192.001314715547	5
539	117675199	192.001321435546	5
539	120362376	195.000697275536	5
539	120366350	195.001314715547	5
539	120366387	195.001321435546	5
539	123053564	198.000697275536	5
539	123057538	198.001314715547	5
539	123057575	198.001321435546	5
539	125744752	201.000697275536	5
539	125748726	201.001314715547	5
539	125748763	201.001321435546	5
539	128435940	204.000697275536	5
539	128439914	204.001314715547	5
539	128439951	204.001321435546	5
539	131127128	207.000697275536	5
539	131131102	207.001314715547	5
539	131131139	207.001321435546	5
539	133536297	210.000697275536	5
539	133539959	210.001314635547	5
539	133539973	210.001321355546	5
539	136223266	213.000609679989	5
539	136226529	213.001314475547	5
539	136226551	213.001321195546	5
539	138914582	216.000609679989	5
539	138918003	216.001314475547	5
539	138918026	216.001321195546	5
539	141606898	219.000609759989	5
539	141610593	219.001314475547	5
539	141610606	219.001321195546	5
539	144298585	222.000609679989	5
539	144301848	222.001314475547	5
539	144301870	222.001321195546	5
539	146989869	225.000609679989	5
539	146993132	225.001314475547	5
539	146993154	225.001321195546	5
539	149681153	228.000609679989	5
539	149684416	228.001314475547	5
539	149684438	228.001321195546	5
539	152372437	231.000609679989	5
539	152375700	231.001314475547	5
539	152375722	231.001321195546	5
539	155063721	234.000609679989	5
539	155066984	234.001314475547	5
539	155067006	234.001321195546	5
539	157755005	237.000609679989	5
539	157758268	237.001314475547	5
539	157758290	237.001321195546	5
539	160164375	240.000614715544	5
539	160167990	240.001337239979	5
539	160168031	240.001343959978	5
539	162853290	243.000741799983	5
539	162855760	243.001179599977	5
539	162856044	243.001197919977	5
539	165544918	246.000739195536	5
539	165548025	246.001224435549	5
539	165548105	246.001231155548	5
539	168237191	249.000732555537	5
539	168239916	249.00117979553	5
539	168240001	249.001186515529	5
539	170928461	252.00056647999	5
539	170931569	252.001179199978	5
539	170931900	252.001197519978	5
539	173620650	255.000739195536	5
539	173623757	255.001224435549	5
539	173623837	255.001231155548	5
539	176312234	258.000739194131	5
539	176315341	258.001224434143	5
539	176315421	258.001231154142	5
539	179003818	261.000739192023	5
539	179006925	261.001224432036	5
539	179007005	261.001231152035	5
539	181695402	264.000739189916	5
539	181698509	264.001224429928	5
539	181698589	264.001231149927	5
539	184386986	267.000739187808	5
539	184390093	267.001224427821	5
539	184390173	267.00123114782	5
539	186858480	270.000739185701	5
539	186861386	270.001224505714	5
539	186861499	270.001231225713	5
539	189547068	273.000442559991	5
539	189548862	273.000887439981	5
539	189549040	273.000921999977	5
539	192238093	276.000442559991	5
539	192239855	276.000887439981	5
539	192240056	276.000921999977	5
539	194929150	279.000442559991	5
539	194931040	279.000887439981	5
539	194931241	279.000921999977	5
539	197620710	282.000375759994	5
539	197622456	282.00071087999	5
539	197622570	282.000717599989	5
539	200312574	285.000442559991	5
539	200314336	285.000887439981	5
539	200314537	285.000921999977	5
539	203003599	288.000442559991	5
539	203005361	288.000887439981	5
539	203005562	288.000921999977	5
539	205694624	291.000442559991	5
539	205696386	291.000887439981	5
539	205696587	291.000921999977	5
539	208385649	294.000442559991	5
539	208387411	294.000887439981	5
539	208387612	294.000921999977	5
539	211076674	297.000442559991	5
539	211078436	297.000887439981	5
539	211078637	297.000921999977	5
539	213485454	300.000442559991	5
539	213487216	300.000887439981	5
539	213487417	300.000921999977	5
