556	3184	0.00033171999	5
556	3657	0.000406039989	5
556	4264	3.000377839998	5
556	4963	3.000698399996	5
556	4999	3.000718879995	5
556	5558	6.000377839998	5
556	6257	6.000698399996	5
556	6293	6.000718879995	5
556	6852	9.000377839998	5
556	7551	9.000698399996	5
556	7587	9.000718879995	5
556	8146	12.000377839998	5
556	8845	12.000698399996	5
556	8881	12.000718879995	5
556	9440	15.000377839998	5
556	10139	15.000698399996	5
556	10175	15.000718879995	5
556	10734	18.000377839998	5
556	11433	18.000698399996	5
556	11469	18.000718879995	5
556	12028	21.000377839998	5
556	12727	21.000698399996	5
556	12763	21.000718879995	5
556	13322	24.000377839998	5
556	14021	24.000698399996	5
556	14057	24.000718879995	5
556	14616	27.000377839998	5
556	15315	27.000698399996	5
556	15351	27.000718879995	5
556	17978	30.000512399995	5
556	19707	30.000921519991	5
556	19743	30.00094199999	5
556	20302	33.000377839998	5
556	21001	33.000698399996	5
556	21037	33.000718879995	5
556	21596	36.000377839998	5
556	22295	36.000698399996	5
556	22331	36.000718879995	5
556	22890	39.000377839998	5
556	23589	39.000698399996	5
556	23625	39.000718879995	5
556	24184	42.000377839998	5
556	24883	42.000698399996	5
556	24919	42.000718879995	5
556	25478	45.000377839998	5
556	26177	45.000698399996	5
556	26213	45.000718879995	5
556	26772	48.000377839998	5
556	27471	48.000698399996	5
556	27507	48.000718879995	5
556	28066	51.000377839998	5
556	28765	51.000698399996	5
556	28801	51.000718879995	5
556	29360	54.000377839998	5
556	30059	54.000698399996	5
556	30095	54.000718879995	5
556	30654	57.000377839998	5
556	31353	57.000698399996	5
556	31389	57.000718879995	5
556	327428	60.000377839998	5
556	329950	60.000741679993	5
556	330014	60.000748399992	5
556	3018259	63.001226719983	5
556	3020366	63.002176398203	5
556	3020423	63.002196878202	5
556	5707678	66.001208557757	5
556	5709997	66.002169837759	5
556	5710046	66.002190317758	5
556	8397309	69.001208557757	5
556	8399628	69.002169837759	5
556	8399677	69.002190317758	5
556	11086940	72.001208557757	5
556	11089259	72.002169837759	5
556	11089308	72.002190317758	5
556	13776571	75.001208557757	5
556	13778890	75.002169837759	5
556	13778939	75.002190317758	5
556	16466202	78.001208557757	5
556	16468521	78.002169837759	5
556	16468570	78.002190317758	5
556	19155833	81.001208557757	5
556	19158152	81.002169837759	5
556	19158201	81.002190317758	5
556	21845464	84.001208557757	5
556	21847783	84.002169837759	5
556	21847832	84.002190317758	5
556	24535095	87.001208557757	5
556	24537414	87.002169837759	5
556	24537463	87.002190317758	5
556	27004995	90.001069359984	5
556	27006524	90.00154135777	5
556	27006581	90.001561837769	5
556	29691873	93.000547917769	5
556	29695128	93.001200639986	5
556	29695164	93.001221119985	5
556	32380877	96.000547917769	5
556	32382591	96.000961197765	5
556	32382648	96.000981677764	5
556	35069092	99.000547917769	5
556	35070806	99.000961197765	5
556	35070863	99.000981677764	5
556	37757307	102.000547917769	5
556	37759021	102.000961197765	5
556	37759078	102.000981677764	5
556	40445522	105.000547917769	5
556	40447236	105.000961197765	5
556	40447293	105.000981677764	5
556	43133737	108.000547917769	5
556	43135451	108.000961197765	5
556	43135508	108.000981677764	5
556	45821952	111.000547917769	5
556	45823666	111.000961197765	5
556	45823723	111.000981677764	5
556	48510167	114.000547917769	5
556	48511881	114.000961197765	5
556	48511938	114.000981677764	5
556	51198382	117.000547917769	5
556	51200096	117.000961197765	5
556	51200153	117.000981677764	5
556	53667220	120.000611277765	5
556	53670273	120.001285597769	5
556	53670371	120.001303997769	5
556	56354478	123.000377839998	5
556	56356294	123.000677919997	5
556	56356450	123.000698399996	5
556	59045116	126.000426879998	5
556	59046643	126.000738719995	5
556	59047115	126.000781999994	5
556	61733965	129.000377839998	5
556	61735465	129.000677919997	5
556	61735547	129.000698399996	5
556	64422741	132.000377839998	5
556	64424241	132.000677919997	5
556	64424323	132.000698399996	5
556	67111517	135.000377839998	5
556	67113017	135.000677919997	5
556	67113099	135.000698399996	5
556	69800293	138.000377839998	5
556	69801793	138.000677919997	5
556	69801875	138.000698399996	5
556	72489069	141.000377839998	5
556	72490569	141.000677919997	5
556	72490651	141.000698399996	5
556	75177845	144.000377839998	5
556	75179345	144.000677919997	5
556	75179427	144.000698399996	5
556	77866621	147.000377839998	5
556	77868121	147.000677919997	5
556	77868203	147.000698399996	5
556	80273378	150.000377839998	5
556	80274878	150.000677919997	5
556	80274960	150.000698399996	5
556	82963372	153.001312315543	5
556	82966352	153.002314715532	5
556	82966490	153.002339915529	5
556	85655136	156.001312315543	5
556	85658612	156.002313675548	5
556	85658750	156.002338875545	5
556	88346630	159.001312315543	5
556	88349610	159.002314715532	5
556	88349748	159.002339915529	5
556	91037628	162.001312315543	5
556	91040608	162.002314715532	5
556	91040746	162.002339915529	5
556	93728626	165.001312315543	5
556	93731606	165.002314715532	5
556	93731744	165.002339915529	5
556	96419624	168.001312315543	5
556	96422604	168.002314715532	5
556	96422742	168.002339915529	5
556	99110622	171.001312315543	5
556	99113602	171.002314715532	5
556	99113740	171.002339915529	5
556	101801620	174.001312315543	5
556	101804600	174.002314715532	5
556	101804738	174.002339915529	5
556	104492618	177.001312315543	5
556	104495598	177.002314715532	5
556	104495736	177.002339915529	5
556	106901302	180.001310475546	5
556	106901966	180.001723755542	5
556	106902002	180.001744235541	5
556	109585495	183.000547915547	5
556	109587254	183.000979439988	5
556	109587498	183.000999919987	5
556	112276010	186.000547915547	5
556	112278047	186.000961195543	5
556	112278209	186.000981675542	5
556	114967593	189.000603039994	5
556	114969409	189.00101631999	5
556	114969599	189.001036799989	5
556	117657522	192.000547915547	5
556	117659281	192.000979439988	5
556	117659525	192.000999919987	5
556	120347973	195.000547915547	5
556	120349732	195.000979439988	5
556	120349976	195.000999919987	5
556	123038424	198.000547915547	5
556	123040183	198.000979439988	5
556	123040427	198.000999919987	5
556	125728875	201.000547915547	5
556	125730634	201.000979439988	5
556	125730878	201.000999919987	5
556	128419326	204.000547915547	5
556	128421085	204.000979439988	5
556	128421329	204.000999919987	5
556	131109777	207.000547915547	5
556	131111536	207.000979439988	5
556	131111780	207.000999919987	5
556	133518209	210.000547915547	5
556	133519968	210.000979439988	5
556	133520212	210.000999919987	5
556	136207745	213.001312315543	5
556	136210757	213.002314715532	5
556	136210895	213.002339915529	5
556	138898871	216.001312315543	5
556	138901883	216.002314715532	5
556	138902021	216.002339915529	5
556	141590667	219.001312315543	5
556	141594143	219.002313675548	5
556	141594281	219.002338875545	5
556	144282129	222.001312315543	5
556	144285141	222.002314715532	5
556	144285279	222.002339915529	5
556	146973127	225.001312315543	5
556	146976139	225.002314715532	5
556	146976277	225.002339915529	5
556	149664125	228.001312315543	5
556	149667137	228.002314715532	5
556	149667275	228.002339915529	5
556	152355123	231.001312315543	5
556	152358135	231.002314715532	5
556	152358273	231.002339915529	5
556	155046121	234.001312315543	5
556	155049133	234.002314715532	5
556	155049271	234.002339915529	5
556	157737119	237.001312315543	5
556	157740131	237.002314715532	5
556	157740269	237.002339915529	5
556	160146266	240.001310475546	5
556	160147977	240.002046795531	5
556	160148034	240.00206727553	5
556	162833720	243.001231195533	5
556	162836995	243.002169835537	5
556	162837076	243.002190315536	5
556	165525746	246.001258315531	5
556	165528232	246.002169835537	5
556	165528313	246.002190315536	5
556	168216942	249.001243435521	5
556	168220095	249.002169755537	5
556	168220176	249.002190235536	5
556	170908233	252.001175039982	5
556	170911636	252.00217419553	5
556	170911726	252.002194675529	5
556	173600387	255.001258315531	5
556	173602873	255.002169835537	5
556	173602954	255.002190315536	5
556	176291624	258.001258314126	5
556	176294110	258.002169834131	5
556	176294191	258.00219031413	5
556	178982861	261.001258312018	5
556	178985347	261.002169832024	5
556	178985428	261.002190312023	5
556	181674098	264.001258309911	5
556	181676584	264.002169829916	5
556	181676665	264.002190309915	5
556	184365335	267.001258307803	5
556	184367821	267.002169827809	5
556	184367902	267.002190307808	5
556	186836816	270.001294879969	5
556	186838879	270.001820039961	5
556	186838888	270.00182675996	5
556	189523640	273.000683823598	5
556	189527159	273.001293159972	5
556	189527236	273.001299879971	5
556	192214020	276.00068382149	5
556	192217611	276.001293159972	5
556	192217648	276.001299879971	5
556	194904400	279.000683819383	5
556	194908023	279.001293159972	5
556	194908076	279.001299879971	5
556	197595601	282.000683897276	5
556	197599866	282.001326399967	5
556	197600163	282.001376399965	5
556	200286798	285.000683815168	5
556	200290389	285.001293159972	5
556	200290426	285.001299879971	5
556	202977178	288.000683813061	5
556	202980769	288.001293159972	5
556	202980806	288.001299879971	5
556	205667558	291.000683810953	5
556	205671149	291.001293159972	5
556	205671186	291.001299879971	5
556	208357938	294.000683808846	5
556	208361529	294.001293159972	5
556	208361566	294.001299879971	5
556	211048318	297.000683806738	5
556	211051909	297.001293159972	5
556	211051946	297.001299879971	5
556	213456453	300.000683804631	5
556	213460070	300.001300039971	5
556	213460316	300.001357644631	5
