581	3183	0.00033171999	5
581	3620	0.00039931999	5
581	4173	3.000328719999	5
581	4833	3.000628799998	5
581	4877	3.000649279997	5
581	5467	6.000328719999	5
581	6127	6.000628799998	5
581	6171	6.000649279997	5
581	6761	9.000328719999	5
581	7421	9.000628799998	5
581	7465	9.000649279997	5
581	8055	12.000328719999	5
581	8715	12.000628799998	5
581	8759	12.000649279997	5
581	9349	15.000328719999	5
581	10009	15.000628799998	5
581	10053	15.000649279997	5
581	10643	18.000328719999	5
581	11303	18.000628799998	5
581	11347	18.000649279997	5
581	11937	21.000328719999	5
581	12597	21.000628799998	5
581	12641	21.000649279997	5
581	13231	24.000328719999	5
581	13891	24.000628799998	5
581	13935	24.000649279997	5
581	14525	27.000328719999	5
581	15185	27.000628799998	5
581	15229	27.000649279997	5
581	17593	30.000449919996	5
581	19378	30.000729519996	5
581	19471	30.000749999995	5
581	20211	33.000328719999	5
581	20871	33.000628799998	5
581	20915	33.000649279997	5
581	21505	36.000328719999	5
581	22165	36.000628799998	5
581	22209	36.000649279997	5
581	22799	39.000328719999	5
581	23459	39.000628799998	5
581	23503	39.000649279997	5
581	24093	42.000328719999	5
581	24753	42.000628799998	5
581	24797	42.000649279997	5
581	25387	45.000328719999	5
581	26047	45.000628799998	5
581	26091	45.000649279997	5
581	26681	48.000328719999	5
581	27341	48.000628799998	5
581	27385	48.000649279997	5
581	27975	51.000328719999	5
581	28635	51.000628799998	5
581	28679	51.000649279997	5
581	29269	54.000328719999	5
581	29929	54.000628799998	5
581	29973	54.000649279997	5
581	30563	57.000328719999	5
581	31223	57.000628799998	5
581	31267	57.000649279997	5
581	327282	60.000328719999	5
581	330715	60.000861599989	5
581	330724	60.000868319988	5
581	3014533	63.000328719999	5
581	3015731	63.000609679993	5
581	3015825	63.000630159992	5
581	5704337	66.000328719999	5
581	5705409	66.000608319999	5
581	5705479	66.000628799998	5
581	8393968	69.000328719999	5
581	8395040	69.000608319999	5
581	8395110	69.000628799998	5
581	11083599	72.000328719999	5
581	11084671	72.000608319999	5
581	11084741	72.000628799998	5
581	13773230	75.000328719999	5
581	13774302	75.000608319999	5
581	13774372	75.000628799998	5
581	16462861	78.000328719999	5
581	16463933	78.000608319999	5
581	16464003	78.000628799998	5
581	19152492	81.000328719999	5
581	19153564	81.000608319999	5
581	19153634	81.000628799998	5
581	21842123	84.000328719999	5
581	21843195	84.000608319999	5
581	21843265	84.000628799998	5
581	24531754	87.000328719999	5
581	24532826	87.000608319999	5
581	24532896	87.000628799998	5
581	27001766	90.000328719999	5
581	27002865	90.000608319999	5
581	27002957	90.000628799998	5
581	29691491	93.000449919996	5
581	29694715	93.001063599984	5
581	29694775	93.001081919984	5
581	32380515	96.000449839996	5
581	32382944	96.001069679981	5
581	32382953	96.00107639998	5
581	35068730	99.000449839996	5
581	35071159	99.001069679981	5
581	35071168	99.00107639998	5
581	37756945	102.000449839996	5
581	37759374	102.001069679981	5
581	37759383	102.00107639998	5
581	40445160	105.000449839996	5
581	40447589	105.001069679981	5
581	40447598	105.00107639998	5
581	43133375	108.000449839996	5
581	43135804	108.001069679981	5
581	43135813	108.00107639998	5
581	45821590	111.000449839996	5
581	45824019	111.001069679981	5
581	45824028	111.00107639998	5
581	48509805	114.000449839996	5
581	48512234	114.001069679981	5
581	48512243	114.00107639998	5
581	51198020	117.000449839996	5
581	51200449	117.001069679981	5
581	51200458	117.00107639998	5
581	53666634	120.000493039995	5
581	53669813	120.001140319983	5
581	53669991	120.001169599983	5
581	56354288	123.000328719999	5
581	56355697	123.000608319999	5
581	56355834	123.000628799998	5
581	59044505	126.000328719999	5
581	59045925	126.000609679993	5
581	59045999	126.000630159992	5
581	61733775	129.000328719999	5
581	61735088	129.000608319999	5
581	61735156	129.000628799998	5
581	64422551	132.000328719999	5
581	64423864	132.000608319999	5
581	64423932	132.000628799998	5
581	67111327	135.000328719999	5
581	67112640	135.000608319999	5
581	67112708	135.000628799998	5
581	69800103	138.000328719999	5
581	69801416	138.000608319999	5
581	69801484	138.000628799998	5
581	72488879	141.000328719999	5
581	72490192	141.000608319999	5
581	72490260	141.000628799998	5
581	75177655	144.000328719999	5
581	75178968	144.000608319999	5
581	75179036	144.000628799998	5
581	77866431	147.000328719999	5
581	77867744	147.000608319999	5
581	77867812	147.000628799998	5
581	80273188	150.000328719999	5
581	80274501	150.000608319999	5
581	80274569	150.000628799998	5
581	82959814	153.000449839996	5
581	82962168	153.001129919979	5
581	82962229	153.001136639978	5
581	85651207	156.000449919996	5
581	85653953	156.00111799998	5
581	85654120	156.001136239978	5
581	88343168	159.000449839996	5
581	88345618	159.001129919979	5
581	88345679	159.001136639978	5
581	91034166	162.000449839996	5
581	91036616	162.001129919979	5
581	91036677	162.001136639978	5
581	93725164	165.000449839996	5
581	93727614	165.001129919979	5
581	93727675	165.001136639978	5
581	96416162	168.000449839996	5
581	96418612	168.001129919979	5
581	96418673	168.001136639978	5
581	99107160	171.000449839996	5
581	99109610	171.001129919979	5
581	99109671	171.001136639978	5
581	101798158	174.000449839996	5
581	101800608	174.001129919979	5
581	101800669	174.001136639978	5
581	104489156	177.000449839996	5
581	104491606	177.001129919979	5
581	104491667	177.001136639978	5
581	106898135	180.000449839996	5
581	106900697	180.001129919979	5
581	106900776	180.001136639978	5
581	109584662	183.000406639997	5
581	109586623	183.000819919993	5
581	109586784	183.000840399992	5
581	112275177	186.000406639997	5
581	112277549	186.000819919993	5
581	112277700	186.000840399992	5
581	114966651	189.000413279996	5
581	114968489	189.000826559992	5
581	114968598	189.000847039991	5
581	117656689	192.000406639997	5
581	117658650	192.000819919993	5
581	117658811	192.000840399992	5
581	120347140	195.000406639997	5
581	120349101	195.000819919993	5
581	120349262	195.000840399992	5
581	123037591	198.000406639997	5
581	123039552	198.000819919993	5
581	123039713	198.000840399992	5
581	125728042	201.000406639997	5
581	125730003	201.000819919993	5
581	125730164	201.000840399992	5
581	128418493	204.000406639997	5
581	128420454	204.000819919993	5
581	128420615	204.000840399992	5
581	131108944	207.000406639997	5
581	131110905	207.000819919993	5
581	131111066	207.000840399992	5
581	133517376	210.000406639997	5
581	133519337	210.000819919993	5
581	133519498	210.000840399992	5
581	136204315	213.000449839996	5
581	136206637	213.001129919979	5
581	136206698	213.001136639978	5
581	138895313	216.000449839996	5
581	138897635	216.001129919979	5
581	138897696	216.001136639978	5
581	141586706	219.000449919996	5
581	141589356	219.00111799998	5
581	141589523	219.001136239978	5
581	144278699	222.000449839996	5
581	144281021	222.001129919979	5
581	144281082	222.001136639978	5
581	146969697	225.000449839996	5
581	146972019	225.001129919979	5
581	146972080	225.001136639978	5
581	149660695	228.000449839996	5
581	149663017	228.001129919979	5
581	149663078	228.001136639978	5
581	152351693	231.000449839996	5
581	152354015	231.001129919979	5
581	152354076	231.001136639978	5
581	155042691	234.000449839996	5
581	155045013	234.001129919979	5
581	155045074	234.001136639978	5
581	157733689	237.000449839996	5
581	157736011	237.001129919979	5
581	157736072	237.001136639978	5
581	160142783	240.000456479995	5
581	160146003	240.001248639972	5
581	160146021	240.001255359971	5
581	162830466	243.000456479995	5
581	162832218	243.000869759991	5
581	162832438	243.000972079989	5
581	165521572	246.000406639997	5
581	165523425	246.000819919993	5
581	165523502	246.000840399992	5
581	168212873	249.000406639997	5
581	168215128	249.000819919993	5
581	168215203	249.000840399992	5
581	170905288	252.000413279996	5
581	170906910	252.000826559992	5
581	170906982	252.000847039991	5
581	173596213	255.000406639997	5
581	173598066	255.000819919993	5
581	173598143	255.000840399992	5
581	176287450	258.000406639997	5
581	176289303	258.000819919993	5
581	176289380	258.000840399992	5
581	178978687	261.000406639997	5
581	178980540	261.000819919993	5
581	178980617	261.000840399992	5
581	181669924	264.000406639997	5
581	181671777	264.000819919993	5
581	181671854	264.000840399992	5
581	184361161	267.000406639997	5
581	184363014	267.000819919993	5
581	184363091	267.000840399992	5
581	186832260	270.000406639997	5
581	186834161	270.000819919993	5
581	186834238	270.000840399992	5
581	189522510	273.000467519988	5
581	189526236	273.001195439973	5
581	189526569	273.001237679969	5
581	192212890	276.000467519988	5
581	192216712	276.001195439973	5
581	192217172	276.001237679969	5
581	194903270	279.000467519988	5
581	194907100	279.001195439973	5
581	194907481	279.001237679969	5
581	197594289	282.000534159994	5
581	197598246	282.001184759976	5
581	197599131	282.001271639968	5
581	200285668	285.000467519988	5
581	200289490	285.001195439973	5
581	200289950	285.001237679969	5
581	202976048	288.000467519988	5
581	202979870	288.001195439973	5
581	202980330	288.001237679969	5
581	205666428	291.000467519988	5
581	205670250	291.001195439973	5
581	205670710	291.001237679969	5
581	208356808	294.000467519988	5
581	208360630	294.001195439973	5
581	208361090	294.001237679969	5
581	211047188	297.000467519988	5
581	211051010	297.001195439973	5
581	211051470	297.001237679969	5
581	213455323	300.000467519988	5
581	213459136	300.001195439973	5
581	213459583	300.001237679969	5
