606	3297	0.00035003999	5
606	3709	0.00041763999	5
606	4376	3.000426959997	5
606	5086	3.000767999994	5
606	5122	3.000788479993	5
606	5670	6.000426959997	5
606	6380	6.000767999994	5
606	6416	6.000788479993	5
606	6964	9.000426959997	5
606	7674	9.000767999994	5
606	7710	9.000788479993	5
606	8258	12.000426959997	5
606	8968	12.000767999994	5
606	9004	12.000788479993	5
606	9552	15.000426959997	5
606	10262	15.000767999994	5
606	10298	15.000788479993	5
606	10846	18.000426959997	5
606	11556	18.000767999994	5
606	11592	18.000788479993	5
606	12140	21.000426959997	5
606	12850	21.000767999994	5
606	12886	21.000788479993	5
606	13434	24.000426959997	5
606	14144	24.000767999994	5
606	14180	24.000788479993	5
606	14728	27.000426959997	5
606	15438	27.000767999994	5
606	15474	27.000788479993	5
606	18161	30.000562719995	5
606	19830	30.000991119989	5
606	19866	30.001011599988	5
606	20414	33.000426959997	5
606	21124	33.000767999994	5
606	21160	33.000788479993	5
606	21708	36.000426959997	5
606	22418	36.000767999994	5
606	22454	36.000788479993	5
606	23002	39.000426959997	5
606	23712	39.000767999994	5
606	23748	39.000788479993	5
606	24296	42.000426959997	5
606	25006	42.000767999994	5
606	25042	42.000788479993	5
606	25590	45.000426959997	5
606	26300	45.000767999994	5
606	26336	45.000788479993	5
606	26884	48.000426959997	5
606	27594	48.000767999994	5
606	27630	48.000788479993	5
606	28178	51.000426959997	5
606	28888	51.000767999994	5
606	28924	51.000788479993	5
606	29472	54.000426959997	5
606	30182	54.000767999994	5
606	30218	54.000788479993	5
606	30766	57.000426959997	5
606	31476	57.000767999994	5
606	31512	57.000788479993	5
606	327689	60.000426959997	5
606	330438	60.000801679991	5
606	330486	60.00080839999	5
606	3015568	63.000560559994	5
606	3018057	63.001177599984	5
606	3018327	63.001247199982	5
606	5704841	66.000462399995	5
606	5706285	66.000875679991	5
606	5706337	66.00089615999	5
606	8394472	69.000462399995	5
606	8395916	69.000875679991	5
606	8395968	69.00089615999	5
606	11084103	72.000462399995	5
606	11085547	72.000875679991	5
606	11085599	72.00089615999	5
606	13773734	75.000462399995	5
606	13775178	75.000875679991	5
606	13775230	75.00089615999	5
606	16463365	78.000462399995	5
606	16464809	78.000875679991	5
606	16464861	78.00089615999	5
606	19152996	81.000462399995	5
606	19154440	81.000875679991	5
606	19154492	81.00089615999	5
606	21842627	84.000462399995	5
606	21844071	84.000875679991	5
606	21844123	84.00089615999	5
606	24532258	87.000462399995	5
606	24533702	87.000875679991	5
606	24533754	87.00089615999	5
606	27002275	90.000462399995	5
606	27005312	90.001101839985	5
606	27005342	90.001108559984	5
606	29691562	93.000469199996	5
606	29693960	93.000905759992	5
606	29694117	93.000926239991	5
606	32379952	96.000328719999	5
606	32381194	96.000646157767	5
606	32381346	96.000687117765	5
606	35068167	99.000328719999	5
606	35069409	99.000646157767	5
606	35069561	99.000687117765	5
606	37756382	102.000328719999	5
606	37757624	102.000646157767	5
606	37757776	102.000687117765	5
606	40444597	105.000328719999	5
606	40445839	105.000646157767	5
606	40445991	105.000687117765	5
606	43132812	108.000328719999	5
606	43134054	108.000646157767	5
606	43134206	108.000687117765	5
606	45821027	111.000328719999	5
606	45822269	111.000646157767	5
606	45822421	111.000687117765	5
606	48509242	114.000328719999	5
606	48510484	114.000646157767	5
606	48510636	114.000687117765	5
606	51197457	117.000328719999	5
606	51198699	117.000646157767	5
606	51198851	117.000687117765	5
606	53666073	120.000420079995	5
606	53667847	120.000785279994	5
606	53668120	120.000826239992	5
606	56355267	123.000505599994	5
606	56358724	123.001207277772	5
606	56358909	123.00125719777	5
606	59045961	126.000621719993	5
606	59049158	126.001307199984	5
606	59049167	126.001313919983	5
606	61734754	129.000505599994	5
606	61736931	129.001106079984	5
606	61737292	129.001138719985	5
606	64423530	132.000505599994	5
606	64425707	132.001106079984	5
606	64426068	132.001138719985	5
606	67112306	135.000505599994	5
606	67114483	135.001106079984	5
606	67114844	135.001138719985	5
606	69801082	138.000505599994	5
606	69803259	138.001106079984	5
606	69803620	138.001138719985	5
606	72489858	141.000505599994	5
606	72492035	141.001106079984	5
606	72492396	141.001138719985	5
606	75178634	144.000505599994	5
606	75180811	144.001106079984	5
606	75181172	144.001138719985	5
606	77867410	147.000505599994	5
606	77869587	147.001106079984	5
606	77869948	147.001138719985	5
606	80274167	150.000505599994	5
606	80276358	150.001106079984	5
606	80276798	150.001138879985	5
606	82959242	153.000328719999	5
606	82960601	153.000646155545	5
606	82960822	153.000687115543	5
606	85651269	156.000469199996	5
606	85653191	156.000912319991	5
606	85653338	156.000953279989	5
606	88342596	159.000328719999	5
606	88343955	159.000646155545	5
606	88344112	159.000687115543	5
606	91033594	162.000328719999	5
606	91034953	162.000646155545	5
606	91035110	162.000687115543	5
606	93724592	165.000328719999	5
606	93725951	165.000646155545	5
606	93726108	165.000687115543	5
606	96415590	168.000328719999	5
606	96416949	168.000646155545	5
606	96417106	168.000687115543	5
606	99106588	171.000328719999	5
606	99107947	171.000646155545	5
606	99108104	171.000687115543	5
606	101797586	174.000328719999	5
606	101798945	174.000646155545	5
606	101799102	174.000687115543	5
606	104488584	177.000328719999	5
606	104489943	177.000646155545	5
606	104490100	177.000687115543	5
606	106897563	180.000328719999	5
606	106898922	180.000646155545	5
606	106899079	180.000687115543	5
606	109585422	183.000523439992	5
606	109588137	183.001131439978	5
606	109589375	183.001292475537	5
606	112275937	186.000523439992	5
606	112280389	186.001305355532	5
606	112280446	186.001312075531	5
606	114967540	189.000597119994	5
606	114970969	189.001247599985	5
606	114970995	189.001254319984	5
606	117657449	192.000523439992	5
606	117660164	192.001131439978	5
606	117661402	192.001292475537	5
606	120347900	195.000523439992	5
606	120350615	195.001131439978	5
606	120351853	195.001292475537	5
606	123038351	198.000523439992	5
606	123041066	198.001131439978	5
606	123042304	198.001292475537	5
606	125728802	201.000523439992	5
606	125731517	201.001131439978	5
606	125732755	201.001292475537	5
606	128419253	204.000523439992	5
606	128421968	204.001131439978	5
606	128423206	204.001292475537	5
606	131109704	207.000523439992	5
606	131112419	207.001131439978	5
606	131113657	207.001292475537	5
606	133518136	210.000523439992	5
606	133520854	210.001131439978	5
606	133521588	210.001257515538	5
606	136203735	213.000328719999	5
606	136205102	213.000646155545	5
606	136205227	213.000687115543	5
606	138894733	216.000328719999	5
606	138896100	216.000646155545	5
606	138896225	216.000687115543	5
606	141586768	219.000469199996	5
606	141588530	219.000912319991	5
606	141588677	219.000953279989	5
606	144278119	222.000328719999	5
606	144279486	222.000646155545	5
606	144279611	222.000687115543	5
606	146969117	225.000328719999	5
606	146970484	225.000646155545	5
606	146970609	225.000687115543	5
606	149660115	228.000328719999	5
606	149661482	228.000646155545	5
606	149661607	228.000687115543	5
606	152351113	231.000328719999	5
606	152352480	231.000646155545	5
606	152352605	231.000687115543	5
606	155042111	234.000328719999	5
606	155043478	234.000646155545	5
606	155043603	234.000687115543	5
606	157733109	237.000328719999	5
606	157734476	237.000646155545	5
606	157734601	237.000687115543	5
606	160141987	240.000328719999	5
606	160143904	240.000671999997	5
606	160143922	240.000678719996	5
606	162831242	243.000587395544	5
606	162834935	243.00133575553	5
606	162834970	243.001342475529	5
606	165522193	246.000523439992	5
606	165525192	246.001205039974	5
606	165525835	246.001266559967	5
606	168213494	249.000523439992	5
606	168217996	249.001342395529	5
606	168218031	249.001349115528	5
606	170906187	252.000597199994	5
606	170909457	252.001286159964	5
606	170909505	252.001292879963	5
606	173596834	255.000523439992	5
606	173599833	255.001205039974	5
606	173600476	255.001266559967	5
606	176288071	258.000523439992	5
606	176291070	258.001205039974	5
606	176291713	258.001266559967	5
606	178979308	261.000523439992	5
606	178982307	261.001205039974	5
606	178982950	261.001266559967	5
606	181670545	264.000523439992	5
606	181673544	264.001205039974	5
606	181674187	264.001266559967	5
606	184361782	267.000523439992	5
606	184364781	267.001205039974	5
606	184365424	267.001266559967	5
606	186832929	270.000523439992	5
606	186835729	270.001205039974	5
606	186836590	270.001266559967	5
606	189522548	273.000480239993	5
606	189525008	273.000959679979	5
606	189525771	273.001142879979	5
606	192213000	276.000480239993	5
606	192215388	276.000959679979	5
606	192216247	276.001142879979	5
606	194903380	279.000480239993	5
606	194905896	279.000959679979	5
606	194906627	279.001142879979	5
606	197594824	282.000606319993	5
606	197599875	282.001328999979	5
606	197600047	282.001349479978	5
606	200285778	285.000480239993	5
606	200288166	285.000959679979	5
606	200289025	285.001142879979	5
606	202976158	288.000480239993	5
606	202978546	288.000959679979	5
606	202979405	288.001142879979	5
606	205666538	291.000480239993	5
606	205668926	291.000959679979	5
606	205669785	291.001142879979	5
606	208356918	294.000480239993	5
606	208359306	294.000959679979	5
606	208360165	294.001142879979	5
606	211047298	297.000480239993	5
606	211049686	297.000959679979	5
606	211050545	297.001142879979	5
606	213455433	300.000480239993	5
606	213457821	300.000959679979	5
606	213458683	300.001142879979	5
