134	16931	30.000281039997	0.000136559997
134	837519	60.000632399995	0.000169199996
134	837521	60.000632399995	0.000148719997
134	30508639	93.000285839998	0.000141359998
134	57409360	123.000702879988	0.000131679996
134	57409571	123.000735039986	0.000122879996
134	84312347	153.000734555536	5.5279999e-05
134	84312866	153.000819515534	7.7995546e-05
134	84315274	153.001289275524	3.9199999e-05
134	113914499	186.000285839998	0.000141359998
134	140849427	216.000741355535	0.000131679996
134	140849562	216.000773435533	0.000143279995
134	167786975	246.001262075516	5.1199997e-05
134	167786977	246.001262075516	3.2959999e-05
134	170477052	249.000277199995	0.000132719995
134	194722188	276.001285181466	5.1279999e-05
134	197412844	279.00054045938	3.9199999e-05
134	197413905	279.000747579376	0.000131679996
134	197414037	279.000779579374	0.000143199995
