234	16966	30.000281919996	0.000136479997
234	838399	60.000789519987	0.000169199996
234	838401	60.000789519987	0.000148719997
234	27822509	90.001058639985	4.5602227e-05
234	30508659	93.000286799997	0.000141359998
234	57409379	123.000703839987	0.000131679996
234	57409591	123.000735839985	0.000122719996
234	81622570	150.001094559979	4.9684447e-05
234	84312168	153.000721999988	7.0404452e-05
234	113914517	186.000286719997	0.000141279998
234	140849499	216.000762795533	0.000131679996
234	140849719	216.000794795531	0.000143199995
234	170477071	249.000281919996	0.000136479997
234	197414106	279.000785739376	0.000131679996
234	197414213	279.000817739374	0.000143199995
