295	1237	0.000072639997	6.6879997e-05
295	1238	0.000072639997	6.6879997e-05
295	1925	0.000133359996	4.9199999e-05
295	1927	0.000133359996	4.9199999e-05
295	18841	30.000618559993	0.000125039997
295	19417	30.000705759992	0.000191759997
295	19572	30.000735839991	0.000144079997
295	19782	30.000767839989	0.000155599996
295	3525706	63.000269919997	0.000221759997
295	3525808	63.000285679996	0.000237519996
295	30509578	93.000488639995	0.000131679996
295	30509803	93.000520639993	0.000143199995
295	30512416	93.000870077758	0.000131679996
295	30512550	93.000902077756	0.000143199995
295	54717435	120.000482559994	2.7679999e-05
295	54719114	120.000767117766	2.7679999e-05
295	57411529	123.001096159982	0.000131679996
295	57411698	123.00112815998	0.000143199995
295	60098715	126.000189439998	0.000141279998
295	87001428	156.000196159997	0.000147999997
295	87005307	156.000897035525	0.000131679996
295	87005528	156.000929035523	0.000143199995
295	113920553	186.001561275507	0.000131679996
295	113920996	186.001623835504	0.000173759994
295	113921140	186.001653915503	0.000191839992
295	113921387	186.001685915501	0.000203359991
295	140854276	216.001805755531	0.000131679996
295	140854364	216.001837755529	0.000143199995
295	143541811	219.000189439998	0.000141279998
295	162400141	240.001456719957	2.7679999e-05
295	162401383	240.001785679948	2.7679999e-05
295	170476606	249.000196159997	0.000147999997
295	170483381	249.001577515511	0.000131679996
295	170483529	249.001609515509	0.000143199995
295	192029388	273.001379999963	4.5376395e-05
295	197417770	279.001474859383	0.000125039997
295	197417953	279.001506859381	0.000136559996
295	200106094	282.000189439998	0.000141279998
