356	1240	0.000072639997	6.6879997e-05
356	1241	0.000072639997	6.6879997e-05
356	1929	0.000133359996	4.9199999e-05
356	1931	0.000133359996	4.9199999e-05
356	19201	30.000667679992	0.000125039997
356	19728	30.000754959991	0.000191839997
356	19837	30.00078503999	0.000144079997
356	19923	30.000817039988	0.000155599996
356	3525709	63.000269919997	0.000221759997
356	3525810	63.000285679996	0.000237519996
356	27822527	90.001058719985	4.6642226e-05
356	30511056	93.000696479989	0.000125039997
356	30511903	93.000788397765	0.000196477774
356	30512140	93.000818477764	0.000144079997
356	30512329	93.000850477762	0.000155599996
356	54717437	120.000482559994	2.7679999e-05
356	54717575	120.000500799992	2.7679999e-05
356	60098910	126.000269919997	0.000221759997
356	60098937	126.000285679996	0.000237519996
356	87003826	156.000655995534	0.000131679996
356	87004748	156.000791675532	0.000259439992
356	87004750	156.000791675532	0.000246879995
356	87004752	156.000791675532	0.000238959993
356	113916551	186.000739115532	0.000134875541
356	113916662	186.00077111553	0.00014639554
356	116609164	189.000189439998	0.000141279998
356	143541896	219.000196159997	0.000147999997
356	143544224	219.000686799988	0.000131679996
356	143544331	219.000718799986	0.000143199995
356	162396399	240.000580879985	2.7679999e-05
356	165088527	243.000033439999	2.7679999e-05
356	170479370	249.000765119985	0.000133359998
356	170479552	249.000797119983	0.000144879997
356	173171276	252.000189439998	0.000141279998
356	200106179	282.000196159997	0.000147999997
356	200108576	282.000706377267	0.000131679996
356	200108657	282.000738377265	0.000143199995
