564	3184	0.00033171999	5
564	3657	0.000406039989	5
564	4264	3.000377839998	5
564	4963	3.000698399996	5
564	4999	3.000718879995	5
564	5558	6.000377839998	5
564	6257	6.000698399996	5
564	6293	6.000718879995	5
564	6852	9.000377839998	5
564	7551	9.000698399996	5
564	7587	9.000718879995	5
564	8146	12.000377839998	5
564	8845	12.000698399996	5
564	8881	12.000718879995	5
564	9440	15.000377839998	5
564	10139	15.000698399996	5
564	10175	15.000718879995	5
564	10734	18.000377839998	5
564	11433	18.000698399996	5
564	11469	18.000718879995	5
564	12028	21.000377839998	5
564	12727	21.000698399996	5
564	12763	21.000718879995	5
564	13322	24.000377839998	5
564	14021	24.000698399996	5
564	14057	24.000718879995	5
564	14616	27.000377839998	5
564	15315	27.000698399996	5
564	15351	27.000718879995	5
564	17978	30.000512399995	5
564	19707	30.000921519991	5
564	19743	30.00094199999	5
564	20302	33.000377839998	5
564	21001	33.000698399996	5
564	21037	33.000718879995	5
564	21596	36.000377839998	5
564	22295	36.000698399996	5
564	22331	36.000718879995	5
564	22890	39.000377839998	5
564	23589	39.000698399996	5
564	23625	39.000718879995	5
564	24184	42.000377839998	5
564	24883	42.000698399996	5
564	24919	42.000718879995	5
564	25478	45.000377839998	5
564	26177	45.000698399996	5
564	26213	45.000718879995	5
564	26772	48.000377839998	5
564	27471	48.000698399996	5
564	27507	48.000718879995	5
564	28066	51.000377839998	5
564	28765	51.000698399996	5
564	28801	51.000718879995	5
564	29360	54.000377839998	5
564	30059	54.000698399996	5
564	30095	54.000718879995	5
564	30654	57.000377839998	5
564	31353	57.000698399996	5
564	31389	57.000718879995	5
564	327428	60.000377839998	5
564	329872	60.000746959993	5
564	329952	60.000753679992	5
564	330015	60.000760399991	5
564	3015938	63.000377839998	5
564	3017020	63.000679279991	5
564	3017063	63.00069975999	5
564	5704033	66.000377839998	5
564	5705246	66.000677919997	5
564	5705337	66.000698399996	5
564	8392146	69.000377839998	5
564	8393359	69.000677919997	5
564	8393450	69.000698399996	5
564	11080259	72.000377839998	5
564	11081472	72.000677919997	5
564	11081563	72.000698399996	5
564	13768372	75.000377839998	5
564	13769585	75.000677919997	5
564	13769676	75.000698399996	5
564	16456485	78.000377839998	5
564	16457698	78.000677919997	5
564	16457789	78.000698399996	5
564	19144598	81.000377839998	5
564	19145811	81.000677919997	5
564	19145902	81.000698399996	5
564	21832711	84.000377839998	5
564	21833924	84.000677919997	5
564	21834015	84.000698399996	5
564	24520824	87.000377839998	5
564	24522037	87.000677919997	5
564	24522128	87.000698399996	5
564	26989310	90.000377839998	5
564	26990575	90.000677919997	5
564	26990696	90.000698399996	5
564	29680579	93.001312317765	5
564	29683559	93.002314717754	5
564	29683697	93.002339917751	5
564	32371289	96.001312317765	5
564	32374269	96.002314717754	5
564	32374407	96.002339917751	5
564	35061999	99.001312317765	5
564	35064979	99.002314717754	5
564	35065117	99.002339917751	5
564	37752709	102.001312317765	5
564	37755689	102.002314717754	5
564	37755827	102.002339917751	5
564	40443419	105.001312317765	5
564	40446399	105.002314717754	5
564	40446537	105.002339917751	5
564	43134129	108.001312317765	5
564	43137109	108.002314717754	5
564	43137247	108.002339917751	5
564	45824839	111.001312317765	5
564	45827819	111.002314717754	5
564	45827957	111.002339917751	5
564	48515549	114.001312317765	5
564	48518529	114.002314717754	5
564	48518667	114.002339917751	5
564	51206259	117.001312317765	5
564	51209239	117.002314717754	5
564	51209377	117.002339917751	5
564	53677219	120.001370479982	5
564	53677947	120.001826959977	5
564	53677983	120.001847439976	5
564	56361095	123.000377839998	5
564	56363951	123.000862479992	5
564	56364039	123.000882959991	5
564	59051929	126.000377839998	5
564	59053309	126.000679279991	5
564	59053344	126.00069975999	5
564	61741237	129.000377839998	5
564	61742737	129.000677919997	5
564	61742819	129.000698399996	5
564	64430301	132.000377839998	5
564	64431801	132.000677919997	5
564	64431883	132.000698399996	5
564	67119365	135.000377839998	5
564	67120865	135.000677919997	5
564	67120947	135.000698399996	5
564	69808429	138.000377839998	5
564	69809929	138.000677919997	5
564	69810011	138.000698399996	5
564	72497493	141.000377839998	5
564	72498993	141.000677919997	5
564	72499075	141.000698399996	5
564	75186557	144.000377839998	5
564	75188057	144.000677919997	5
564	75188139	144.000698399996	5
564	77875621	147.000377839998	5
564	77877121	147.000677919997	5
564	77877203	147.000698399996	5
564	80282666	150.000377839998	5
564	80284166	150.000677919997	5
564	80284248	150.000698399996	5
564	82972654	153.001312315543	5
564	82976130	153.002313675548	5
564	82976268	153.002338875545	5
564	85664882	156.001312315543	5
564	85667862	156.002314715532	5
564	85668000	156.002339915529	5
564	88355880	159.001312315543	5
564	88358860	159.002314715532	5
564	88358998	159.002339915529	5
564	91046878	162.001312315543	5
564	91049858	162.002314715532	5
564	91049996	162.002339915529	5
564	93737876	165.001312315543	5
564	93740856	165.002314715532	5
564	93740994	165.002339915529	5
564	96428874	168.001312315543	5
564	96431854	168.002314715532	5
564	96431992	168.002339915529	5
564	99119872	171.001312315543	5
564	99122852	171.002314715532	5
564	99122990	171.002339915529	5
564	101810870	174.001312315543	5
564	101813850	174.002314715532	5
564	101813988	174.002339915529	5
564	104501868	177.001312315543	5
564	104504848	177.002314715532	5
564	104504986	177.002339915529	5
564	106910774	180.001312315543	5
564	106912413	180.001837475535	5
564	106912422	180.001844195534	5
564	109596305	183.000690555537	5
564	109599685	183.001247875547	5
564	109600392	183.001329195528	5
564	112288020	186.000683915538	5
564	112292251	186.00130035553	5
564	112292370	186.001307075529	5
564	114979883	189.000682639986	5
564	114983664	189.001284079971	5
564	114983757	189.00129079997	5
564	117671131	192.000690555537	5
564	117674511	192.001247875547	5
564	117675218	192.001329195528	5
564	120362319	195.000690555537	5
564	120365699	195.001247875547	5
564	120366406	195.001329195528	5
564	123053507	198.000690555537	5
564	123056887	198.001247875547	5
564	123057594	198.001329195528	5
564	125744695	201.000690555537	5
564	125748075	201.001247875547	5
564	125748782	201.001329195528	5
564	128435883	204.000690555537	5
564	128439263	204.001247875547	5
564	128439970	204.001329195528	5
564	131127071	207.000690555537	5
564	131130451	207.001247875547	5
564	131131158	207.001329195528	5
564	133536240	210.000690555537	5
564	133539488	210.001241155548	5
564	133539721	210.001277795548	5
564	136226065	213.001247875547	5
564	136228848	213.002225275535	5
564	136228857	213.002231995534	5
564	138917391	216.001247875547	5
564	138920816	216.00222395555	5
564	138920825	216.002230675549	5
564	141609894	219.001213199977	5
564	141612883	219.002225275535	5
564	141612892	219.002231995534	5
564	144301384	222.001247875547	5
564	144304167	222.002225275535	5
564	144304176	222.002231995534	5
564	146992668	225.001247875547	5
564	146995451	225.002225275535	5
564	146995460	225.002231995534	5
564	149683952	228.001247875547	5
564	149686735	228.002225275535	5
564	149686744	228.002231995534	5
564	152375236	231.001247875547	5
564	152378019	231.002225275535	5
564	152378028	231.002231995534	5
564	155066520	234.001247875547	5
564	155069303	234.002225275535	5
564	155069312	234.002231995534	5
564	157757804	237.001247875547	5
564	157760587	237.002225275535	5
564	157760596	237.002231995534	5
564	160168174	240.001384475541	5
564	160170282	240.002301715522	5
564	160170296	240.002308435521	5
564	162854214	243.000954439986	5
564	162858598	243.001970755538	5
564	162858612	243.001977475537	5
564	165545998	246.000975919989	5
564	165550246	246.001970755538	5
564	165550260	246.001977475537	5
564	168238383	249.000982559988	5
564	168242537	249.001970835538	5
564	168242551	249.001977555537	5
564	170930122	252.000975919989	5
564	170934330	252.001970755538	5
564	170934344	252.001977475537	5
564	173621730	255.000975919989	5
564	173625914	255.001970755538	5
564	173625928	255.001977475537	5
564	176313314	258.000975919989	5
564	176317498	258.001970754132	5
564	176317512	258.001977474131	5
564	179004898	261.000975919989	5
564	179009082	261.001970752025	5
564	179009096	261.001977472024	5
564	181696482	264.000975919989	5
564	181700666	264.001970749917	5
564	181700680	264.001977469916	5
564	184388066	267.000975919989	5
564	184392250	267.00197074781	5
564	184392264	267.001977467809	5
564	186859488	270.000975919989	5
564	186864417	270.002301745693	5
564	186864431	270.002308465692	5
564	189549634	273.001016319981	5
564	189553193	273.001970663595	5
564	189553207	273.001977383594	5
564	192240755	276.001016319981	5
564	192244218	276.001970661487	5
564	192244232	276.001977381486	5
564	194931844	279.001016319981	5
564	194935821	279.001964019381	5
564	194935835	279.00197073938	5
564	197623800	282.000951817275	5
564	197627674	282.001977297272	5
564	197627688	282.001984017271	5
564	200315236	285.001016319981	5
564	200318699	285.001970655166	5
564	200318713	285.001977375165	5
564	203006261	288.001016319981	5
564	203009724	288.001970653058	5
564	203009738	288.001977373057	5
564	205697286	291.001016319981	5
564	205700749	291.001970650951	5
564	205700763	291.00197737095	5
564	208388311	294.001016319981	5
564	208391774	294.001970648843	5
564	208391788	294.001977368842	5
564	211079336	297.001016319981	5
564	211082799	297.001970646736	5
564	211082813	297.001977366735	5
564	213488116	300.001016319981	5
564	213490834	300.001754284629	5
564	213490848	300.001761004628	5
