520	4601	3.000530879999	0.000530879999
520	4787	3.000600479997	0.000600479997
520	4926	3.000670079995	0.000670079995
520	5048	3.000739679993	0.000739679993
520	5895	6.000530879999	0.000530879999
520	6081	6.000600479997	0.000600479997
520	6220	6.000670079995	0.000670079995
520	6342	6.000739679993	0.000739679993
520	7189	9.000530879999	0.000530879999
520	7375	9.000600479997	0.000600479997
520	7514	9.000670079995	0.000670079995
520	7636	9.000739679993	0.000739679993
520	8483	12.000530879999	0.000530879999
520	8669	12.000600479997	0.000600479997
520	8808	12.000670079995	0.000670079995
520	8930	12.000739679993	0.000739679993
520	9777	15.000530879999	0.000530879999
520	9963	15.000600479997	0.000600479997
520	10102	15.000670079995	0.000670079995
520	10224	15.000739679993	0.000739679993
520	11071	18.000530879999	0.000530879999
520	11257	18.000600479997	0.000600479997
520	11396	18.000670079995	0.000670079995
520	11518	18.000739679993	0.000739679993
520	12365	21.000530879999	0.000530879999
520	12551	21.000600479997	0.000600479997
520	12690	21.000670079995	0.000670079995
520	12812	21.000739679993	0.000739679993
520	13659	24.000530879999	0.000530879999
520	13845	24.000600479997	0.000600479997
520	13984	24.000670079995	0.000670079995
520	14106	24.000739679993	0.000739679993
520	14953	27.000530879999	0.000530879999
520	15139	27.000600479997	0.000600479997
520	15278	27.000670079995	0.000670079995
520	15400	27.000739679993	0.000739679993
520	16247	30.000530879999	0.000530879999
520	16433	30.000600479997	0.000600479997
520	16572	30.000670079995	0.000670079995
520	16694	30.000739679993	0.000739679993
520	17541	33.000530879999	0.000530879999
520	17727	33.000600479997	0.000600479997
520	17866	33.000670079995	0.000670079995
520	17988	33.000739679993	0.000739679993
520	18835	36.000530879999	0.000530879999
520	19021	36.000600479997	0.000600479997
520	19160	36.000670079995	0.000670079995
520	19282	36.000739679993	0.000739679993
520	20129	39.000530879999	0.000530879999
520	20315	39.000600479997	0.000600479997
520	20454	39.000670079995	0.000670079995
520	20576	39.000739679993	0.000739679993
520	21423	42.000530879999	0.000530879999
520	21609	42.000600479997	0.000600479997
520	21748	42.000670079995	0.000670079995
520	21870	42.000739679993	0.000739679993
520	22717	45.000530879999	0.000530879999
520	22903	45.000600479997	0.000600479997
520	23042	45.000670079995	0.000670079995
520	23164	45.000739679993	0.000739679993
520	24011	48.000530879999	0.000530879999
520	24197	48.000600479997	0.000600479997
520	24336	48.000670079995	0.000670079995
520	24458	48.000739679993	0.000739679993
520	25305	51.000530879999	0.000530879999
520	25491	51.000600479997	0.000600479997
520	25630	51.000670079995	0.000670079995
520	25752	51.000739679993	0.000739679993
520	26599	54.000530879999	0.000530879999
520	26785	54.000600479997	0.000600479997
520	26924	54.000670079995	0.000670079995
520	27046	54.000739679993	0.000739679993
520	27893	57.000530879999	0.000530879999
520	28079	57.000600479997	0.000600479997
520	28218	57.000670079995	0.000670079995
520	28340	57.000739679993	0.000739679993
520	836738	60.000954239985	0.000954239985
520	837410	60.001196799536	0.001196799536
520	837959	60.001266399534	0.001266399534
520	838146	60.001286879533	0.001286879533
520	3524689	63.000578718212	0.000578718212
520	3525435	63.000707519995	0.000707519995
520	3525699	63.000727999994	0.000727999994
520	3526708	63.00092423821	0.00092423821
520	6213182	66.000578717767	0.000578717767
520	6213928	66.000707519995	0.000707519995
520	6214192	66.000727999994	0.000727999994
520	6215201	66.000924237765	0.000924237765
520	8901675	69.000578717767	0.000578717767
520	8902421	69.000707519995	0.000707519995
520	8902685	69.000727999994	0.000727999994
520	8903694	69.000924237765	0.000924237765
520	11590168	72.000578717767	0.000578717767
520	11590914	72.000707519995	0.000707519995
520	11591178	72.000727999994	0.000727999994
520	11592187	72.000924237765	0.000924237765
520	14278661	75.000578717767	0.000578717767
520	14279407	75.000707519995	0.000707519995
520	14279671	75.000727999994	0.000727999994
520	14280680	75.000924237765	0.000924237765
520	16967154	78.000578717767	0.000578717767
520	16967900	78.000707519995	0.000707519995
520	16968164	78.000727999994	0.000727999994
520	16969173	78.000924237765	0.000924237765
520	19655647	81.000578717767	0.000578717767
520	19656393	81.000707519995	0.000707519995
520	19656657	81.000727999994	0.000727999994
520	19657666	81.000924237765	0.000924237765
520	22344140	84.000578717767	0.000578717767
520	22344886	84.000707519995	0.000707519995
520	22345150	84.000727999994	0.000727999994
520	22346159	84.000924237765	0.000924237765
520	25032633	87.000578717767	0.000578717767
520	25033379	87.000707519995	0.000707519995
520	25033643	87.000727999994	0.000727999994
520	25034652	87.000924237765	0.000924237765
520	27721474	90.000572077768	0.000572077768
520	27721790	90.000668319996	0.000668319996
520	27722736	90.000841677768	0.000841677768
520	27723178	90.000924237765	0.000924237765
520	30410010	93.000578717767	0.000578717767
520	30410756	93.000707519995	0.000707519995
520	30411020	93.000727999994	0.000727999994
520	30412029	93.000924237765	0.000924237765
520	33098503	96.000578717767	0.000578717767
520	33099249	96.000707519995	0.000707519995
520	33099513	96.000727999994	0.000727999994
520	33100522	96.000924237765	0.000924237765
520	35786996	99.000578717767	0.000578717767
520	35787742	99.000707519995	0.000707519995
520	35788006	99.000727999994	0.000727999994
520	35789015	99.000924237765	0.000924237765
520	38475489	102.000578717767	0.000578717767
520	38476235	102.000707519995	0.000707519995
520	38476499	102.000727999994	0.000727999994
520	38477508	102.000924237765	0.000924237765
520	41163982	105.000578717767	0.000578717767
520	41164728	105.000707519995	0.000707519995
520	41164992	105.000727999994	0.000727999994
520	41166001	105.000924237765	0.000924237765
520	43852475	108.000578717767	0.000578717767
520	43853221	108.000707519995	0.000707519995
520	43853485	108.000727999994	0.000727999994
520	43854494	108.000924237765	0.000924237765
520	46540968	111.000578717767	0.000578717767
520	46541714	111.000707519995	0.000707519995
520	46541978	111.000727999994	0.000727999994
520	46542987	111.000924237765	0.000924237765
520	49229461	114.000578717767	0.000578717767
520	49230207	114.000707519995	0.000707519995
520	49230471	114.000727999994	0.000727999994
520	49231480	114.000924237765	0.000924237765
520	51917954	117.000578717767	0.000578717767
520	51918700	117.000707519995	0.000707519995
520	51918964	117.000727999994	0.000727999994
520	51919973	117.000924237765	0.000924237765
520	54704547	120.000907757759	0.000907757759
520	54705711	120.001172559983	0.001172559983
520	54706200	120.00124887998	0.00124887998
520	54707989	120.001843597754	0.001843597754
520	57396132	123.000831039989	0.000831039989
520	57396489	123.000900639987	0.000900639987
520	57397149	123.000970239985	0.000970239985
520	57398447	123.001217759983	0.001217759983
520	60085075	126.000681359992	0.000681359992
520	60086199	126.000930399985	0.000930399985
520	60086658	126.000999999983	0.000999999983
520	60086703	126.001020479982	0.001020479982
520	62774375	129.000681359992	0.000681359992
520	62775499	129.000930399985	0.000930399985
520	62775958	129.000999999983	0.000999999983
520	62776003	129.001020479982	0.001020479982
520	65463675	132.000681359992	0.000681359992
520	65464799	132.000930399985	0.000930399985
520	65465258	132.000999999983	0.000999999983
520	65465303	132.001020479982	0.001020479982
520	68152975	135.000681359992	0.000681359992
520	68154099	135.000930399985	0.000930399985
520	68154558	135.000999999983	0.000999999983
520	68154603	135.001020479982	0.001020479982
520	70842275	138.000681359992	0.000681359992
520	70843399	138.000930399985	0.000930399985
520	70843858	138.000999999983	0.000999999983
520	70843903	138.001020479982	0.001020479982
520	73531575	141.000681359992	0.000681359992
520	73532699	141.000930399985	0.000930399985
520	73533158	141.000999999983	0.000999999983
520	73533203	141.001020479982	0.001020479982
520	76220875	144.000681359992	0.000681359992
520	76221999	144.000930399985	0.000930399985
520	76222458	144.000999999983	0.000999999983
520	76222503	144.001020479982	0.001020479982
520	78910175	147.000681359992	0.000681359992
520	78911299	147.000930399985	0.000930399985
520	78911758	147.000999999983	0.000999999983
520	78911803	147.001020479982	0.001020479982
520	81599475	150.000681359992	0.000681359992
520	81600599	150.000930399985	0.000930399985
520	81601058	150.000999999983	0.000999999983
520	81601103	150.001020479982	0.001020479982
520	84288775	153.000681359992	0.000681359992
520	84289899	153.000930399985	0.000930399985
520	84290358	153.000999999983	0.000999999983
520	84290403	153.001020479982	0.001020479982
520	86978075	156.000681359992	0.000681359992
520	86979199	156.000930399985	0.000930399985
520	86979658	156.000999999983	0.000999999983
520	86979703	156.001020479982	0.001020479982
520	89667375	159.000681359992	0.000681359992
520	89668499	159.000930399985	0.000930399985
520	89668958	159.000999999983	0.000999999983
520	89669003	159.001020479982	0.001020479982
520	92356675	162.000681359992	0.000681359992
520	92357799	162.000930399985	0.000930399985
520	92358258	162.000999999983	0.000999999983
520	92358303	162.001020479982	0.001020479982
520	95045975	165.000681359992	0.000681359992
520	95047099	165.000930399985	0.000930399985
520	95047558	165.000999999983	0.000999999983
520	95047603	165.001020479982	0.001020479982
520	97735275	168.000681359992	0.000681359992
520	97736399	168.000930399985	0.000930399985
520	97736858	168.000999999983	0.000999999983
520	97736903	168.001020479982	0.001020479982
520	100424575	171.000681359992	0.000681359992
520	100425699	171.000930399985	0.000930399985
520	100426158	171.000999999983	0.000999999983
520	100426203	171.001020479982	0.001020479982
520	103113875	174.000681359992	0.000681359992
520	103114999	174.000930399985	0.000930399985
520	103115458	174.000999999983	0.000999999983
520	103115503	174.001020479982	0.001020479982
520	105803175	177.000681359992	0.000681359992
520	105804299	177.000930399985	0.000930399985
520	105804758	177.000999999983	0.000999999983
520	105804803	177.001020479982	0.001020479982
520	108492744	180.000681359992	0.000681359992
520	108493583	180.00075095999	0.00075095999
520	108495794	180.001185919979	0.001185919979
520	108496814	180.001288315525	0.001288315525
520	111186210	183.001018559979	0.001018559979
520	111187924	183.001267119964	0.001267119964
520	111188073	183.001287599963	0.001287599963
520	111189595	183.001837115542	0.001837115542
520	113876012	186.00069383999	0.00069383999
520	113877428	186.000989119982	0.000989119982
520	113878429	186.001249439977	0.001249439977
520	113880136	186.00184511554	0.00184511554
520	116566553	189.00069383999	0.00069383999
520	116567969	189.000989119982	0.000989119982
520	116568970	189.001249439977	0.001249439977
520	116570677	189.00184511554	0.00184511554
520	119257094	192.00069383999	0.00069383999
520	119258510	192.000989119982	0.000989119982
520	119259511	192.001249439977	0.001249439977
520	119261218	192.00184511554	0.00184511554
520	121947635	195.00069383999	0.00069383999
520	121949051	195.000989119982	0.000989119982
520	121950052	195.001249439977	0.001249439977
520	121951759	195.00184511554	0.00184511554
520	124638176	198.00069383999	0.00069383999
520	124639592	198.000989119982	0.000989119982
520	124640593	198.001249439977	0.001249439977
520	124642300	198.00184511554	0.00184511554
520	127328717	201.00069383999	0.00069383999
520	127330133	201.000989119982	0.000989119982
520	127331134	201.001249439977	0.001249439977
520	127332841	201.00184511554	0.00184511554
520	130019258	204.00069383999	0.00069383999
520	130020674	204.000989119982	0.000989119982
520	130021675	204.001249439977	0.001249439977
520	130023382	204.00184511554	0.00184511554
520	132709799	207.00069383999	0.00069383999
520	132711215	207.000989119982	0.000989119982
520	132712216	207.001249439977	0.001249439977
520	132713923	207.00184511554	0.00184511554
520	135400340	210.00069383999	0.00069383999
520	135401756	210.000989119982	0.000989119982
520	135402757	210.001249439977	0.001249439977
520	135404464	210.00184511554	0.00184511554
520	138090881	213.00069383999	0.00069383999
520	138092297	213.000989119982	0.000989119982
520	138093298	213.001249439977	0.001249439977
520	138095005	213.00184511554	0.00184511554
520	140781422	216.00069383999	0.00069383999
520	140782838	216.000989119982	0.000989119982
520	140783839	216.001249439977	0.001249439977
520	140785546	216.00184511554	0.00184511554
520	143471963	219.00069383999	0.00069383999
520	143473379	219.000989119982	0.000989119982
520	143474380	219.001249439977	0.001249439977
520	143476087	219.00184511554	0.00184511554
520	146162504	222.00069383999	0.00069383999
520	146163920	222.000989119982	0.000989119982
520	146164921	222.001249439977	0.001249439977
520	146166628	222.00184511554	0.00184511554
520	148853045	225.00069383999	0.00069383999
520	148854461	225.000989119982	0.000989119982
520	148855462	225.001249439977	0.001249439977
520	148857169	225.00184511554	0.00184511554
520	151543586	228.00069383999	0.00069383999
520	151545002	228.000989119982	0.000989119982
520	151546003	228.001249439977	0.001249439977
520	151547710	228.00184511554	0.00184511554
520	154234127	231.00069383999	0.00069383999
520	154235543	231.000989119982	0.000989119982
520	154236544	231.001249439977	0.001249439977
520	154238251	231.00184511554	0.00184511554
520	156924668	234.00069383999	0.00069383999
520	156926084	234.000989119982	0.000989119982
520	156927085	234.001249439977	0.001249439977
520	156928792	234.00184511554	0.00184511554
520	159615209	237.00069383999	0.00069383999
520	159616625	237.000989119982	0.000989119982
520	159617626	237.001249439977	0.001249439977
520	159619333	237.00184511554	0.00184511554
520	162306720	240.000876079983	0.000876079983
520	162306770	240.000896559982	0.000896559982
520	162308438	240.001233839968	0.001233839968
520	162312030	240.002150879943	0.002150879943
520	164999688	243.000739439993	0.000739439993
520	164999931	243.000809039991	0.000809039991
520	165004039	243.001648155544	0.001648155544
520	165006306	243.002162635526	0.002162635526
520	167693868	246.000949755539	0.000949755539
520	167693931	246.000970235538	0.000970235538
520	167695546	246.001266875526	0.001266875526
520	167698558	246.002140715537	0.002140715537
520	170384644	249.000558639998	0.000558639998
520	170385089	249.000628239996	0.000628239996
520	170388066	249.001305195527	0.001305195527
520	170390999	249.002161355509	0.002161355509
520	173077019	252.000558639998	0.000558639998
520	173077464	252.000628239996	0.000628239996
520	173080441	252.001305195527	0.001305195527
520	173083374	252.002161355509	0.002161355509
520	175769394	255.000558639998	0.000558639998
520	175769839	255.000628239996	0.000628239996
520	175772816	255.001305195527	0.001305195527
520	175775749	255.002161355509	0.002161355509
520	178461769	258.000558639998	0.000558639998
520	178462214	258.000628239996	0.000628239996
520	178465191	258.001305194122	0.001305194122
520	178468124	258.002161354104	0.002161354104
520	181154144	261.000558639998	0.000558639998
520	181154589	261.000628239996	0.000628239996
520	181157566	261.001305192014	0.001305192014
520	181160499	261.002161351996	0.002161351996
520	183846519	264.000558639998	0.000558639998
520	183846964	264.000628239996	0.000628239996
520	183849941	264.001305189907	0.001305189907
520	183852874	264.002161349889	0.002161349889
520	186538894	267.000558639998	0.000558639998
520	186539339	267.000628239996	0.000628239996
520	186542316	267.001305187799	0.001305187799
520	186545249	267.002161347781	0.002161347781
520	189231269	270.000558639998	0.000558639998
520	189231714	270.000628239996	0.000628239996
520	189234691	270.001305185692	0.001305185692
520	189237624	270.002161345674	0.002161345674
520	191923644	273.000558639998	0.000558639998
520	191924089	273.000628239996	0.000628239996
520	191927066	273.001305183585	0.001305183585
520	191929999	273.002161343567	0.002161343567
520	194616019	276.000558639998	0.000558639998
520	194616464	276.000628239996	0.000628239996
520	194619441	276.001305181477	0.001305181477
520	194622374	276.002161341459	0.002161341459
520	197308394	279.000558639998	0.000558639998
520	197308839	279.000628239996	0.000628239996
520	197311816	279.00130517937	0.00130517937
520	197314749	279.002161339352	0.002161339352
520	200000769	282.000558639998	0.000558639998
520	200001214	282.000628239996	0.000628239996
520	200004191	282.001305177263	0.001305177263
520	200007124	282.002161337245	0.002161337245
520	202693144	285.000558639998	0.000558639998
520	202693589	285.000628239996	0.000628239996
520	202696566	285.001305175155	0.001305175155
520	202699499	285.002161335137	0.002161335137
520	205385519	288.000558639998	0.000558639998
520	205385964	288.000628239996	0.000628239996
520	205388941	288.001305173048	0.001305173048
520	205391874	288.00216133303	0.00216133303
520	208077894	291.000558639998	0.000558639998
520	208078339	291.000628239996	0.000628239996
520	208081316	291.00130517094	0.00130517094
520	208084249	291.002161330922	0.002161330922
520	210770269	294.000558639998	0.000558639998
520	210770714	294.000628239996	0.000628239996
520	210773691	294.001305168833	0.001305168833
520	210776624	294.002161328815	0.002161328815
520	213462644	297.000558639998	0.000558639998
520	213463089	297.000628239996	0.000628239996
520	213466066	297.001305166725	0.001305166725
520	213468999	297.002161326707	0.002161326707
520	216155293	300.000628239996	0.000628239996
520	216156178	300.000746959993	0.000746959993
520	216158698	300.001342044635	0.001342044635
520	216161528	300.002143404618	0.002143404618
