520	4601	3.000530879999	0.000530879999
520	4787	3.000600479997	0.000600479997
520	4926	3.000670079995	0.000670079995
520	5048	3.000739679993	0.000739679993
520	5895	6.000530879999	0.000530879999
520	6081	6.000600479997	0.000600479997
520	6220	6.000670079995	0.000670079995
520	6342	6.000739679993	0.000739679993
520	7189	9.000530879999	0.000530879999
520	7375	9.000600479997	0.000600479997
520	7514	9.000670079995	0.000670079995
520	7636	9.000739679993	0.000739679993
520	8483	12.000530879999	0.000530879999
520	8669	12.000600479997	0.000600479997
520	8808	12.000670079995	0.000670079995
520	8930	12.000739679993	0.000739679993
520	9777	15.000530879999	0.000530879999
520	9963	15.000600479997	0.000600479997
520	10102	15.000670079995	0.000670079995
520	10224	15.000739679993	0.000739679993
520	11071	18.000530879999	0.000530879999
520	11257	18.000600479997	0.000600479997
520	11396	18.000670079995	0.000670079995
520	11518	18.000739679993	0.000739679993
520	12365	21.000530879999	0.000530879999
520	12551	21.000600479997	0.000600479997
520	12690	21.000670079995	0.000670079995
520	12812	21.000739679993	0.000739679993
520	13659	24.000530879999	0.000530879999
520	13845	24.000600479997	0.000600479997
520	13984	24.000670079995	0.000670079995
520	14106	24.000739679993	0.000739679993
520	14953	27.000530879999	0.000530879999
520	15139	27.000600479997	0.000600479997
520	15278	27.000670079995	0.000670079995
520	15400	27.000739679993	0.000739679993
520	19968	30.000831679992	0.000831679992
520	20163	30.00090127999	0.00090127999
520	20314	30.000970879988	0.000970879988
520	20436	30.001040479986	0.001040479986
520	21283	33.000530879999	0.000530879999
520	21469	33.000600479997	0.000600479997
520	21608	33.000670079995	0.000670079995
520	21730	33.000739679993	0.000739679993
520	22577	36.000530879999	0.000530879999
520	22763	36.000600479997	0.000600479997
520	22902	36.000670079995	0.000670079995
520	23024	36.000739679993	0.000739679993
520	23871	39.000530879999	0.000530879999
520	24057	39.000600479997	0.000600479997
520	24196	39.000670079995	0.000670079995
520	24318	39.000739679993	0.000739679993
520	25165	42.000530879999	0.000530879999
520	25351	42.000600479997	0.000600479997
520	25490	42.000670079995	0.000670079995
520	25612	42.000739679993	0.000739679993
520	26459	45.000530879999	0.000530879999
520	26645	45.000600479997	0.000600479997
520	26784	45.000670079995	0.000670079995
520	26906	45.000739679993	0.000739679993
520	27753	48.000530879999	0.000530879999
520	27939	48.000600479997	0.000600479997
520	28078	48.000670079995	0.000670079995
520	28200	48.000739679993	0.000739679993
520	29047	51.000530879999	0.000530879999
520	29233	51.000600479997	0.000600479997
520	29372	51.000670079995	0.000670079995
520	29494	51.000739679993	0.000739679993
520	30341	54.000530879999	0.000530879999
520	30527	54.000600479997	0.000600479997
520	30666	54.000670079995	0.000670079995
520	30788	54.000739679993	0.000739679993
520	31635	57.000530879999	0.000530879999
520	31821	57.000600479997	0.000600479997
520	31960	57.000670079995	0.000670079995
520	32082	57.000739679993	0.000739679993
520	838224	60.000749199994	0.000749199994
520	838564	60.000845759991	0.000845759991
520	839245	60.000983119986	0.000983119986
520	839405	60.001003599985	0.001003599985
520	3527609	63.000752639996	0.000752639996
520	3528226	63.000890079993	0.000890079993
520	3528500	63.000969599991	0.000969599991
520	3529761	63.001145439988	0.001145439988
520	6215847	66.000578717767	0.000578717767
520	6216593	66.000707519995	0.000707519995
520	6216857	66.000727999994	0.000727999994
520	6217866	66.000924237765	0.000924237765
520	8904340	69.000578717767	0.000578717767
520	8905086	69.000707519995	0.000707519995
520	8905350	69.000727999994	0.000727999994
520	8906359	69.000924237765	0.000924237765
520	11592833	72.000578717767	0.000578717767
520	11593579	72.000707519995	0.000707519995
520	11593843	72.000727999994	0.000727999994
520	11594852	72.000924237765	0.000924237765
520	14281326	75.000578717767	0.000578717767
520	14282072	75.000707519995	0.000707519995
520	14282336	75.000727999994	0.000727999994
520	14283345	75.000924237765	0.000924237765
520	16969819	78.000578717767	0.000578717767
520	16970565	78.000707519995	0.000707519995
520	16970829	78.000727999994	0.000727999994
520	16971838	78.000924237765	0.000924237765
520	19658312	81.000578717767	0.000578717767
520	19659058	81.000707519995	0.000707519995
520	19659322	81.000727999994	0.000727999994
520	19660331	81.000924237765	0.000924237765
520	22346805	84.000578717767	0.000578717767
520	22347551	84.000707519995	0.000707519995
520	22347815	84.000727999994	0.000727999994
520	22348824	84.000924237765	0.000924237765
520	25035298	87.000578717767	0.000578717767
520	25036044	87.000707519995	0.000707519995
520	25036308	87.000727999994	0.000727999994
520	25037317	87.000924237765	0.000924237765
520	27819760	90.000572077768	0.000572077768
520	27820720	90.000799999992	0.000799999992
520	27821823	90.000969197761	0.000969197761
520	27822931	90.001146157759	0.001146157759
520	30511120	93.000701759994	0.000701759994
520	30512575	93.000909599988	0.000909599988
520	30513933	93.001187519983	0.001187519983
520	30514437	93.001257119981	0.001257119981
520	33201708	96.000669359993	0.000669359993
520	33201826	96.000689839992	0.000689839992
520	33203072	96.000946399985	0.000946399985
520	33204174	96.001213197755	0.001213197755
520	35891249	99.000669359993	0.000669359993
520	35891367	99.000689839992	0.000689839992
520	35892613	99.000946399985	0.000946399985
520	35893715	99.001213197755	0.001213197755
520	38580790	102.000669359993	0.000669359993
520	38580908	102.000689839992	0.000689839992
520	38582154	102.000946399985	0.000946399985
520	38583256	102.001213197755	0.001213197755
520	41270331	105.000669359993	0.000669359993
520	41270449	105.000689839992	0.000689839992
520	41271695	105.000946399985	0.000946399985
520	41272797	105.001213197755	0.001213197755
520	43959872	108.000669359993	0.000669359993
520	43959990	108.000689839992	0.000689839992
520	43961236	108.000946399985	0.000946399985
520	43962338	108.001213197755	0.001213197755
520	46649413	111.000669359993	0.000669359993
520	46649531	111.000689839992	0.000689839992
520	46650777	111.000946399985	0.000946399985
520	46651879	111.001213197755	0.001213197755
520	49338954	114.000669359993	0.000669359993
520	49339072	114.000689839992	0.000689839992
520	49340318	114.000946399985	0.000946399985
520	49341420	114.001213197755	0.001213197755
520	52028495	117.000669359993	0.000669359993
520	52028613	117.000689839992	0.000689839992
520	52029859	117.000946399985	0.000946399985
520	52030961	117.001213197755	0.001213197755
520	54720166	120.001048959985	0.001048959985
520	54720378	120.001069439984	0.001069439984
520	54721314	120.001274079981	0.001274079981
520	54721955	120.001363439972	0.001363439972
520	57410131	123.000868799986	0.000868799986
520	57410414	123.000938399984	0.000938399984
520	57411966	123.001153997757	0.001153997757
520	57414001	123.001838557763	0.001838557763
520	60100906	126.000795839991	0.000795839991
520	60101421	126.000914559988	0.000914559988
520	60102790	126.001197119976	0.001197119976
520	60104689	126.001845117762	0.001845117762
520	62791234	129.00073711999	0.00073711999
520	62791258	129.000757599989	0.000757599989
520	62792862	129.001153997614	0.001153997614
520	62794721	129.001803197606	0.001803197606
520	65481195	132.00073711999	0.00073711999
520	65481219	132.000757599989	0.000757599989
520	65482823	132.001153997134	0.001153997134
520	65484682	132.001803197126	0.001803197126
520	68171156	135.00073711999	0.00073711999
520	68171180	135.000757599989	0.000757599989
520	68172784	135.001153996596	0.001153996596
520	68174643	135.001803196588	0.001803196588
520	70861117	138.00073711999	0.00073711999
520	70861141	138.000757599989	0.000757599989
520	70862745	138.001153996042	0.001153996042
520	70864604	138.001803196034	0.001803196034
520	73551078	141.00073711999	0.00073711999
520	73551102	141.000757599989	0.000757599989
520	73552706	141.001153995535	0.001153995535
520	73554565	141.001803195527	0.001803195527
520	76241039	144.00073711999	0.00073711999
520	76241063	144.000757599989	0.000757599989
520	76242667	144.001153995535	0.001153995535
520	76244526	144.001803195527	0.001803195527
520	78931000	147.00073711999	0.00073711999
520	78931024	147.000757599989	0.000757599989
520	78932628	147.001153995535	0.001153995535
520	78934487	147.001803195527	0.001803195527
520	81621025	150.00073711999	0.00073711999
520	81621088	150.000757599989	0.000757599989
520	81623057	150.001162235529	0.001162235529
520	81624515	150.001681115541	0.001681115541
520	84314474	153.001168955527	0.001168955527
520	84314794	153.001238555525	0.001238555525
520	84315197	153.001278315527	0.001278315527
520	84316084	153.001376555525	0.001376555525
520	87006747	156.001196475535	0.001196475535
520	87007156	156.001266075533	0.001266075533
520	87007304	156.001286555532	0.001286555532
520	87008468	156.001389355517	0.001389355517
520	89697646	159.001218075526	0.001218075526
520	89697802	159.001238555525	0.001238555525
520	89698125	159.001278315527	0.001278315527
520	89698946	159.001376555525	0.001376555525
520	92388371	162.001218075526	0.001218075526
520	92388527	162.001238555525	0.001238555525
520	92388850	162.001278315527	0.001278315527
520	92389671	162.001376555525	0.001376555525
520	95079096	165.001218075526	0.001218075526
520	95079252	165.001238555525	0.001238555525
520	95079575	165.001278315527	0.001278315527
520	95080396	165.001376555525	0.001376555525
520	97769821	168.001218075526	0.001218075526
520	97769977	168.001238555525	0.001238555525
520	97770300	168.001278315527	0.001278315527
520	97771121	168.001376555525	0.001376555525
520	100460546	171.001218075526	0.001218075526
520	100460702	171.001238555525	0.001238555525
520	100461025	171.001278315527	0.001278315527
520	100461846	171.001376555525	0.001376555525
520	103151271	174.001218075526	0.001218075526
520	103151427	174.001238555525	0.001238555525
520	103151750	174.001278315527	0.001278315527
520	103152571	174.001376555525	0.001376555525
520	105841996	177.001218075526	0.001218075526
520	105842152	177.001238555525	0.001238555525
520	105842475	177.001278315527	0.001278315527
520	105843296	177.001376555525	0.001376555525
520	108533036	180.001223355526	0.001223355526
520	108533268	180.001243835525	0.001243835525
520	108533524	180.001264315524	0.001264315524
520	108536304	180.002152155507	0.002152155507
520	111222493	183.000669359993	0.000669359993
520	111223559	183.000975919985	0.000975919985
520	111228426	183.002160955527	0.002160955527
520	111228904	183.002230555525	0.002230555525
520	113917143	186.000964559983	0.000964559983
520	113918578	186.001275195523	0.001275195523
520	113923679	186.00224247549	0.00224247549
520	113924186	186.002321755488	0.002321755488
520	116610848	189.000583359992	0.000583359992
520	116612782	189.001215515533	0.001215515533
520	116616946	189.002167755497	0.002167755497
520	116617446	189.002254315486	0.002254315486
520	119304050	192.000669359993	0.000669359993
520	119304988	192.000975919985	0.000975919985
520	119309727	192.002160955527	0.002160955527
520	119310205	192.002230555525	0.002230555525
520	121997070	195.000669359993	0.000669359993
520	121998008	195.000975919985	0.000975919985
520	122002747	195.002160955527	0.002160955527
520	122003225	195.002230555525	0.002230555525
520	124690090	198.000669359993	0.000669359993
520	124691028	198.000975919985	0.000975919985
520	124695767	198.002160955527	0.002160955527
520	124696245	198.002230555525	0.002230555525
520	127383110	201.000669359993	0.000669359993
520	127384048	201.000975919985	0.000975919985
520	127388787	201.002160955527	0.002160955527
520	127389265	201.002230555525	0.002230555525
520	130076130	204.000669359993	0.000669359993
520	130077068	204.000975919985	0.000975919985
520	130081807	204.002160955527	0.002160955527
520	130082285	204.002230555525	0.002230555525
520	132769150	207.000669359993	0.000669359993
520	132770088	207.000975919985	0.000975919985
520	132774827	207.002160955527	0.002160955527
520	132775305	207.002230555525	0.002230555525
520	135462202	210.000669359993	0.000669359993
520	135463172	210.000975919985	0.000975919985
520	135467495	210.00198223995	0.00198223995
520	135468719	210.002158079947	0.002158079947
520	138156031	213.000939995533	0.000939995533
520	138156967	213.001188795529	0.001188795529
520	138160529	213.001838635494	0.001838635494
520	138162002	213.002140795537	0.002140795537
520	140850716	216.001166475523	0.001166475523
520	140851751	216.00131207551	0.00131207551
520	140854470	216.001854235535	0.001854235535
520	140857015	216.002406155518	0.002406155518
520	143545777	219.001215115525	0.001215115525
520	143546505	219.001294315523	0.001294315523
520	143549568	219.001897835501	0.001897835501
520	143551031	219.002151115498	0.002151115498
520	146238288	222.000939995533	0.000939995533
520	146239224	222.001188795529	0.001188795529
520	146242722	222.001838635494	0.001838635494
520	146244195	222.002140795537	0.002140795537
520	148931430	225.000939995533	0.000939995533
520	148932366	225.001188795529	0.001188795529
520	148935864	225.001838635494	0.001838635494
520	148937337	225.002140795537	0.002140795537
520	151624572	228.000939995533	0.000939995533
520	151625508	228.001188795529	0.001188795529
520	151629006	228.001838635494	0.001838635494
520	151630479	228.002140795537	0.002140795537
520	154317714	231.000939995533	0.000939995533
520	154318650	231.001188795529	0.001188795529
520	154322148	231.001838635494	0.001838635494
520	154323621	231.002140795537	0.002140795537
520	157010856	234.000939995533	0.000939995533
520	157011792	234.001188795529	0.001188795529
520	157015290	234.001838635494	0.001838635494
520	157016763	234.002140795537	0.002140795537
520	159703998	237.000939995533	0.000939995533
520	159704934	237.001188795529	0.001188795529
520	159708432	237.001838635494	0.001838635494
520	159709905	237.002140795537	0.002140795537
520	162397388	240.000937039983	0.000937039983
520	162398016	240.001185839979	0.001185839979
520	162402901	240.002147435536	0.002147435536
520	162404560	240.002443675544	0.002443675544
520	165091027	243.000669359993	0.000669359993
520	165091965	243.000975919985	0.000975919985
520	165097169	243.002203835526	0.002203835526
520	165097356	243.002224315525	0.002224315525
520	167784364	246.00065911554	0.00065911554
520	167785372	246.000954235532	0.000954235532
520	167790974	246.002203835526	0.002203835526
520	167791161	246.002224315525	0.002224315525
520	170479525	249.000787359988	0.000787359988
520	170481332	249.001279195524	0.001279195524
520	170485554	249.002154155535	0.002154155535
520	170486032	249.002223755533	0.002223755533
520	173173586	252.000775835539	0.000775835539
520	173173806	252.000845435537	0.000845435537
520	173179276	252.002216635525	0.002216635525
520	173179481	252.002237115524	0.002237115524
520	175866414	255.00065911554	0.00065911554
520	175867326	255.000954235532	0.000954235532
520	175872518	255.002203835526	0.002203835526
520	175872705	255.002224315525	0.002224315525
520	178559713	258.000659114135	0.000659114135
520	178560625	258.000954234127	0.000954234127
520	178565817	258.00220383412	0.00220383412
520	178566004	258.002224314119	0.002224314119
520	181253012	261.000659112027	0.000659112027
520	181253924	261.000954232019	0.000954232019
520	181259116	261.002203832013	0.002203832013
520	181259303	261.002224312012	0.002224312012
520	183946311	264.00065910992	0.00065910992
520	183947223	264.000954229912	0.000954229912
520	183952415	264.002203829905	0.002203829905
520	183952602	264.002224309904	0.002224309904
520	186639610	267.000659107812	0.000659107812
520	186640522	267.000954227804	0.000954227804
520	186645714	267.002203827798	0.002203827798
520	186645901	267.002224307797	0.002224307797
520	189332909	270.000659105705	0.000659105705
520	189333821	270.000954225697	0.000954225697
520	189338176	270.001998785662	0.001998785662
520	189339263	270.002174625659	0.002174625659
520	192026602	273.000946223589	0.000946223589
520	192027545	273.001195023585	0.001195023585
520	192031407	273.001914463546	0.001914463546
520	192032728	273.002162623546	0.002162623546
520	194720003	276.000946221481	0.000946221481
520	194720946	276.001195021477	0.001195021477
520	194724871	276.001888621446	0.001888621446
520	194726304	276.002151901442	0.002151901442
520	197415466	279.001220619357	0.001220619357
520	197416291	279.001305099355	0.001305099355
520	197420216	279.002140939379	0.002140939379
520	197420827	279.002210539377	0.002210539377
520	200109867	282.001153977271	0.001153977271
520	200110857	282.001299577258	0.001299577258
520	200113770	282.001887097243	0.001887097243
520	200115273	282.002160457252	0.002160457252
520	202802540	285.000946215159	0.000946215159
520	202803483	285.001195015155	0.001195015155
520	202807161	285.001888615124	0.001888615124
520	202808594	285.00215189512	0.00215189512
520	205495915	288.000946213052	0.000946213052
520	205496858	288.001195013048	0.001195013048
520	205500536	288.001888613017	0.001888613017
520	205501969	288.002151893013	0.002151893013
520	208189290	291.000946210944	0.000946210944
520	208190233	291.00119501094	0.00119501094
520	208193911	291.001888610909	0.001888610909
520	208195344	291.002151890905	0.002151890905
520	210882665	294.000946208837	0.000946208837
520	210883608	294.001195008833	0.001195008833
520	210887286	294.001888608802	0.001888608802
520	210888719	294.002151888798	0.002151888798
520	213576040	297.000946206729	0.000946206729
520	213576983	297.001195006725	0.001195006725
520	213580661	297.001888606694	0.001888606694
520	213582094	297.00215188669	0.00215188669
520	216269415	300.000946204622	0.000946204622
520	216270361	300.001195004618	0.001195004618
520	216274761	300.002151884583	0.002151884583
520	216275239	300.002221484581	0.002221484581
