513	4631	3.000545879999	1
513	5925	6.000545879999	4
513	7219	9.000545879999	4
513	10763	12.000648679994	4
513	12113	15.000545879999	4
513	13407	18.000545879999	4
513	14701	21.000545879999	4
513	18047	24.000648679994	4
513	19397	27.000545879999	4
513	20691	30.000545879999	4
513	21985	33.000545879999	4
513	25331	36.000648679994	4
513	26681	39.000545879999	4
513	27975	42.000545879999	4
513	29269	45.000545879999	4
513	32615	48.000648679994	4
513	33965	51.000545879999	4
513	35259	54.000545879999	4
513	36553	57.000545879999	4
513	331134	60.000899879985	4
513	3024806	63.000949319982	4
513	5717397	66.000949319982	4
513	8410491	69.00096163776	4
513	10879348	72.000685079992	4
513	13570253	75.000720759991	4
513	16261174	78.000720759991	4
513	18729529	81.000949319982	4
513	21423444	84.000899879985	4
513	24117142	87.000949319982	4
513	26588388	90.000949319982	4
513	29281993	93.000949319982	4
513	31976178	96.000899879985	4
513	34670076	99.000909237762	4
513	37080167	102.000949319982	4
513	39772227	105.000949319982	4
513	42464666	108.000875879988	4
513	44647547	111.000949319982	4
513	47341168	114.000949319982	4
513	50034789	117.000949319982	4
513	52221380	120.001183157754	4
513	54914777	123.000949319982	4
513	57608520	126.000949319982	4
513	60302244	129.000949319982	4
513	62773084	132.000638999992	4
513	65465546	135.000702999991	4
513	68156926	138.000702999991	4
513	70564643	141.000949319982	4
513	73258732	144.000899879985	4
513	75952474	147.000949319982	4
513	78423708	150.00090923554	4
513	81115748	153.000974275539	4
513	83807771	156.000685079992	4
513	86500557	159.000974275539	4
513	88969665	162.000949319982	4
513	91662726	165.000949319982	4
513	94356229	168.000899879985	4
513	96826406	171.000949319982	4
513	99520053	174.000949319982	4
513	102213700	177.000949319982	4
513	104684974	180.000792359992	4
513	107377565	183.000660279993	4
513	110070565	186.000660279993	4
513	112763565	189.000660279993	4
513	115234501	192.000899879985	4
513	117928295	195.000949319982	4
513	120621942	198.000949319982	4
513	123091951	201.000949319982	4
513	125786136	204.000899879985	4
513	128480026	207.000949319982	4
513	130950645	210.00090923554	4
513	133643120	213.000901235539	4
513	136335997	216.000704999993	4
513	139029346	219.000901235539	4
513	141498853	222.000949319982	4
513	144192378	225.000949319982	4
513	146886371	228.000899879985	4
513	149356918	231.000949319982	4
513	152050661	234.000949319982	4
513	154744404	237.000949319982	4
513	157215623	240.000852359985	4
513	159909841	243.001042035535	4
513	162602915	246.000949319982	4
513	165296072	249.000949319982	4
513	167765891	252.000899879985	4
513	170459685	255.000949319982	4
513	173153332	258.000949319982	4
513	175563220	261.000949319982	4
513	178257405	264.000899879985	4
513	180951295	267.000949319982	4
513	183648044	270.000975145703	4
513	186340199	273.001133703595	4
513	189032322	276.000728279991	4
513	191725766	279.00113369938	4
513	193908763	282.000949319982	4
513	196602506	285.000949319982	4
513	199296691	288.000899879985	4
513	201767395	291.000949319982	4
513	204461138	294.000949319982	4
513	207154881	297.000949319982	4
513	209567117	300.000728279991	4
