539	2911	0.000303079993	5
539	3424	0.000370679993	5
539	4100	3.0002796	5
539	4665	3.0005592	5
539	4721	3.000579679999	5
539	5394	6.0002796	5
539	5959	6.0005592	5
539	6015	6.000579679999	5
539	6688	9.0002796	5
539	7253	9.0005592	5
539	7309	9.000579679999	5
539	9745	12.000382399995	5
539	10824	12.000661999995	5
539	10887	12.000682479994	5
539	11582	15.0002796	5
539	12147	15.0005592	5
539	12203	15.000579679999	5
539	12876	18.0002796	5
539	13441	18.0005592	5
539	13497	18.000579679999	5
539	14170	21.0002796	5
539	14735	21.0005592	5
539	14791	21.000579679999	5
539	17029	24.000382399995	5
539	18108	24.000661999995	5
539	18171	24.000682479994	5
539	18866	27.0002796	5
539	19431	27.0005592	5
539	19487	27.000579679999	5
539	20160	30.0002796	5
539	20725	30.0005592	5
539	20781	30.000579679999	5
539	21454	33.0002796	5
539	22019	33.0005592	5
539	22075	33.000579679999	5
539	24313	36.000382399995	5
539	25392	36.000661999995	5
539	25455	36.000682479994	5
539	26150	39.0002796	5
539	26715	39.0005592	5
539	26771	39.000579679999	5
539	27444	42.0002796	5
539	28009	42.0005592	5
539	28065	42.000579679999	5
539	28738	45.0002796	5
539	29303	45.0005592	5
539	29359	45.000579679999	5
539	31597	48.000382399995	5
539	32676	48.000661999995	5
539	32739	48.000682479994	5
539	33434	51.0002796	5
539	33999	51.0005592	5
539	34055	51.000579679999	5
539	34728	54.0002796	5
539	35293	54.0005592	5
539	35349	54.000579679999	5
539	36022	57.0002796	5
539	36587	57.0005592	5
539	36643	57.000579679999	5
539	330494	60.000609599989	5
539	334209	60.001389879971	5
539	334223	60.00139659997	5
539	3024486	63.000782398202	5
539	3027617	63.001347039963	5
539	3027818	63.001365359963	5
539	5717077	66.000782397757	5
539	5720208	66.001347039963	5
539	5720409	66.001365359963	5
539	8409703	69.000695357761	5
539	8412569	69.00124887997	5
539	8412667	69.001255599969	5
539	10877930	72.000418799993	5
539	10880604	72.000909599988	5
539	10880613	72.000916319987	5
539	13568937	75.000405359993	5
539	13571158	75.000871479987	5
539	13572170	75.001038599981	5
539	16259858	78.000405359993	5
539	16262079	78.000871479987	5
539	16263091	78.001038599981	5
539	18729209	81.000782397757	5
539	18732340	81.001347039963	5
539	18732541	81.001365359963	5
539	21422804	84.000609599989	5
539	21426519	84.001389879971	5
539	21426533	84.00139659997	5
539	24116822	87.000782397757	5
539	24119953	87.001347039963	5
539	24120154	87.001365359963	5
539	26588059	90.000775757758	5
539	26591335	90.00137263996	5
539	26591366	90.001379359959	5
539	29281673	93.000782397757	5
539	29284804	93.001347039963	5
539	29285005	93.001365359963	5
539	31975538	96.000609599989	5
539	31979253	96.001389879971	5
539	31979267	96.00139659997	5
539	34669735	99.000782397757	5
539	34672581	99.001314637769	5
539	34672603	99.001321357768	5
539	37079283	102.000697277758	5
539	37083135	102.001314717769	5
539	37083206	102.001321437768	5
539	39771343	105.000697277758	5
539	39775195	105.001314717769	5
539	39775266	105.001321437768	5
539	42463519	108.000609599989	5
539	42467627	108.001305997766	5
539	42468063	108.001335919972	5
539	44647227	111.000782397757	5
539	44650358	111.001347039963	5
539	44650559	111.001365359963	5
539	47340848	114.000782397757	5
539	47343979	114.001347039963	5
539	47344180	114.001365359963	5
539	50034469	117.000782397757	5
539	50037600	117.001347039963	5
539	50037801	117.001365359963	5
539	52220300	120.000802637754	5
539	52223745	120.001454877736	5
539	52223785	120.001461597735	5
539	54914457	123.000782397757	5
539	54917588	123.001347039963	5
539	54917789	123.001365359963	5
539	57608200	126.000782397757	5
539	57611331	126.001347039963	5
539	57611532	126.001365359963	5
539	60301918	129.000782397614	5
539	60305076	129.001353759962	5
539	60305259	129.001372079962	5
539	62771824	132.000404639993	5
539	62775391	132.000958717135	5
539	62775426	132.000965437134	5
539	65465450	135.000697276597	5
539	65468855	135.001316959973	5
539	65468869	135.001323679972	5
539	68156830	138.000697276043	5
539	68160235	138.001316959973	5
539	68160249	138.001323679972	5
539	70564323	141.000782395535	5
539	70567454	141.001347039963	5
539	70567655	141.001365359963	5
539	73258092	144.000609599989	5
539	73261807	144.001389879971	5
539	73261821	144.00139659997	5
539	75952154	147.000782395535	5
539	75955285	147.001347039963	5
539	75955486	147.001365359963	5
539	78422800	150.000708875539	5
539	78426373	150.001304475545	5
539	78426459	150.001311195544	5
539	81115032	153.00070799554	5
539	81117746	153.001324875522	5
539	81118475	153.001385355517	5
539	83806325	156.000418799993	5
539	83809088	156.000809439982	5
539	83809105	156.000816159981	5
539	86499841	159.00070799554	5
539	86502555	159.001324875522	5
539	86503284	159.001385355517	5
539	88969345	162.000782395535	5
539	88972449	162.001347039963	5
539	88972593	162.001365359963	5
539	91662406	165.000782395535	5
539	91665510	165.001347039963	5
539	91665654	165.001365359963	5
539	94355589	168.000609599989	5
539	94359267	168.00140027997	5
539	94359290	168.001406999969	5
539	96826086	171.000782395535	5
539	96829217	171.001347039963	5
539	96829418	171.001365359963	5
539	99519733	174.000782395535	5
539	99522864	174.001347039963	5
539	99523065	174.001365359963	5
539	102213380	177.000782395535	5
539	102216511	177.001347039963	5
539	102216712	177.001365359963	5
539	104684428	180.000609599989	5
539	104687287	180.00122403555	5
539	104687309	180.001230755549	5
539	107377266	183.00056647999	5
539	107380162	183.001242719973	5
539	107380197	183.001249439972	5
539	110070266	186.00056647999	5
539	110073162	186.001242719973	5
539	110073197	186.001249439972	5
539	112763266	189.00056647999	5
539	112766162	189.001242719973	5
539	112766197	189.001249439972	5
539	115233861	192.000609599989	5
539	115237576	192.001389879971	5
539	115237590	192.00139659997	5
539	117927975	195.000782395535	5
539	117931106	195.001347039963	5
539	117931307	195.001365359963	5
539	120621622	198.000782395535	5
539	120624753	198.001347039963	5
539	120624954	198.001365359963	5
539	123091631	201.000782395535	5
539	123094762	201.001347039963	5
539	123094963	201.001365359963	5
539	125785496	204.000609599989	5
539	125789211	204.001389879971	5
539	125789225	204.00139659997	5
539	128479706	207.000782395535	5
539	128482837	207.001347039963	5
539	128483038	207.001365359963	5
539	130950304	210.000782395535	5
539	130953077	210.001314635547	5
539	130953090	210.001321355546	5
539	133642003	213.00048575999	5
539	133645436	213.001327995547	5
539	133645489	213.001334715546	5
539	136334770	216.000438719994	5
539	136336922	216.000826959991	5
539	136336936	216.00083367999	5
539	139028229	219.00048575999	5
539	139031662	219.001327995547	5
539	139031715	219.001334715546	5
539	141498533	222.000782395535	5
539	141501664	222.001347039963	5
539	141501865	222.001365359963	5
539	144192058	225.000782395535	5
539	144195189	225.001347039963	5
539	144195390	225.001365359963	5
539	146885731	228.000609599989	5
539	146889446	228.001389879971	5
539	146889460	228.00139659997	5
539	149356598	231.000782395535	5
539	149359729	231.001347039963	5
539	149359930	231.001365359963	5
539	152050341	234.000782395535	5
539	152053472	234.001347039963	5
539	152053673	234.001365359963	5
539	154744084	237.000782395535	5
539	154747215	237.001347039963	5
539	154747416	237.001365359963	5
539	157214371	240.000491355537	5
539	157219026	240.001627839955	5
539	157219040	240.001634559954	5
539	159909295	243.000775755536	5
539	159912836	243.001424159962	5
539	159912848	243.001430879961	5
539	162602595	246.000782395535	5
539	162605699	246.001347039963	5
539	162605843	246.001365359963	5
539	165295752	249.000782395535	5
539	165298856	249.001347039963	5
539	165299000	249.001365359963	5
539	167765251	252.000609599989	5
539	167768966	252.001389879971	5
539	167768980	252.00139659997	5
539	170459365	255.000782395535	5
539	170462496	255.001347039963	5
539	170462697	255.001365359963	5
539	173153012	258.00078239413	5
539	173156143	258.001347039963	5
539	173156344	258.001365359963	5
539	175562900	261.000782392022	5
539	175566031	261.001347039963	5
539	175566232	261.001365359963	5
539	178256765	264.000609599989	5
539	178260480	264.001389879971	5
539	178260494	264.00139659997	5
539	180950975	267.000782387807	5
539	180954106	267.001347039963	5
539	180954307	267.001365359963	5
539	183647026	270.000708865704	5
539	183650794	270.001357039959	5
539	183650890	270.001363759958	5
539	186339237	273.000761183597	5
539	186342941	273.001463983568	5
539	186342967	273.001470703567	5
539	189030659	276.000461999992	5
539	189033829	276.000906679987	5
539	189033883	276.000913399986	5
539	191724804	279.000761179382	5
539	191728508	279.001463979353	5
539	191728534	279.001470699352	5
539	193908443	282.000782377271	5
539	193911574	282.001347039963	5
539	193911775	282.001365359963	5
539	196602186	285.000782375163	5
539	196605317	285.001347039963	5
539	196605518	285.001365359963	5
539	199296051	288.000609599989	5
539	199299766	288.001389879971	5
539	199299780	288.00139659997	5
539	201767075	291.000782370948	5
539	201770206	291.001347039963	5
539	201770407	291.001365359963	5
539	204460818	294.000782368841	5
539	204463949	294.001347039963	5
539	204464150	294.001365359963	5
539	207154561	297.000782366733	5
539	207157692	297.001347039963	5
539	207157893	297.001365359963	5
539	209565452	300.000461999992	5
539	209568614	300.000906679987	5
539	209568668	300.000913399986	5
