564	3184	0.00033171999	5
564	3657	0.000406039989	5
564	4264	3.000377839998	5
564	4963	3.000698399996	5
564	4999	3.000718879995	5
564	5558	6.000377839998	5
564	6257	6.000698399996	5
564	6293	6.000718879995	5
564	6852	9.000377839998	5
564	7551	9.000698399996	5
564	7587	9.000718879995	5
564	10422	12.000513199994	5
564	11151	12.000812479994	5
564	11187	12.000832959993	5
564	11746	15.000377839998	5
564	12445	15.000698399996	5
564	12481	15.000718879995	5
564	13040	18.000377839998	5
564	13739	18.000698399996	5
564	13775	18.000718879995	5
564	14334	21.000377839998	5
564	15033	21.000698399996	5
564	15069	21.000718879995	5
564	17706	24.000513199994	5
564	18435	24.000812479994	5
564	18471	24.000832959993	5
564	19030	27.000377839998	5
564	19729	27.000698399996	5
564	19765	27.000718879995	5
564	20324	30.000377839998	5
564	21023	30.000698399996	5
564	21059	30.000718879995	5
564	21618	33.000377839998	5
564	22317	33.000698399996	5
564	22353	33.000718879995	5
564	24990	36.000513199994	5
564	25719	36.000812479994	5
564	25755	36.000832959993	5
564	26314	39.000377839998	5
564	27013	39.000698399996	5
564	27049	39.000718879995	5
564	27608	42.000377839998	5
564	28307	42.000698399996	5
564	28343	42.000718879995	5
564	28902	45.000377839998	5
564	29601	45.000698399996	5
564	29637	45.000718879995	5
564	32274	48.000513199994	5
564	33003	48.000812479994	5
564	33039	48.000832959993	5
564	33598	51.000377839998	5
564	34297	51.000698399996	5
564	34333	51.000718879995	5
564	34892	54.000377839998	5
564	35591	54.000698399996	5
564	35627	54.000718879995	5
564	36186	57.000377839998	5
564	36885	57.000698399996	5
564	36921	57.000718879995	5
564	334631	60.001602959546	5
564	338077	60.002474959542	5
564	338100	60.002481679541	5
564	338112	60.00248839954	5
564	3028117	63.001442319961	5
564	3031026	63.002313678214	5
564	3031164	63.002338878211	5
564	5720708	66.001442319961	5
564	5723617	66.00231367777	5
564	5723755	66.002338877767	5
564	8410029	69.000745357759	5
564	8413135	69.001314797769	5
564	8413149	69.001321517768	5
564	10878962	72.000549599992	5
564	10882303	72.001297597768	5
564	10882317	72.001304317767	5
564	13569341	75.000450519992	5
564	13573137	75.001298959972	5
564	13573233	75.001317279972	5
564	16260262	78.000450519992	5
564	16264058	78.001298959972	5
564	16264154	78.001317279972	5
564	18732840	81.001442319961	5
564	18735749	81.00231367777	5
564	18735887	81.002338877767	5
564	21426941	84.001602957767	5
564	21429979	84.002445157766	5
564	21429993	84.002451877765	5
564	24120453	87.001442319961	5
564	24123362	87.00231367777	5
564	24123500	87.002338877767	5
564	26591560	90.001436079958	5
564	26594469	90.00231367777	5
564	26594607	90.002338877767	5
564	29285304	93.001442319961	5
564	29288213	93.00231367777	5
564	29288351	93.002338877767	5
564	31979675	96.001602957767	5
564	31982713	96.002445157766	5
564	31982727	96.002451877765	5
564	34672235	99.001248679967	5
564	34674271	99.001778157759	5
564	34674995	99.002069197757	5
564	37079247	102.000690557759	5
564	37082445	102.00126743997	5
564	37083286	102.001330879968	5
564	39771307	105.000690557759	5
564	39774505	105.00126743997	5
564	39775346	105.001330879968	5
564	42464026	108.000682559986	5
564	42468005	108.001329199973	5
564	42468109	108.001342639971	5
564	44650858	111.001442319961	5
564	44653767	111.00231367777	5
564	44653905	111.002338877767	5
564	47344479	114.001442319961	5
564	47347388	114.00231367777	5
564	47347526	114.002338877767	5
564	50038100	117.001442319961	5
564	50041009	117.00231367777	5
564	50041147	117.002338877767	5
564	52224443	120.001713597728	5
564	52227680	120.002719837707	5
564	52227718	120.002726557706	5
564	54918088	123.001442319961	5
564	54920997	123.00231367777	5
564	54921135	123.002338877767	5
564	57611831	126.001442319961	5
564	57614740	126.00231367777	5
564	57614878	126.002338877767	5
564	60305721	129.001602957623	5
564	60307883	129.002297757624	5
564	60307897	129.002304477623	5
564	62773587	132.00067719714	5
564	62777336	132.001292359978	5
564	62777402	132.001299079977	5
564	65465414	135.000690556598	5
564	65468637	135.001280999973	5
564	65468687	135.001287719972	5
564	68156794	138.000690556044	5
564	68160017	138.001280999973	5
564	68160067	138.001287719972	5
564	70567954	141.001442319961	5
564	70570863	141.002313675548	5
564	70571001	141.002338875545	5
564	73262229	144.001602955545	5
564	73265267	144.002445155544	5
564	73265281	144.002451875543	5
564	75955785	147.001442319961	5
564	75958694	147.002313675548	5
564	75958832	147.002338875545	5
564	78423673	150.000901279977	5
564	78427652	150.001621479957	5
564	78427666	150.001628199956	5
564	81115289	153.000757915538	5
564	81119726	153.001724475505	5
564	81119740	153.001731195504	5
564	83808612	156.000753199991	5
564	83812528	156.001724235539	5
564	83812566	156.001730955538	5
564	86500098	159.000757915538	5
564	86504568	159.001724475505	5
564	86504582	159.001731195504	5
564	88972689	162.001383679963	5
564	88975428	162.002320875545	5
564	88975442	162.002327595544	5
564	91665750	165.001383679963	5
564	91668489	165.002320875545	5
564	91668503	165.002327595544	5
564	94359315	168.001413719968	5
564	94362007	168.002320875545	5
564	94362021	168.002327595544	5
564	96829717	171.001442319961	5
564	96832626	171.002313675548	5
564	96832764	171.002338875545	5
564	99523364	174.001442319961	5
564	99526273	174.002313675548	5
564	99526411	174.002338875545	5
564	102217011	177.001442319961	5
564	102219920	177.002313675548	5
564	102220058	177.002338875545	5
564	104687786	180.001337755544	5
564	104690785	180.002313675548	5
564	104690923	180.002338875545	5
564	107380812	183.001364475544	5
564	107383786	183.002313675548	5
564	107383924	183.002338875545	5
564	110073812	186.001364475544	5
564	110076786	186.002313675548	5
564	110076924	186.002338875545	5
564	112766812	189.001364475544	5
564	112769788	189.002313675548	5
564	112769926	189.002338875545	5
564	115237998	192.001602955545	5
564	115241036	192.002445155544	5
564	115241050	192.002451875543	5
564	117931606	195.001442319961	5
564	117934515	195.002313675548	5
564	117934653	195.002338875545	5
564	120625253	198.001442319961	5
564	120628162	198.002313675548	5
564	120628300	198.002338875545	5
564	123095262	201.001442319961	5
564	123098171	201.002313675548	5
564	123098309	201.002338875545	5
564	125789633	204.001602955545	5
564	125792671	204.002445155544	5
564	125792685	204.002451875543	5
564	128483337	207.001442319961	5
564	128486246	207.002313675548	5
564	128486384	207.002338875545	5
564	130952729	210.001238199968	5
564	130955879	210.002283915549	5
564	130955904	210.002290635548	5
564	133645705	213.001386559962	5
564	133648505	213.002283915549	5
564	133648530	213.002290635548	5
564	136339508	216.00166559554	5
564	136342471	216.002682115516	5
564	136342480	216.002688835515	5
564	139031931	219.001386559962	5
564	139034704	219.00227719555	5
564	139034742	219.002283915549	5
564	141502164	222.001442319961	5
564	141505073	222.002313675548	5
564	141505211	222.002338875545	5
564	144195689	225.001442319961	5
564	144198598	225.002313675548	5
564	144198736	225.002338875545	5
564	146889868	228.001602955545	5
564	146892906	228.002445155544	5
564	146892920	228.002451875543	5
564	149360229	231.001442319961	5
564	149363138	231.002313675548	5
564	149363276	231.002338875545	5
564	152053972	234.001442319961	5
564	152056881	234.002313675548	5
564	152057019	234.002338875545	5
564	154747715	237.001442319961	5
564	154750624	237.002313675548	5
564	154750762	237.002338875545	5
564	157219363	240.001734479949	5
564	157222218	240.002564719934	5
564	157222232	240.002571439933	5
564	159912794	243.001417439963	5
564	159915521	243.002320875545	5
564	159915535	243.002327595544	5
564	162605939	246.001383679963	5
564	162608678	246.002320875545	5
564	162608692	246.002327595544	5
564	165299096	249.001383679963	5
564	165301837	249.002320875545	5
564	165301851	249.002327595544	5
564	167769388	252.001602955545	5
564	167772426	252.002445155544	5
564	167772440	252.002451875543	5
564	170462996	255.001442319961	5
564	170465905	255.002313675548	5
564	170466043	255.002338875545	5
564	173156643	258.001442319961	5
564	173159552	258.002313674141	5
564	173159690	258.002338874138	5
564	175566531	261.001442319961	5
564	175569440	261.002313672034	5
564	175569578	261.002338872031	5
564	178260902	264.001602949924	5
564	178263940	264.002445149922	5
564	178263954	264.002451869921	5
564	180954606	267.001442319961	5
564	180957515	267.002313667819	5
564	180957653	267.002338867816	5
564	183647875	270.000901279977	5
564	183651916	270.001720359944	5
564	183651930	270.001727079943	5
564	186339282	273.000767903596	5
564	186343857	273.001730943595	5
564	186343871	273.001737663594	5
564	189032775	276.000767639983	5
564	189037194	276.001730941487	5
564	189037208	276.001737661486	5
564	191724849	279.000767899381	5
564	191729424	279.00173093938	5
564	191729438	279.001737659379	5
564	193912074	282.001442319961	5
564	193914983	282.002313657282	5
564	193915121	282.002338857279	5
564	196605817	285.001442319961	5
564	196608726	285.002313655175	5
564	196608864	285.002338855172	5
564	199300188	288.001602933065	5
564	199303226	288.002445133063	5
564	199303240	288.002451853062	5
564	201770706	291.001442319961	5
564	201773615	291.00231365096	5
564	201773753	291.002338850957	5
564	204464449	294.001442319961	5
564	204467358	294.002313648852	5
564	204467496	294.002338848849	5
564	207158192	297.001442319961	5
564	207161101	297.002313646745	5
564	207161239	297.002338846742	5
564	209567570	300.000767639983	5
564	209571506	300.00167084463	5
564	209571515	300.001677564629	5
