589	3183	0.00033171999	5
589	3620	0.00039931999	5
589	4173	3.000328719999	5
589	4833	3.000628799998	5
589	4877	3.000649279997	5
589	5467	6.000328719999	5
589	6127	6.000628799998	5
589	6171	6.000649279997	5
589	6761	9.000328719999	5
589	7421	9.000628799998	5
589	7465	9.000649279997	5
589	10143	12.000463279996	5
589	11011	12.000742879996	5
589	11056	12.000763359995	5
589	11655	15.000328719999	5
589	12315	15.000628799998	5
589	12359	15.000649279997	5
589	12949	18.000328719999	5
589	13609	18.000628799998	5
589	13653	18.000649279997	5
589	14243	21.000328719999	5
589	14903	21.000628799998	5
589	14947	21.000649279997	5
589	17427	24.000463279996	5
589	18295	24.000742879996	5
589	18340	24.000763359995	5
589	18939	27.000328719999	5
589	19599	27.000628799998	5
589	19643	27.000649279997	5
589	20233	30.000328719999	5
589	20893	30.000628799998	5
589	20937	30.000649279997	5
589	21527	33.000328719999	5
589	22187	33.000628799998	5
589	22231	33.000649279997	5
589	24711	36.000463279996	5
589	25579	36.000742879996	5
589	25624	36.000763359995	5
589	26223	39.000328719999	5
589	26883	39.000628799998	5
589	26927	39.000649279997	5
589	27517	42.000328719999	5
589	28177	42.000628799998	5
589	28221	42.000649279997	5
589	28811	45.000328719999	5
589	29471	45.000628799998	5
589	29515	45.000649279997	5
589	31995	48.000463279996	5
589	32863	48.000742879996	5
589	32908	48.000763359995	5
589	33507	51.000328719999	5
589	34167	51.000628799998	5
589	34211	51.000649279997	5
589	34801	54.000328719999	5
589	35461	54.000628799998	5
589	35505	54.000649279997	5
589	36095	57.000328719999	5
589	36755	57.000628799998	5
589	36799	57.000649279997	5
589	329875	60.000522959992	5
589	333354	60.00130767997	5
589	333735	60.001344639966	5
589	3023136	63.000467519988	5
589	3026165	63.00123375997	5
589	3026564	63.001263999967	5
589	5715727	66.000467519988	5
589	5718756	66.00123375997	5
589	5719155	66.001263999967	5
589	8408320	69.000467519988	5
589	8411697	69.001166879973	5
589	8411971	69.001195679971	5
589	10878176	72.000456479995	5
589	10881691	72.001095119977	5
589	10881802	72.001110559979	5
589	13569447	75.000475679992	5
589	13572770	75.001150319978	5
589	13572926	75.001168639978	5
589	16260368	78.000475679992	5
589	16263691	78.001150319978	5
589	16263847	78.001168639978	5
589	18727859	81.000467519988	5
589	18730888	81.00123375997	5
589	18731287	81.001263999967	5
589	21422185	84.000522959992	5
589	21425664	84.00130767997	5
589	21426045	84.001344639966	5
589	24115472	87.000467519988	5
589	24118501	87.00123375997	5
589	24118900	87.001263999967	5
589	26586717	90.000467519988	5
589	26589743	90.00123375997	5
589	26590085	90.001257279968	5
589	29280323	93.000467519988	5
589	29283352	93.00123375997	5
589	29283751	93.001263999967	5
589	31974919	96.000522959992	5
589	31978398	96.00130767997	5
589	31978779	96.001344639966	5
589	34668398	99.000467519988	5
589	34670681	99.001035119973	5
589	34671046	99.001074479973	5
589	37077855	102.000467519988	5
589	37081431	102.001167039973	5
589	37081734	102.001195839971	5
589	39769915	105.000467519988	5
589	39773491	105.001167039973	5
589	39773794	105.001195839971	5
589	42462850	108.000522959992	5
589	42466657	108.001233759974	5
589	42467574	108.001301999966	5
589	44645877	111.000467519988	5
589	44648906	111.00123375997	5
589	44649305	111.001263999967	5
589	47339498	114.000467519988	5
589	47342527	114.00123375997	5
589	47342926	114.001263999967	5
589	50033119	117.000467519988	5
589	50036148	117.00123375997	5
589	50036547	117.001263999967	5
589	52219415	120.000627999984	5
589	52222849	120.001373357735	5
589	52223090	120.001391677735	5
589	54913107	123.000467519988	5
589	54916136	123.00123375997	5
589	54916535	123.001263999967	5
589	57606850	126.000467519988	5
589	57609879	126.00123375997	5
589	57610278	126.001263999967	5
589	60300593	129.000467519988	5
589	60303632	129.001240479969	5
589	60304059	129.001270719966	5
589	62771586	132.000359279997	5
589	62773773	132.000707759991	5
589	62773843	132.00071447999	5
589	65463948	135.000436719992	5
589	65466059	135.000845999988	5
589	65466913	135.001006799983	5
589	68155328	138.000436719992	5
589	68157439	138.000845999988	5
589	68158293	138.001006799983	5
589	70562973	141.000467519988	5
589	70566002	141.00123375997	5
589	70566401	141.001263999967	5
589	73257473	144.000522959992	5
589	73260952	144.00130767997	5
589	73261333	144.001344639966	5
589	75950804	147.000467519988	5
589	75953833	147.00123375997	5
589	75954232	147.001263999967	5
589	78421568	150.000467519988	5
589	78424562	150.001027199971	5
589	78424626	150.00103391997	5
589	81114196	153.000547759983	5
589	81118280	153.001367035515	5
589	81118468	153.001385275513	5
589	83807200	156.000596559988	5
589	83811157	156.00139495996	5
589	83811317	156.001413199958	5
589	86499005	159.000547759983	5
589	86503089	159.001367035515	5
589	86503277	159.001385275513	5
589	88967995	162.000467519988	5
589	88971024	162.00123375997	5
589	88971423	162.001263999967	5
589	91661056	165.000467519988	5
589	91664085	165.00123375997	5
589	91664484	165.001263999967	5
589	94354970	168.000522959992	5
589	94358449	168.00130767997	5
589	94358834	168.001344639966	5
589	96824736	171.000467519988	5
589	96827765	171.00123375997	5
589	96828164	171.001263999967	5
589	99518383	174.000467519988	5
589	99521412	174.00123375997	5
589	99521811	174.001263999967	5
589	102212030	177.000467519988	5
589	102215059	177.00123375997	5
589	102215458	177.001263999967	5
589	104683718	180.000456479995	5
589	104686676	180.001153839976	5
589	104686744	180.001160559975	5
589	107376910	183.000457439992	5
589	107379413	183.001160719976	5
589	107379714	183.001189519974	5
589	110069910	186.000457439992	5
589	110072413	186.001160719976	5
589	110072714	186.001189519974	5
589	112762910	189.000457439992	5
589	112765413	189.001160719976	5
589	112765714	189.001189519974	5
589	115233242	192.000522959992	5
589	115236721	192.00130767997	5
589	115237102	192.001344639966	5
589	117926625	195.000467519988	5
589	117929654	195.00123375997	5
589	117930053	195.001263999967	5
589	120620272	198.000467519988	5
589	120623301	198.00123375997	5
589	120623700	198.001263999967	5
589	123090281	201.000467519988	5
589	123093310	201.00123375997	5
589	123093709	201.001263999967	5
589	125784877	204.000522959992	5
589	125788356	204.00130767997	5
589	125788737	204.001344639966	5
589	128478356	207.000467519988	5
589	128481385	207.00123375997	5
589	128481784	207.001263999967	5
589	130948968	210.000467519988	5
589	130951250	210.001035119973	5
589	130951615	210.001074479973	5
589	133641788	213.000467519988	5
589	133644806	213.001256319969	5
589	133644844	213.001263039968	5
589	136335219	216.000522959992	5
589	136338299	216.001306879972	5
589	136338580	216.001331839969	5
589	139028014	219.000467519988	5
589	139031032	219.001256319969	5
589	139031070	219.001263039968	5
589	141497183	222.000467519988	5
589	141500212	222.00123375997	5
589	141500611	222.001263999967	5
589	144190708	225.000467519988	5
589	144193737	225.00123375997	5
589	144194136	225.001263999967	5
589	146885112	228.000522959992	5
589	146888591	228.00130767997	5
589	146888972	228.001344639966	5
589	149355248	231.000467519988	5
589	149358277	231.00123375997	5
589	149358676	231.001263999967	5
589	152048991	234.000467519988	5
589	152052020	234.00123375997	5
589	152052419	234.001263999967	5
589	154742734	237.000467519988	5
589	154745763	237.00123375997	5
589	154746162	237.001263999967	5
589	157214673	240.000541039986	5
589	157218324	240.001457119957	5
589	157218353	240.001463839956	5
589	159908117	243.000510719987	5
589	159911087	243.001265199968	5
589	159912022	243.001326719961	5
589	162601245	246.000467519988	5
589	162604274	246.00123375997	5
589	162604673	246.001263999967	5
589	165294402	249.000467519988	5
589	165297431	249.00123375997	5
589	165297830	249.001263999967	5
589	167764632	252.000522959992	5
589	167768111	252.00130767997	5
589	167768492	252.001344639966	5
589	170458015	255.000467519988	5
589	170461044	255.00123375997	5
589	170461443	255.001263999967	5
589	173151662	258.000467519988	5
589	173154691	258.00123375997	5
589	173155090	258.001263999967	5
589	175561550	261.000467519988	5
589	175564579	261.00123375997	5
589	175564978	261.001263999967	5
589	178256146	264.000522959992	5
589	178259625	264.00130767997	5
589	178260006	264.001344639966	5
589	180949625	267.000467519988	5
589	180952654	267.00123375997	5
589	180953053	267.001263999967	5
589	183645794	270.000467519988	5
589	183649121	270.001181359965	5
589	183649447	270.001250639961	5
589	186338080	273.000547759983	5
589	186342353	273.001391903571	5
589	186342428	273.00139862357	5
589	189031463	276.000596559988	5
589	189035773	276.001408399964	5
589	189035959	276.001426639962	5
589	191723647	279.000547759983	5
589	191727920	279.001391899356	5
589	191727995	279.001398619355	5
589	193907093	282.000467519988	5
589	193910122	282.00123375997	5
589	193910521	282.001263999967	5
589	196600836	285.000467519988	5
589	196603865	285.00123375997	5
589	196604264	285.001263999967	5
589	199295432	288.000522959992	5
589	199298911	288.00130767997	5
589	199299292	288.001344639966	5
589	201765725	291.000467519988	5
589	201768754	291.00123375997	5
589	201769153	291.001263999967	5
589	204459468	294.000467519988	5
589	204462497	294.00123375997	5
589	204462896	294.001263999967	5
589	207153211	297.000467519988	5
589	207156240	297.00123375997	5
589	207156639	297.001263999967	5
589	209566258	300.000596559988	5
589	209570487	300.001331599968	5
589	209570537	300.001338319967	5
