614	3297	0.00035003999	5
614	3709	0.00041763999	5
614	4376	3.000426959997	5
614	5086	3.000767999994	5
614	5122	3.000788479993	5
614	5670	6.000426959997	5
614	6380	6.000767999994	5
614	6416	6.000788479993	5
614	6964	9.000426959997	5
614	7674	9.000767999994	5
614	7710	9.000788479993	5
614	10598	12.000563119992	5
614	11274	12.000882079992	5
614	11310	12.000902559991	5
614	11858	15.000426959997	5
614	12568	15.000767999994	5
614	12604	15.000788479993	5
614	13152	18.000426959997	5
614	13862	18.000767999994	5
614	13898	18.000788479993	5
614	14446	21.000426959997	5
614	15156	21.000767999994	5
614	15192	21.000788479993	5
614	17882	24.000563119992	5
614	18558	24.000882079992	5
614	18594	24.000902559991	5
614	19142	27.000426959997	5
614	19852	27.000767999994	5
614	19888	27.000788479993	5
614	20436	30.000426959997	5
614	21146	30.000767999994	5
614	21182	30.000788479993	5
614	21730	33.000426959997	5
614	22440	33.000767999994	5
614	22476	33.000788479993	5
614	25166	36.000563119992	5
614	25842	36.000882079992	5
614	25878	36.000902559991	5
614	26426	39.000426959997	5
614	27136	39.000767999994	5
614	27172	39.000788479993	5
614	27720	42.000426959997	5
614	28430	42.000767999994	5
614	28466	42.000788479993	5
614	29014	45.000426959997	5
614	29724	45.000767999994	5
614	29760	45.000788479993	5
614	32450	48.000563119992	5
614	33126	48.000882079992	5
614	33162	48.000902559991	5
614	33710	51.000426959997	5
614	34420	51.000767999994	5
614	34456	51.000788479993	5
614	35004	54.000426959997	5
614	35714	54.000767999994	5
614	35750	54.000788479993	5
614	36298	57.000426959997	5
614	37008	57.000767999994	5
614	37044	57.000788479993	5
614	330442	60.00059999999	5
614	334015	60.001362879964	5
614	334143	60.001381119962	5
614	3023510	63.000531039986	5
614	3027156	63.001307279962	5
614	3027399	63.00132551996	5
614	5716101	66.000531039986	5
614	5719747	66.001307279962	5
614	5719990	66.00132551996	5
614	8408846	69.000531039986	5
614	8413007	69.001296317753	5
614	8413061	69.001303037752	5
614	10879008	72.000556319991	5
614	10881574	72.001081679979	5
614	10881640	72.001088399978	5
614	13568999	75.000412239994	5
614	13571917	75.000992559985	5
614	13571979	75.000999279984	5
614	16259920	78.000412239994	5
614	16262838	78.000992559985	5
614	16262900	78.000999279984	5
614	18728233	81.000531039986	5
614	18731879	81.001307279962	5
614	18732122	81.00132551996	5
614	21422752	84.00059999999	5
614	21426325	84.001362879964	5
614	21426453	84.001381119962	5
614	24115846	87.000531039986	5
614	24119492	87.001307279962	5
614	24119735	87.00132551996	5
614	26587083	90.000531039986	5
614	26590706	90.001300559963	5
614	26590886	90.001318799961	5
614	29280697	93.000531039986	5
614	29284343	93.001307279962	5
614	29284586	93.00132551996	5
614	31975486	96.00059999999	5
614	31979059	96.001362879964	5
614	31979187	96.001381119962	5
614	34668774	99.000531039986	5
614	34671117	99.001081199972	5
614	34671163	99.001087919971	5
614	37078381	102.000531039986	5
614	37083305	102.001337519965	5
614	37083314	102.001344239964	5
614	39770441	105.000531039986	5
614	39775365	105.001337519965	5
614	39775374	105.001344239964	5
614	42463422	108.00059991999	5
614	42468215	108.001361999964	5
614	42468224	108.001368719963	5
614	44646251	111.000531039986	5
614	44649897	111.001307279962	5
614	44650140	111.00132551996	5
614	47339872	114.000531039986	5
614	47343518	114.001307279962	5
614	47343761	114.00132551996	5
614	50033493	117.000531039986	5
614	50037139	117.001307279962	5
614	50037382	117.00132551996	5
614	52219583	120.000652879983	5
614	52223802	120.001462157732	5
614	52223812	120.001468877731	5
614	54913481	123.000531039986	5
614	54917127	123.001307279962	5
614	54917370	123.00132551996	5
614	57607224	126.000531039986	5
614	57610870	126.001307279962	5
614	57611113	126.00132551996	5
614	60300970	129.000531039986	5
614	60304631	129.001313999961	5
614	60304858	129.001332239959	5
614	62773233	132.000647199992	5
614	62777475	132.001309359978	5
614	62777492	132.001316079977	5
614	65464381	135.000505599994	5
614	65467546	135.001136879977	5
614	65468021	135.001180319978	5
614	68155761	138.000505599994	5
614	68158926	138.001136879977	5
614	68159401	138.001180319978	5
614	70563347	141.000531039986	5
614	70566993	141.001307279962	5
614	70567236	141.00132551996	5
614	73258040	144.00059999999	5
614	73261613	144.001362879964	5
614	73261741	144.001381119962	5
614	75951178	147.000531039986	5
614	75954824	147.001307279962	5
614	75955067	147.00132551996	5
614	78422204	150.000615199984	5
614	78425575	150.001123839969	5
614	78425644	150.001130559968	5
614	81114505	153.000616159979	5
614	81118657	153.001408795511	5
614	81118709	153.00141551551	5
614	83807666	156.000678239982	5
614	83811537	156.001436719956	5
614	83811576	156.001443439955	5
614	86499314	159.000616159979	5
614	86503466	159.001408795511	5
614	86503518	159.00141551551	5
614	88968369	162.000531039986	5
614	88972015	162.001307279962	5
614	88972258	162.00132551996	5
614	91661430	165.000531039986	5
614	91665076	165.001307279962	5
614	91665319	165.00132551996	5
614	94355537	168.00059999999	5
614	94359015	168.001362879964	5
614	94359159	168.001381119962	5
614	96825110	171.000531039986	5
614	96828756	171.001307279962	5
614	96828999	171.00132551996	5
614	99518757	174.000531039986	5
614	99522403	174.001307279962	5
614	99522646	174.00132551996	5
614	102212404	177.000531039986	5
614	102216050	177.001307279962	5
614	102216293	177.00132551996	5
614	104683995	180.000506399993	5
614	104686222	180.001088559983	5
614	104686612	180.001147119977	5
614	107376596	183.000393999994	5
614	107378129	183.00080327999	5
614	107378462	183.000963919985	5
614	110069596	186.000393999994	5
614	110071129	186.00080327999	5
614	110071462	186.000963919985	5
614	112762596	189.000393999994	5
614	112764129	189.00080327999	5
614	112764462	189.000963919985	5
614	115233809	192.00059999999	5
614	115237382	192.001362879964	5
614	115237510	192.001381119962	5
614	117926999	195.000531039986	5
614	117930645	195.001307279962	5
614	117930888	195.00132551996	5
614	120620646	198.000531039986	5
614	120624292	198.001307279962	5
614	120624535	198.00132551996	5
614	123090655	201.000531039986	5
614	123094301	201.001307279962	5
614	123094544	201.00132551996	5
614	125785444	204.00059999999	5
614	125789017	204.001362879964	5
614	125789145	204.001381119962	5
614	128478730	207.000531039986	5
614	128482376	207.001307279962	5
614	128482619	207.00132551996	5
614	130949343	210.000531039986	5
614	130951686	210.001081199972	5
614	130951732	210.001087919971	5
614	133642224	213.000531039986	5
614	133645146	213.001293279965	5
614	133645215	213.001299999964	5
614	136335667	216.00059999999	5
614	136338871	216.001363519965	5
614	136339020	216.001393759962	5
614	139028450	219.000531039986	5
614	139031372	219.001293279965	5
614	139031441	219.001299999964	5
614	141497557	222.000531039986	5
614	141501203	222.001307279962	5
614	141501446	222.00132551996	5
614	144191082	225.000531039986	5
614	144194728	225.001307279962	5
614	144194971	225.00132551996	5
614	146885679	228.00059999999	5
614	146889252	228.001362879964	5
614	146889380	228.001381119962	5
614	149355622	231.000531039986	5
614	149359268	231.001307279962	5
614	149359511	231.00132551996	5
614	152049365	234.000531039986	5
614	152053011	234.001307279962	5
614	152053254	234.00132551996	5
614	154743108	237.000531039986	5
614	154746754	237.001307279962	5
614	154746997	237.00132551996	5
614	157215126	240.000618079984	5
614	157218372	240.001470559955	5
614	157218394	240.001477279954	5
614	159908523	243.000574239985	5
614	159912493	243.001369919956	5
614	159912631	243.001388159954	5
614	162601619	246.000531039986	5
614	162605265	246.001307279962	5
614	162605508	246.00132551996	5
614	165294776	249.000531039986	5
614	165298422	249.001307279962	5
614	165298665	249.00132551996	5
614	167765199	252.00059999999	5
614	167768772	252.001362879964	5
614	167768900	252.001381119962	5
614	170458389	255.000531039986	5
614	170462035	255.001307279962	5
614	170462278	255.00132551996	5
614	173152036	258.000531039986	5
614	173155682	258.001307279962	5
614	173155925	258.00132551996	5
614	175561924	261.000531039986	5
614	175565570	261.001307279962	5
614	175565813	261.00132551996	5
614	178256713	264.00059999999	5
614	178260286	264.001362879964	5
614	178260414	264.001381119962	5
614	180949999	267.000531039986	5
614	180953645	267.001307279962	5
614	180953888	267.00132551996	5
614	183646430	270.000615199984	5
614	183650529	270.001339839955	5
614	183650604	270.001346559954	5
614	186338389	273.000616159979	5
614	186342577	273.001415423569	5
614	186342652	273.001422143568	5
614	189031914	276.000678239982	5
614	189036153	276.00145015996	5
614	189036192	276.001456879959	5
614	191723956	279.000616159979	5
614	191728144	279.001415419354	5
614	191728219	279.001422139353	5
614	193907467	282.000531039986	5
614	193911113	282.001307279962	5
614	193911356	282.00132551996	5
614	196601210	285.000531039986	5
614	196604856	285.001307279962	5
614	196605099	285.00132551996	5
614	199295999	288.00059999999	5
614	199299572	288.001362879964	5
614	199299700	288.001381119962	5
614	201766099	291.000531039986	5
614	201769745	291.001307279962	5
614	201769988	291.00132551996	5
614	204459842	294.000531039986	5
614	204463488	294.001307279962	5
614	204463731	294.00132551996	5
614	207153585	297.000531039986	5
614	207157231	297.001307279962	5
614	207157474	297.00132551996	5
614	209566709	300.000678239982	5
614	209569804	300.001240959975	5
614	209569841	300.001247679974	5
