511	3801	3	2.6136292674502
511	4268	6	2.8821799462958
511	4735	9	1.9940831809225
511	5201	12	3.2576098727597
511	5669	15	2.5345511295864
511	6141	18	2.7820385362095
511	6608	21	2.6527849865112
511	7074	24	3.7014948688285
511	7541	27	3.1466064106111
511	8011	30	3.1134637001806
511	8480	33	3.9697911338561
511	8946	36	2.3694855714583
511	9417	39	3.360775785985
511	9885	42	3.2387649864239
511	10355	45	2.5243300289284
511	10822	48	2.5709227069471
511	11289	51	3.2964333565722
511	11756	54	2.3390366674146
511	12225	57	2.7561283880748
511	12695	60	2.7083745576182
511	13163	63	2.7545721357443
511	13629	66	3.2202907897343
511	14098	69	2.7811700619222
511	14565	72	2.1314191017214
511	15032	75	2.3236234845018
511	15500	78	2.8640137411208
511	15967	81	3.5175026552864
511	16432	84	3.2419299755024
511	16896	87	2.1685833036625
511	17370	90	3.2378075410982
511	18857	93	3.8752268890789
511	19327	96	2.3921334075155
511	19799	99	3.7093637114294
511	20266	102	3.4159651162518
511	20731	105	3.3032404634041
511	21195	108	3.193032864109
511	21665	111	3.2569446221864
511	22133	114	2.6041487178642
511	22601	117	3.5507771317678
511	23072	120	3.580179879262
511	24666	123	3.2710272094585
511	26756	126	3.6554482022302
511	27223	129	3.0851730659085
511	27688	132	3.9572447337616
511	28156	135	3.9657403017693
511	28623	138	3.0378195046334
511	29088	141	2.5540351303103
511	29558	144	3.7790417065584
511	30028	147	1.7547362996187
511	30493	150	3.1951613230867
511	30964	153	2.8315212699497
511	31434	156	3.1089876915597
511	31899	159	2.4523199935718
511	32366	162	3.2959830859939
511	32834	165	3.3961659484252
511	33301	168	3.1098326361399
511	33762	171	3.4113434605432
511	34230	174	3.3588535421446
511	34702	177	3.5681783454611
511	35173	180	2.662124979713
511	36722	183	3.3855417480765
